#
#
#  Percent Identity  Matrix - created by Clustal2.1 
#
#

     1: tr|A0A9D7ABV8|A0A9D7ABV8_UNCDE  100.00   63.90   63.78   63.78   59.22   51.31   59.09   59.42   52.75   52.75   54.05   54.97   54.72   56.35   37.83   37.70   39.47   40.46   39.60   36.18   39.14   39.14   38.82   37.50   38.49   37.83   33.98   41.75   41.25   41.45   41.45   38.49   40.79   39.80   40.46   41.12   41.45   42.11   42.11   42.43   41.78   41.45   41.78   41.78   41.78   44.41
     2: tr|A0A1M6MA08|A0A1M6MA08_9BACT   63.90  100.00   94.23   94.23   57.79   52.79   60.06   60.39   54.22   54.22   55.41   54.97   55.37   55.70   38.82   37.05   40.46   40.46   38.28   36.51   38.49   38.82   38.49   35.86   38.16   37.17   34.42   42.81   42.57   40.13   40.13   39.80   39.80   38.49   38.49   38.49   38.49   41.78   40.13   39.80   39.80   40.13   40.46   39.80   39.14   41.12
     3: tr|B8FF77|B8FF77_DESAL           63.78   94.23  100.00  100.00   58.31   52.30   59.93   60.26   55.05   55.05   55.41   54.64   54.72   54.72   38.82   38.03   39.80   40.13   37.95   37.17   38.16   38.49   38.16   35.86   38.49   38.16   34.20   42.81   42.57   40.79   40.79   39.47   40.46   39.14   39.14   39.14   39.14   41.78   41.12   40.79   40.79   41.12   41.45   40.13   40.13   41.12
     4: UPI0001892FC0                    63.78   94.23  100.00  100.00   58.31   52.30   59.93   60.26   55.05   55.05   55.41   54.64   54.72   54.72   38.82   38.03   39.80   40.13   37.95   37.17   38.16   38.49   38.16   35.86   38.49   38.16   34.20   42.81   42.57   40.79   40.79   39.47   40.46   39.14   39.14   39.14   39.14   41.78   41.12   40.79   40.79   41.12   41.45   40.13   40.13   41.12
     5: tr|A0A355W6X8|A0A355W6X8_9BACT   59.22   57.79   58.31   58.31  100.00   53.09   61.36   61.36   58.39   58.39   60.81   52.65   53.42   53.09   38.03   37.58   39.47   40.33   40.46   38.03   37.05   37.70   37.05   39.02   40.33   39.67   36.77   43.01   42.76   41.31   41.31   40.00   41.31   41.31   40.66   41.31   41.31   41.31   40.98   41.64   40.33   39.67   39.67   41.64   42.95   42.95
     6: tr|A0A355W852|A0A355W852_9BACT   51.31   52.79   52.30   52.30   53.09  100.00   56.07   55.74   57.99   57.99   61.69   52.77   54.58   54.90   39.47   38.36   43.42   44.08   43.23   39.14   39.80   40.46   39.80   38.82   42.76   42.76   39.81   43.36   43.75   42.76   42.76   42.76   43.42   44.08   44.08   44.74   44.41   46.38   45.39   46.38   43.42   43.75   43.42   44.74   40.79   44.41
     7: tr|A0A2G9XLB3|A0A2G9XLB3_9BACT   59.09   60.06   59.93   59.93   61.36   56.07  100.00   99.68   59.09   59.09   61.49   55.63   54.72   56.68   35.53   36.07   42.11   44.08   38.94   37.83   38.82   39.47   39.14   36.84   39.47   38.82   38.64   44.21   43.56   39.80   39.80   40.13   40.46   41.45   41.12   41.45   42.11   41.78   40.79   40.79   39.14   39.14   39.14   40.79   40.46   40.46
     8: tr|A0A2M8GG25|A0A2M8GG25_9BACT   59.42   60.39   60.26   60.26   61.36   55.74   99.68  100.00   59.42   59.42   61.82   55.96   55.05   57.00   35.53   36.07   42.11   44.08   38.94   37.83   38.82   39.47   39.14   36.84   39.47   38.82   38.64   44.21   43.56   39.80   39.80   40.13   40.46   41.45   41.12   41.45   42.11   41.78   40.79   40.79   39.14   39.14   39.14   40.79   40.46   40.46
     9: tr|A0A085L6N2|A0A085L6N2_9FIRM   52.75   54.22   55.05   55.05   58.39   57.99   59.09   59.42  100.00  100.00   90.33   61.84   57.28   60.19   40.79   39.67   44.41   45.72   44.22   39.80   42.43   42.76   42.43   41.45   40.46   41.12   40.78   44.91   45.21   42.43   42.43   44.08   43.75   45.07   45.07   45.72   45.39   46.38   44.74   44.08   47.04   46.05   46.05   44.08   42.43   43.75
    10: tr|A0A356UKR6|A0A356UKR6_9FIRM   52.75   54.22   55.05   55.05   58.39   57.99   59.09   59.42  100.00  100.00   90.33   61.84   57.28   60.19   40.79   39.67   44.41   45.72   44.22   39.80   42.43   42.76   42.43   41.45   40.46   41.12   40.78   44.91   45.21   42.43   42.43   44.08   43.75   45.07   45.07   45.72   45.39   46.38   44.74   44.08   47.04   46.05   46.05   44.08   42.43   43.75
    11: tr|A0A3B9SW67|A0A3B9SW67_9FIRM   54.05   55.41   55.41   55.41   60.81   61.69   61.49   61.82   90.33   90.33  100.00   65.08   61.41   62.75   40.88   41.55   45.27   46.96   44.59   40.54   45.27   45.61   44.59   42.23   42.91   43.58   43.24   44.91   45.76   42.23   42.23   43.58   44.59   44.93   45.27   45.95   45.61   47.64   46.96   46.28   47.97   46.96   46.96   44.26   43.58   45.61
    12: tr|A0A3A4P2N3|A0A3A4P2N3_UNCAC   54.97   54.97   54.64   54.64   52.65   52.77   55.63   55.96   61.84   61.84   65.08  100.00   69.41   73.36   37.50   40.00   40.79   42.11   40.59   36.18   40.13   40.46   39.47   36.84   39.14   38.49   38.36   39.51   39.47   40.79   40.79   42.43   41.78   41.12   40.46   40.79   40.79   43.42   44.41   44.08   44.74   44.08   44.08   42.76   43.09   43.09
    13: tr|A0A7C3SY34|A0A7C3SY34_UNCAC   54.72   55.37   54.72   54.72   53.42   54.58   54.72   55.05   57.28   57.28   61.41   69.41  100.00   77.67   38.16   39.02   45.39   43.75   41.25   37.50   39.14   40.13   39.14   39.47   41.78   40.79   39.74   44.56   43.56   41.78   41.78   41.45   40.79   41.78   41.78   42.11   42.11   44.41   45.72   45.72   45.72   46.38   46.05   43.75   41.45   45.72
    14: tr|A0A7C3T2M0|A0A7C3T2M0_UNCAC   56.35   55.70   54.72   54.72   53.09   54.90   56.68   57.00   60.19   60.19   62.75   73.36   77.67  100.00   36.84   39.02   43.42   43.75   39.93   38.16   39.80   40.13   39.14   36.84   39.80   38.82   38.11   42.81   42.24   39.80   39.80   40.79   37.17   38.49   38.16   38.49   38.49   42.43   42.76   42.76   43.42   43.75   43.75   41.78   41.78   44.74
    15: tr|A0A1V1P940|A0A1V1P940_9BACT   37.83   38.82   38.82   38.82   38.03   39.47   35.53   35.53   40.79   40.79   40.88   37.50   38.16   36.84  100.00   49.84   48.05   46.60   48.38   53.04   49.84   49.52   49.52   50.80   51.44   49.84   48.24   49.66   50.65   53.99   53.99   54.95   52.40   51.76   50.80   50.80   50.80   51.44   52.40   51.76   53.35   54.31   54.31   53.99   51.12   54.31
    16: tr|A9J4J6|A9J4J6_9RHOO           37.70   37.05   38.03   38.03   37.58   38.36   36.07   36.07   39.67   39.67   41.55   40.00   39.02   39.02   49.84  100.00   47.44   51.92   44.23   47.48   52.47   52.47   52.47   50.94   50.94   50.31   48.31   51.36   51.60   51.88   51.88   53.09   52.16   53.40   54.63   54.63   54.63   54.32   57.68   57.68   53.75   54.06   53.75   53.25   50.62   54.52
    17: tr|A0A3A4P2K6|A0A3A4P2K6_UNCAC   39.47   40.46   39.80   39.80   39.47   43.42   42.11   42.11   44.41   44.41   45.27   40.79   45.39   43.42   48.05   47.44  100.00   77.81   52.09   49.04   53.21   54.17   53.21   51.60   53.53   52.56   53.21   56.31   56.91   51.28   51.28   51.92   50.00   51.28   50.64   50.32   50.32   53.85   51.60   51.28   52.88   51.92   51.92   51.28   50.64   51.60
    18: tr|A0A7C3SW60|A0A7C3SW60_UNCAC   40.46   40.46   40.13   40.13   40.33   44.08   44.08   44.08   45.72   45.72   46.96   42.11   43.75   43.75   46.60   51.92   77.81  100.00   50.48   49.68   53.53   54.81   54.17   53.21   54.17   53.21   53.85   56.31   57.88   52.88   52.88   53.53   52.24   53.21   52.56   52.88   52.88   57.69   55.45   54.49   56.09   55.45   55.45   54.17   53.21   55.45
    19: tr|A0A0F2NKD1|A0A0F2NKD1_9FIRM   39.60   38.28   37.95   37.95   40.46   43.23   38.94   38.94   44.22   44.22   44.59   40.59   41.25   39.93   48.38   44.23   52.09   50.48  100.00   51.28   53.21   53.53   52.88   51.92   52.88   51.92   54.17   52.72   53.05   58.01   58.01   54.49   52.88   53.85   55.13   55.13   55.13   54.81   49.36   49.68   50.96   50.00   50.00   53.85   54.17   53.85
    20: tr|A0A5K7YEP3|A0A5K7YEP3_9BACT   36.18   36.51   37.17   37.17   38.03   39.14   37.83   37.83   39.80   39.80   40.54   36.18   37.50   38.16   53.04   47.48   49.04   49.68   51.28  100.00   60.38   60.38   59.75   60.06   62.26   61.95   59.12   55.10   55.45   57.86   57.86   54.72   52.83   52.52   52.20   51.89   51.89   55.97   51.89   51.89   53.14   52.83   52.83   52.83   52.83   54.72
    21: tr|A0A4P8L4V6|A0A4P8L4V6_9BACT   39.14   38.49   38.16   38.16   37.05   39.80   38.82   38.82   42.43   42.43   45.27   40.13   39.14   39.80   49.84   52.47   53.21   53.53   53.21   60.38  100.00   97.53   96.30   60.06   62.19   61.56   59.57   55.44   55.77   58.12   58.12   55.56   54.01   52.78   54.63   54.32   54.01   57.10   55.80   53.92   54.69   52.50   52.50   55.42   52.78   56.39
    22: tr|A0A4P8L569|A0A4P8L569_9BACT   39.14   38.82   38.49   38.49   37.70   40.46   39.47   39.47   42.76   42.76   45.61   40.46   40.13   40.13   49.52   52.47   54.17   54.81   53.53   60.38   97.53  100.00   98.15   60.38   62.50   61.87   59.88   54.42   55.13   57.81   57.81   55.56   54.32   53.70   55.25   54.94   54.94   57.41   56.11   54.23   55.00   53.44   53.44   55.42   53.40   57.32
    23: tr|A0A4P8L5F0|A0A4P8L5F0_9BACT   38.82   38.49   38.16   38.16   37.05   39.80   39.14   39.14   42.43   42.43   44.59   39.47   39.14   39.14   49.52   52.47   53.21   54.17   52.88   59.75   96.30   98.15  100.00   60.38   62.19   61.56   59.26   54.76   55.13   56.88   56.88   55.56   54.63   53.70   55.56   55.25   54.94   56.48   56.11   54.55   55.00   53.44   53.44   55.73   52.47   56.39
    24: tr|A0A355W707|A0A355W707_9BACT   37.50   35.86   35.86   35.86   39.02   38.82   36.84   36.84   41.45   41.45   42.23   36.84   39.47   36.84   50.80   50.94   51.60   53.21   51.92   60.06   60.06   60.38   60.38  100.00   64.47   64.15   62.58   55.44   55.13   57.86   57.86   57.86   58.18   56.92   56.60   55.97   55.97   58.81   54.40   53.77   56.29   55.66   55.35   58.49   57.23   57.86
    25: tr|A0A2G9ZXP5|A0A2G9ZXP5_9BACT   38.49   38.16   38.49   38.49   40.33   42.76   39.47   39.47   40.46   40.46   42.91   39.14   41.78   39.80   51.44   50.94   53.53   54.17   52.88   62.26   62.19   62.50   62.19   64.47  100.00   91.88   79.06   53.40   53.85   57.19   57.19   56.88   57.81   56.88   57.81   57.81   57.81   60.00   58.93   59.25   59.38   58.75   58.44   57.50   57.50   60.31
    26: tr|A0A3A4TA76|A0A3A4TA76_9BACT   37.83   37.17   38.16   38.16   39.67   42.76   38.82   38.82   41.12   41.12   43.58   38.49   40.79   38.82   49.84   50.31   52.56   53.21   51.92   61.95   61.56   61.87   61.56   64.15   91.88  100.00   79.06   53.06   53.53   55.31   55.31   55.31   56.88   55.62   56.88   56.25   56.25   60.00   57.37   57.99   58.12   57.50   56.88   57.19   55.31   59.69
    27: tr|A0A934E610|A0A934E610_UNCDE   33.98   34.42   34.20   34.20   36.77   39.81   38.64   38.64   40.78   40.78   43.24   38.36   39.74   38.11   48.24   48.31   53.21   53.85   54.17   59.12   59.57   59.88   59.26   62.58   79.06   79.06  100.00   52.38   52.88   54.06   54.06   53.85   53.47   54.57   54.57   53.17   53.17   56.00   56.11   55.80   57.81   56.88   56.56   55.42   55.02   55.76
    28: tr|A0A085L6N1|A0A085L6N1_9FIRM   41.75   42.81   42.81   42.81   43.01   43.36   44.21   44.21   44.91   44.91   44.91   39.51   44.56   42.81   49.66   51.36   56.31   56.31   52.72   55.10   55.44   54.42   54.76   55.44   53.40   53.06   52.38  100.00  100.00   60.20   60.20   52.38   51.70   50.68   50.00   50.00   50.00   54.42   52.72   52.04   55.10   53.74   53.74   56.12   50.00   52.38
    29: tr|A0A356UIZ0|A0A356UIZ0_9FIRM   41.25   42.57   42.57   42.57   42.76   43.75   43.56   43.56   45.21   45.21   45.76   39.47   43.56   42.24   50.65   51.60   56.91   57.88   53.05   55.45   55.77   55.13   55.13   55.13   53.85   53.53   52.88  100.00  100.00   60.26   60.26   52.88   51.60   50.64   50.00   50.00   50.00   54.81   52.88   52.24   55.45   54.17   54.17   55.45   50.96   52.24
    30: tr|A0A2G9XL95|A0A2G9XL95_9BACT   41.45   40.13   40.79   40.79   41.31   42.76   39.80   39.80   42.43   42.43   42.23   40.79   41.78   39.80   53.99   51.88   51.28   52.88   58.01   57.86   58.12   57.81   56.88   57.86   57.19   55.31   54.06   60.20   60.26  100.00  100.00   57.19   58.12   57.50   56.56   56.25   56.25   60.62   55.49   54.86   56.88   55.62   55.31   57.19   56.56   58.44
    31: tr|A0A2M8GGJ4|A0A2M8GGJ4_9BACT   41.45   40.13   40.79   40.79   41.31   42.76   39.80   39.80   42.43   42.43   42.23   40.79   41.78   39.80   53.99   51.88   51.28   52.88   58.01   57.86   58.12   57.81   56.88   57.86   57.19   55.31   54.06   60.20   60.26  100.00  100.00   57.19   58.12   57.50   56.56   56.25   56.25   60.62   55.49   54.86   56.88   55.62   55.31   57.19   56.56   58.44
    32: tr|A0A7C1CGD6|A0A7C1CGD6_UNCDE   38.49   39.80   39.47   39.47   40.00   42.76   40.13   40.13   44.08   44.08   43.58   42.43   41.45   40.79   54.95   53.09   51.92   53.53   54.49   54.72   55.56   55.56   55.56   57.86   56.88   55.31   53.85   52.38   52.88   57.19   57.19  100.00   62.15   61.54   62.46   62.77   62.77   60.00   63.32   61.13   62.50   60.31   60.31   62.23   59.38   63.24
    33: tr|A0A2N2HX87|A0A2N2HX87_9DELT   40.79   39.80   40.46   40.46   41.31   43.42   40.46   40.46   43.75   43.75   44.59   41.78   40.79   37.17   52.40   52.16   50.00   52.24   52.88   52.83   54.01   54.32   54.63   58.18   57.81   56.88   53.47   51.70   51.60   58.12   58.12   62.15  100.00   86.28   86.59   85.88   86.18   62.15   61.13   60.50   60.00   58.44   58.44   60.68   58.05   61.68
    34: tr|A0A091FJD0|A0A091FJD0_9BACT   39.80   38.49   39.14   39.14   41.31   44.08   41.45   41.45   45.07   45.07   44.93   41.12   41.78   38.49   51.76   53.40   51.28   53.21   53.85   52.52   52.78   53.70   53.70   56.92   56.88   55.62   54.57   50.68   50.64   57.50   57.50   61.54   86.28  100.00   92.68   92.07   91.77   62.46   61.44   59.87   60.94   59.69   59.69   58.51   57.01   59.19
    35: tr|A0A0N8W916|A0A0N8W916_9BACT   40.46   38.49   39.14   39.14   40.66   44.08   41.12   41.12   45.07   45.07   45.27   40.46   41.78   38.16   50.80   54.63   50.64   52.56   55.13   52.20   54.63   55.25   55.56   56.60   57.81   56.88   54.57   50.00   50.00   56.56   56.56   62.46   86.59   92.68  100.00   96.04   95.73   64.31   61.13   60.19   60.31   59.38   59.38   58.82   57.62   60.12
    36: tr|A0A0W8FUW9|A0A0W8FUW9_9ZZZZ   41.12   38.49   39.14   39.14   41.31   44.74   41.45   41.45   45.72   45.72   45.95   40.79   42.11   38.49   50.80   54.63   50.32   52.88   55.13   51.89   54.32   54.94   55.25   55.97   57.81   56.25   53.17   50.00   50.00   56.25   56.25   62.77   85.88   92.07   96.04  100.00   99.12   63.08   61.13   60.19   60.00   59.06   59.06   59.13   57.45   60.12
    37: tr|A0A354C756|A0A354C756_UNCSY   41.45   38.49   39.14   39.14   41.31   44.41   42.11   42.11   45.39   45.39   45.61   40.79   42.11   38.49   50.80   54.63   50.32   52.88   55.13   51.89   54.01   54.94   54.94   55.97   57.81   56.25   53.17   50.00   50.00   56.25   56.25   62.77   86.18   91.77   95.73   99.12  100.00   63.08   61.13   60.19   60.00   59.06   59.06   59.13   57.45   60.12
    38: tr|A0A937QJG6|A0A937QJG6_9BACT   42.11   41.78   41.78   41.78   41.31   46.38   41.78   41.78   46.38   46.38   47.64   43.42   44.41   42.43   51.44   54.32   53.85   57.69   54.81   55.97   57.10   57.41   56.48   58.81   60.00   60.00   56.00   54.42   54.81   60.62   60.62   60.00   62.15   62.46   64.31   63.08   63.08  100.00   63.64   63.95   64.69   65.00   64.38   65.02   63.69   65.42
    39: tr|A0A1M6M9G3|A0A1M6M9G3_9BACT   42.11   40.13   41.12   41.12   40.98   45.39   40.79   40.79   44.74   44.74   46.96   44.41   45.72   42.76   52.40   57.68   51.60   55.45   49.36   51.89   55.80   56.11   56.11   54.40   58.93   57.37   56.11   52.72   52.88   55.49   55.49   63.32   61.13   61.44   61.13   61.13   61.13   63.64  100.00   94.98   78.37   78.37   78.37   65.52   61.13   62.07
    40: tr|B8FF78|B8FF78_DESAL           42.43   39.80   40.79   40.79   41.64   46.38   40.79   40.79   44.08   44.08   46.28   44.08   45.72   42.76   51.76   57.68   51.28   54.49   49.68   51.89   53.92   54.23   54.55   53.77   59.25   57.99   55.80   52.04   52.24   54.86   54.86   61.13   60.50   59.87   60.19   60.19   60.19   63.95   94.98  100.00   79.62   80.25   79.62   65.52   60.82   61.13
    41: tr|A0A1M6CW59|A0A1M6CW59_9BACT   41.78   39.80   40.79   40.79   40.33   43.42   39.14   39.14   47.04   47.04   47.97   44.74   45.72   43.42   53.35   53.75   52.88   56.09   50.96   53.14   54.69   55.00   55.00   56.29   59.38   58.12   57.81   55.10   55.45   56.88   56.88   62.50   60.00   60.94   60.31   60.00   60.00   64.69   78.37   79.62  100.00   94.69   94.38   64.69   60.94   62.19
    42: tr|B8FEM1|B8FEM1_DESAL           41.45   40.13   41.12   41.12   39.67   43.75   39.14   39.14   46.05   46.05   46.96   44.08   46.38   43.75   54.31   54.06   51.92   55.45   50.00   52.83   52.50   53.44   53.44   55.66   58.75   57.50   56.88   53.74   54.17   55.62   55.62   60.31   58.44   59.69   59.38   59.06   59.06   65.00   78.37   80.25   94.69  100.00   99.06   63.44   60.31   60.94
    43: UPI00041A709C                    41.78   40.46   41.45   41.45   39.67   43.42   39.14   39.14   46.05   46.05   46.96   44.08   46.05   43.75   54.31   53.75   51.92   55.45   50.00   52.83   52.50   53.44   53.44   55.35   58.44   56.88   56.56   53.74   54.17   55.31   55.31   60.31   58.44   59.69   59.38   59.06   59.06   64.38   78.37   79.62   94.38   99.06  100.00   63.44   60.00   60.31
    44: tr|A0A9D7A917|A0A9D7A917_UNCDE   41.78   39.80   40.13   40.13   41.64   44.74   40.79   40.79   44.08   44.08   44.26   42.76   43.75   41.78   53.99   53.25   51.28   54.17   53.85   52.83   55.42   55.42   55.73   58.49   57.50   57.19   55.42   56.12   55.45   57.19   57.19   62.23   60.68   58.51   58.82   59.13   59.13   65.02   65.52   65.52   64.69   63.44   63.44  100.00   62.85   65.73
    45: tr|A0A923CT98|A0A923CT98_9BACT   41.78   39.14   40.13   40.13   42.95   40.79   40.46   40.46   42.43   42.43   43.58   43.09   41.45   41.78   51.12   50.62   50.64   53.21   54.17   52.83   52.78   53.40   52.47   57.23   57.50   55.31   55.02   50.00   50.96   56.56   56.56   59.38   58.05   57.01   57.62   57.45   57.45   63.69   61.13   60.82   60.94   60.31   60.00   62.85  100.00   66.04
    46: tr|A0A3A4PVG5|A0A3A4PVG5_9BACT   44.41   41.12   41.12   41.12   42.95   44.41   40.46   40.46   43.75   43.75   45.61   43.09   45.72   44.74   54.31   54.52   51.60   55.45   53.85   54.72   56.39   57.32   56.39   57.86   60.31   59.69   55.76   52.38   52.24   58.44   58.44   63.24   61.68   59.19   60.12   60.12   60.12   65.42   62.07   61.13   62.19   60.94   60.31   65.73   66.04  100.00
