#
#
#  Percent Identity  Matrix - created by Clustal2.1 
#
#

     1: ZP_07047594|Comamonas_testostero  100.00   96.26   36.45   34.23   36.01   34.84   33.23   36.68   35.05   34.73   36.54   35.58   37.50   36.22   33.65   35.26   36.54   34.62   34.62   39.87   38.59   41.48   41.80   43.09   43.14   41.29   43.13   45.34   41.80   42.44   40.19   41.80   45.66   42.63   41.16   39.55   39.03   39.60   38.91   41.80   40.38   40.71   40.06   37.62   40.84   42.12   42.12   43.73   43.73   43.41   43.09   45.34   45.66   44.69   40.06   37.94   42.77   42.77   43.48   39.87   40.19   42.44   41.16   40.65   43.73   44.05   43.73   42.90   43.73   43.41   43.73   43.09   41.16   42.77   44.05   41.48   39.87   41.28   41.99   41.80   41.16   41.48   40.19   40.51   40.19   40.51   41.16   43.41   41.48   44.05   41.80   42.44   43.41   43.73   43.41   43.73   43.41   43.09   42.77   42.44   42.77   43.09   43.09   42.58   40.00   38.78   40.06   43.81   44.19   43.09   44.41   42.12   45.72   43.73   43.73   43.49   42.12   43.09   45.72   45.07   45.07   46.05   44.23   44.23   44.41   45.39   44.74   45.54   43.09   42.76   45.07
     2: Q9S157|Comamonas_testosteroni_TA   96.26  100.00   37.10   34.90   36.98   35.16   33.23   37.62   35.37   35.05   36.54   35.58   37.82   36.54   33.65   35.90   37.18   35.26   35.26   40.20   38.91   41.80   42.12   43.73   42.48   41.29   43.45   45.66   41.80   43.41   40.51   42.44   46.30   43.27   40.51   40.51   39.68   40.26   39.55   42.12   40.71   41.35   40.71   38.26   41.80   42.12   41.48   43.41   44.05   43.73   43.41   45.66   45.66   44.37   40.38   38.59   43.41   43.09   43.14   40.51   40.51   42.77   41.16   40.65   43.09   43.41   43.09   42.90   43.41   43.09   43.41   42.77   40.19   42.77   44.05   40.84   40.51   41.28   41.99   41.48   40.51   40.84   40.51   40.84   39.87   40.51   41.16   43.41   41.16   45.02   42.77   43.41   43.41   44.05   43.73   44.05   43.73   43.09   42.77   42.44   42.77   43.09   43.09   42.26   39.68   38.78   39.74   44.13   43.87   43.09   44.74   42.12   45.72   43.73   43.73   43.49   42.12   43.09   46.05   45.72   45.39   45.72   43.91   43.91   44.41   45.72   45.07   45.86   44.08   43.09   45.39
     3: WP_007609504|Bradyrhizobium_sp_W   36.45   37.10  100.00   57.43   55.87   38.39   37.10   46.47   46.67   47.44   43.09   43.99   46.15   46.15   45.69   44.41   43.13   43.77   44.09   40.00   40.32   42.86   45.69   46.65   41.23   42.72   40.13   39.49   42.12   43.49   41.16   41.48   40.51   39.23   43.81   41.42   40.91   45.36   41.35   42.49   44.59   43.41   43.73   41.48   41.48   41.16   42.12   45.19   40.95   41.59   41.90   44.41   42.31   43.41   45.51   41.40   44.09   42.12   42.81   42.77   43.41   41.16   42.44   42.12   45.19   43.81   44.13   45.98   44.44   43.81   44.44   43.81   42.22   45.37   44.13   40.89   42.49   43.33   42.54   39.42   39.74   40.06   40.00   45.05   40.32   40.63   42.95   41.03   41.35   41.27   39.42   39.74   40.06   40.38   40.71   40.71   40.71   41.03   41.03   41.67   41.03   41.35   41.35   38.54   38.59   38.54   40.13   40.95   43.23   42.22   41.78   40.19   40.79   40.51   40.19   39.87   38.78   40.98   40.91   38.69   37.91   40.13   43.09   43.09   41.64   43.28   42.62   42.44   41.64   41.31   42.30
     4: WP_009687448|Burkholderia_sp_TJI   34.23   34.90   57.43  100.00   75.58   36.24   36.91   47.00   47.52   46.33   45.82   41.91   44.82   44.15   43.33   45.00   43.33   43.00   44.67   38.54   39.60   42.24   46.51   46.84   41.89   40.40   40.07   41.39   41.81   41.58   42.47   42.81   39.80   38.46   42.57   38.38   37.84   43.10   42.00   39.87   40.73   40.13   40.80   41.14   40.80   39.80   41.14   44.00   43.23   42.57   43.23   42.19   41.67   42.14   45.33   42.72   45.18   42.47   41.10   42.81   46.82   42.81   43.81   42.47   46.33   44.55   44.22   47.16   44.88   45.21   43.23   43.23   45.54   44.85   45.54   43.85   46.18   44.90   44.88   44.33   44.33   45.00   43.56   46.18   44.22   43.89   44.67   43.67   44.00   43.23   41.67   42.00   40.33   41.67   42.33   42.00   42.33   39.67   40.67   41.00   40.67   41.00   41.00   36.42   40.13   36.42   36.09   39.27   41.95   41.25   41.10   40.80   41.78   40.47   40.13   39.80   39.00   37.88   39.53   41.64   38.10   38.36   41.47   41.47   40.27   41.30   39.93   39.13   40.61   39.93   40.27
     5: ZP_06845445|Burkholderia_sp_Ch1-   36.01   36.98   55.87   75.58  100.00   37.94   36.66   45.69   44.94   44.09   45.51   41.77   45.51   43.59   41.85   42.49   42.49   42.17   41.21   38.87   38.61   44.30   45.22   47.13   41.42   41.94   40.32   41.27   40.06   41.14   41.35   40.38   41.03   38.14   40.82   40.32   39.48   41.58   40.89   39.49   42.22   42.63   41.03   45.19   43.27   42.31   42.31   45.05   42.72   42.72   43.04   42.36   42.81   43.27   45.05   41.59   43.95   42.63   39.67   42.63   44.23   42.95   43.91   44.23   48.88   46.52   46.84   46.47   45.57   44.94   44.62   44.94   45.89   46.82   46.52   43.31   43.95   42.86   44.62   42.49   42.49   41.85   44.30   45.22   43.67   44.30   43.77   44.73   45.37   43.35   42.49   42.49   40.89   41.21   40.26   39.94   40.26   38.66   39.62   39.94   39.62   39.94   39.94   40.00   42.95   37.14   36.83   41.46   41.80   40.82   40.98   39.42   39.67   39.10   38.78   38.46   37.70   38.24   38.83   42.16   39.74   40.66   40.38   40.38   39.22   40.20   38.56   39.74   41.50   38.89   40.20
     6: YP_003609206|Burkholderia_sp_CCG   34.84   35.16   38.39   36.24   37.94  100.00   71.06   32.48   36.33   33.44   35.69   34.08   36.98   35.05   34.41   35.05   35.37   34.08   35.69   35.33   44.05   45.02   45.34   45.98   42.81   45.63   42.12   41.16   46.95   41.48   43.73   42.77   44.69   42.44   37.62   37.86   36.36   37.09   37.62   38.26   40.19   39.55   37.30   41.48   42.44   43.09   43.41   40.51   38.91   38.26   38.26   40.84   40.19   40.84   38.91   37.62   39.55   37.94   36.45   37.30   37.62   36.33   37.30   38.71   42.12   37.94   37.62   40.65   38.91   38.26   39.87   39.23   39.55   40.84   40.51   36.66   41.16   38.59   36.66   37.30   38.91   39.23   40.19   39.55   40.19   40.84   39.55   38.91   37.94   39.87   37.62   37.94   35.05   37.30   37.30   36.98   36.98   35.69   36.01   36.66   36.01   36.33   36.33   39.03   40.32   41.48   42.12   39.87   40.32   41.16   40.79   41.48   43.42   42.44   42.77   42.44   40.51   40.79   40.46   41.45   42.43   42.43   40.84   40.84   44.08   43.09   43.42   43.41   41.78   41.12   41.12
     7: WP_019521482|Streptomyces_sp_Fxa   33.23   33.23   37.10   36.91   36.66   71.06  100.00   33.12   36.01   34.73   36.33   35.37   36.98   33.76   35.05   35.05   35.37   35.37   36.33   35.33   47.27   46.95   47.27   50.48   44.44   48.22   45.34   45.34   45.98   45.02   47.91   45.34   48.23   45.98   40.84   40.78   38.31   37.42   36.98   39.23   41.16   40.84   38.59   42.44   45.02   40.19   46.95   43.41   41.16   40.84   40.84   43.41   41.16   40.19   39.55   36.01   39.23   36.98   37.79   37.62   37.94   37.94   37.94   41.29   44.05   43.73   41.80   44.52   43.09   42.77   43.41   43.09   42.77   44.37   45.02   36.98   39.87   37.92   36.98   37.62   37.30   38.26   39.87   38.59   38.91   39.23   40.19   36.66   38.26   39.23   37.94   38.26   35.69   37.30   37.62   37.30   37.30   36.98   37.30   37.94   37.62   37.62   37.62   41.94   43.23   42.77   44.05   42.12   44.84   43.41   42.11   42.44   43.09   42.77   43.09   42.77   43.09   41.45   42.76   43.09   44.08   44.41   43.09   43.09   43.42   42.11   43.42   43.09   42.43   43.75   42.11
     8: WP_008070366|Novosphingobium_nit   36.68   37.62   46.47   47.00   45.69   32.48   33.12  100.00   56.23   55.91   56.23   60.13   59.37   58.73   57.91   59.18   58.23   58.86   58.23   41.86   44.41   44.41   45.37   46.96   44.34   40.97   41.59   46.01   43.91   44.09   44.23   44.87   42.95   43.13   42.17   40.65   38.19   43.56   43.77   43.13   47.92   48.72   47.44   38.78   41.35   42.31   41.99   46.01   45.37   45.05   46.01   44.27   44.90   44.09   43.63   41.53   43.77   44.87   49.67   45.83   43.59   45.51   47.44   42.17   44.73   41.21   42.49   44.73   47.60   47.28   45.69   45.69   42.17   45.69   46.96   41.21   41.53   41.00   39.17   40.89   41.21   42.81   42.49   44.09   42.49   42.49   43.77   43.45   44.41   42.81   44.41   44.73   43.77   45.05   42.81   42.81   42.49   41.85   42.49   42.49   42.49   42.81   42.81   43.91   42.95   40.13   41.40   44.16   46.30   45.37   42.95   43.27   45.25   42.95   42.63   42.09   37.70   38.89   46.08   43.14   43.14   41.97   42.81   42.81   43.79   44.12   45.10   42.22   43.46   44.44   44.44
     9: NP_929466|Photorhabdus_luminesce   35.05   35.37   46.67   47.52   44.94   36.33   36.01   56.23  100.00   87.22   60.58   58.68   59.94   60.26   58.79   58.79   57.19   55.91   57.19   38.21   46.06   46.69   46.82   45.86   45.63   43.23   38.73   39.68   42.31   40.82   41.03   42.31   40.06   41.03   36.39   40.32   39.16   41.25   41.53   40.76   43.49   42.63   43.59   39.74   41.67   41.03   40.38   43.77   44.16   44.48   45.43   42.99   44.09   43.59   44.41   40.00   42.99   43.27   45.00   43.59   44.87   44.87   46.15   43.27   47.60   43.85   45.74   44.55   46.52   46.20   46.52   47.78   46.69   46.18   45.74   42.68   44.27   40.53   40.38   42.49   41.85   42.81   42.59   44.27   44.30   45.25   44.41   44.73   44.09   44.48   42.81   42.81   41.85   42.49   40.58   40.89   40.89   40.58   41.21   41.53   41.21   41.53   41.53   40.51   41.03   42.54   42.22   45.25   45.98   41.96   45.90   44.23   43.28   42.95   42.63   42.31   42.81   42.81   43.87   42.48   43.32   40.00   41.67   41.67   40.52   41.83   41.50   41.99   42.48   41.50   41.50
    10: YP_003041189|Photorhabdus_asymbi   34.73   35.05   47.44   46.33   44.09   33.44   34.73   55.91   87.22  100.00   59.94   58.79   59.29   59.94   58.79   57.51   56.55   55.27   55.91   39.20   43.77   44.41   44.73   43.77   45.45   42.58   39.30   39.94   41.35   40.26   39.42   40.38   39.42   40.38   36.74   38.71   38.51   41.25   39.94   39.94   43.13   42.63   42.63   40.06   40.71   40.38   40.71   44.41   42.49   43.45   43.77   42.17   42.81   44.55   43.45   38.98   42.99   42.81   44.00   44.23   43.27   45.51   45.83   44.23   48.56   44.73   46.65   44.23   47.92   47.92   47.92   49.20   46.01   46.96   46.65   42.49   44.73   41.33   40.58   41.21   40.58   41.53   41.85   44.73   45.37   45.69   43.13   43.45   44.09   45.05   42.49   42.81   41.85   42.17   41.85   42.17   42.17   42.17   42.81   43.13   42.81   43.13   43.13   40.06   41.35   41.67   41.67   45.05   44.05   41.21   46.23   43.59   42.62   42.31   41.99   41.67   42.17   42.81   45.75   42.16   44.12   41.31   42.95   42.95   39.54   40.52   39.54   40.71   41.50   41.50   40.52
    11: WP_004648724|Acinetobacter_sp_AN   36.54   36.54   43.09   45.82   45.51   35.69   36.33   56.23   60.58   59.94  100.00   64.33   66.88   68.79   65.92   64.97   63.38   64.33   65.29   45.51   41.99   43.27   42.95   44.23   45.28   40.97   38.46   39.42   42.95   40.06   40.38   42.31   39.42   41.35   43.59   37.94   38.06   41.25   44.55   41.99   44.41   45.69   43.13   42.31   41.35   42.31   42.31   43.27   40.06   40.38   41.03   45.51   45.51   46.15   43.91   44.87   42.95   43.91   46.67   44.55   43.59   48.08   45.51   48.23   50.96   48.40   50.32   47.27   47.12   47.44   49.04   49.36   47.44   48.08   49.04   43.59   44.23   41.47   43.27   40.71   41.03   42.31   43.27   41.99   43.27   42.95   44.23   42.31   41.35   44.23   43.59   43.59   42.63   42.95   40.38   40.38   40.06   39.42   40.06   39.74   40.06   40.38   40.38   45.66   45.34   40.19   42.12   42.63   45.02   42.63   42.30   42.31   41.97   42.31   42.63   42.31   40.06   40.66   44.92   41.97   41.31   42.95   43.27   43.27   40.98   40.33   39.34   41.03   40.33   40.66   41.31
    12: WP_016657589|Acinetobacter_rudis   35.58   35.58   43.99   41.91   41.77   34.08   35.37   60.13   58.68   58.79   64.33  100.00   78.93   77.36   81.19   80.56   78.37   78.37   77.12   41.53   42.81   43.12   45.22   46.18   45.81   42.58   41.59   40.32   42.63   40.82   41.03   41.99   41.03   39.74   40.82   38.59   37.10   40.26   42.17   40.76   43.99   45.37   44.41   40.38   39.42   42.63   42.95   44.41   40.94   42.01   42.95   42.86   45.86   43.45   45.37   41.27   42.99   43.59   48.33   43.59   43.91   46.15   46.47   44.87   48.24   43.85   45.11   46.79   46.84   46.52   46.20   45.57   44.51   45.86   46.71   44.27   42.36   43.19   43.12   40.89   41.85   42.49   43.12   44.27   41.77   41.77   44.41   43.77   45.05   42.50   41.85   42.17   41.21   42.81   41.53   41.53   41.53   39.62   40.58   40.26   40.26   40.58   40.58   43.67   42.63   40.32   40.32   40.82   43.73   41.64   41.31   44.55   42.30   41.99   42.31   41.99   40.58   39.87   42.49   41.83   42.67   42.95   43.27   43.27   44.44   42.81   42.48   42.63   41.18   41.83   42.16
    13: WP_004900872|Acinetobacter_briso   37.50   37.82   46.15   44.82   45.51   36.98   36.98   59.37   59.94   59.29   66.88   78.93  100.00   82.39   78.62   79.56   80.19   79.25   76.73   42.86   42.95   43.91   46.15   45.19   46.43   42.90   41.35   41.03   41.99   42.63   42.31   42.95   41.99   41.35   42.95   39.87   37.42   41.58   42.95   41.67   44.41   44.73   43.77   38.46   38.78   40.38   41.99   43.27   41.99   42.31   42.95   44.09   45.37   44.41   44.87   43.27   42.63   42.95   46.67   42.63   43.91   44.23   45.83   45.02   49.04   43.91   45.19   47.27   46.47   46.79   46.47   46.79   44.55   46.15   46.47   45.19   41.99   43.14   42.31   41.67   41.99   42.63   43.59   42.95   42.31   41.35   44.23   43.91   43.91   43.59   41.03   41.35   40.38   41.03   39.42   39.42   39.42   38.46   39.42   38.78   39.10   39.42   39.42   45.34   42.44   40.51   40.51   43.27   44.37   41.99   41.64   44.23   43.93   42.95   43.27   42.95   42.31   40.66   43.93   42.30   44.92   43.28   43.59   43.59   42.30   42.95   42.30   41.35   41.31   40.98   42.30
    14: WP_005305775|Acinetobacter_sp_NI   36.22   36.54   46.15   44.15   43.59   35.05   33.76   58.73   60.26   59.94   68.79   77.36   82.39  100.00   79.87   82.70   81.76   80.82   79.56   43.52   44.23   44.55   44.87   44.23   45.45   40.97   41.03   40.38   43.27   41.99   41.99   41.35   40.06   41.67   43.27   40.84   37.74   43.23   43.91   41.03   45.69   44.73   44.41   40.06   39.74   40.71   40.38   44.87   41.99   42.63   43.27   43.77   44.09   45.37   44.55   41.99   41.99   43.59   48.00   45.19   45.19   47.12   47.44   45.66   48.08   43.91   46.47   46.95   47.76   48.08   47.44   47.12   44.87   46.79   47.12   43.91   43.59   41.47   41.67   40.06   40.06   40.38   42.95   42.63   41.03   40.38   42.63   42.95   43.27   43.91   42.31   41.99   41.03   41.99   41.67   41.67   41.67   39.74   41.03   40.71   40.71   40.71   41.03   44.69   41.80   40.19   39.87   41.99   43.09   41.67   42.62   43.91   43.61   42.31   41.99   41.67   40.71   40.66   42.95   40.98   43.28   41.31   41.99   41.99   40.66   41.31   40.33   40.06   40.66   40.00   41.31
    15: ZP_05362403|Acinetobacter_radior   33.65   33.65   45.69   43.33   41.85   34.41   35.05   57.91   58.79   58.79   65.92   81.19   78.62   79.87  100.00   82.13   80.56   81.82   80.88   41.20   40.89   43.45   42.17   43.77   43.69   41.61   40.26   40.26   42.63   40.26   40.71   41.67   39.42   39.10   40.26   36.66   37.10   41.58   41.85   38.34   43.31   42.49   42.49   37.82   36.86   39.74   40.38   41.85   41.21   41.53   42.17   42.99   43.31   43.13   43.45   41.53   41.21   42.63   46.67   42.31   43.59   45.83   45.83   44.23   48.56   43.77   46.33   46.47   46.01   46.33   46.65   46.65   46.65   46.65   47.60   43.13   42.17   41.67   40.58   39.62   41.21   40.89   42.81   42.49   43.13   41.53   41.85   41.85   42.17   40.58   40.89   40.58   38.98   40.26   39.62   39.62   39.62   39.30   40.26   39.94   39.94   40.26   40.26   43.27   41.99   38.78   40.06   40.26   44.37   40.58   40.00   43.91   41.64   41.67   41.99   41.67   41.21   41.50   42.81   40.20   41.50   42.62   41.99   41.99   41.18   40.52   39.87   38.78   40.52   38.89   39.87
    16: WP_004867578|Acinetobacter_gerne   35.26   35.90   44.41   45.00   42.49   35.05   35.05   59.18   58.79   57.51   64.97   80.56   79.56   82.70   82.13  100.00   81.82   80.25   79.31   41.20   41.53   42.81   43.45   45.05   43.37   41.94   39.94   40.58   41.35   40.58   41.35   41.99   40.38   41.03   39.62   37.94   36.13   39.60   42.17   40.26   44.90   43.45   45.05   37.50   37.50   38.78   38.78   43.45   41.85   42.49   43.45   42.99   44.59   42.17   43.45   42.49   41.85   42.31   45.00   43.27   43.59   46.47   44.55   43.59   46.01   41.53   43.45   44.55   44.73   44.41   44.73   44.09   44.09   44.73   46.01   42.81   43.13   41.00   41.21   40.58   40.26   40.89   41.53   41.85   41.53   40.89   42.81   41.21   41.85   40.89   39.94   40.58   38.66   40.26   39.62   39.62   39.62   38.34   39.30   39.30   38.98   38.98   39.30   42.31   40.38   38.78   39.10   40.26   42.44   41.21   40.33   42.95   42.30   41.99   41.67   41.35   39.30   39.22   42.16   39.87   42.16   40.66   40.06   40.06   40.52   40.85   40.52   39.42   40.52   39.22   40.20
    17: WP_016168310|Acinetobacter_tando   36.54   37.18   43.13   43.33   42.49   35.37   35.37   58.23   57.19   56.55   63.38   78.37   80.19   81.76   80.56   81.82  100.00   89.10   88.16   43.19   42.17   43.45   45.05   46.01   43.37   40.97   40.89   40.26   41.03   40.26   39.42   40.71   40.38   40.06   39.94   38.91   37.74   40.92   43.13   40.26   44.90   42.17   44.41   37.82   39.10   39.74   39.42   43.77   40.58   41.21   41.85   43.95   44.90   44.09   43.77   41.21   41.85   45.19   46.33   43.59   45.19   45.19   46.15   43.91   48.56   44.09   46.33   45.19   46.01   46.33   46.96   46.33   45.05   46.65   47.28   42.81   42.81   42.00   42.81   40.58   40.26   41.53   41.53   42.81   39.94   39.94   42.17   41.85   42.17   40.58   40.58   40.58   40.26   41.53   41.21   41.21   40.89   38.34   39.62   39.30   39.30   39.62   39.62   41.99   40.38   39.10   39.42   42.81   41.48   42.49   41.97   43.27   42.95   41.35   41.03   40.71   39.62   39.87   42.48   41.83   42.16   41.31   41.99   41.99   40.85   42.16   40.52   40.71   40.85   39.54   40.85
    18: WP_004976064|Acinetobacter_towne   34.62   35.26   43.77   43.00   42.17   34.08   35.37   58.86   55.91   55.27   64.33   78.37   79.25   80.82   81.82   80.25   89.10  100.00   91.59   43.19   41.21   44.41   44.41   46.01   44.66   41.29   40.89   39.30   40.71   40.89   40.71   41.67   40.71   40.38   43.13   37.30   36.77   40.59   43.77   40.58   45.54   42.49   43.45   38.78   39.42   41.67   40.06   42.49   41.21   42.17   42.81   43.95   45.54   43.77   45.05   42.49   42.49   44.55   47.33   44.55   44.55   46.15   47.12   45.51   48.56   44.73   46.33   47.12   46.96   47.60   47.28   46.01   44.73   46.65   47.92   44.41   42.49   42.00   41.85   40.89   41.85   42.81   43.13   42.81   40.89   41.21   42.81   43.13   43.13   42.81   41.21   41.21   40.26   41.85   41.53   41.53   41.21   38.98   40.26   39.94   39.94   40.26   40.26   44.55   41.35   40.38   40.06   43.13   43.09   42.81   42.30   44.87   43.61   42.31   42.63   42.31   41.21   40.52   44.12   40.85   43.14   42.62   42.95   42.95   42.16   42.81   42.16   41.35   41.83   40.52   42.16
    19: ZP_06068295|Acinetobacter_lwoffi   34.62   35.26   44.09   44.67   41.21   35.69   36.33   58.23   57.19   55.91   65.29   77.12   76.73   79.56   80.88   79.31   88.16   91.59  100.00   42.52   41.21   44.09   44.73   45.37   43.69   40.97   40.89   39.94   41.03   41.53   40.06   40.71   40.38   40.71   42.49   38.91   37.42   40.59   45.37   41.53   45.22   43.45   43.77   39.74   38.78   40.06   40.38   43.13   40.89   41.53   42.17   44.59   44.59   44.41   45.05   42.17   42.17   44.23   47.00   44.23   44.87   47.12   47.12   42.95   46.96   43.13   45.05   45.51   46.01   46.65   46.01   44.73   42.49   44.41   45.37   43.77   43.77   41.67   42.49   39.62   40.26   41.21   43.13   41.53   40.58   40.58   42.17   41.53   42.17   42.17   40.26   40.26   39.94   40.89   40.58   40.58   40.26   38.02   39.30   38.98   38.98   39.30   39.30   41.99   41.03   40.06   39.42   42.81   42.77   43.77   43.28   45.19   44.59   43.59   43.27   42.95   41.85   40.85   44.44   41.18   43.14   40.98   42.95   42.95   42.16   42.48   41.83   41.67   42.48   40.85   43.14
    20: WP_018296633|Corynebacterium_lub   39.87   40.20   40.00   38.54   38.87   35.33   35.33   41.86   38.21   39.20   45.51   41.53   42.86   43.52   41.20   41.20   43.19   43.19   42.52  100.00   42.19   48.17   49.17   51.16   49.00   43.85   43.19   43.52   45.18   45.18   44.52   45.51   43.85   44.52   53.16   51.32   51.83   57.48   53.16   53.49   56.48   57.14   56.81   48.17   49.17   51.50   50.83   52.49   49.17   48.84   48.84   57.14   54.82   56.48   45.03   45.03   44.37   45.36   44.26   44.19   42.52   44.04   41.20   45.67   48.50   45.85   44.85   47.00   47.18   46.51   48.50   48.17   45.18   46.51   47.18   47.84   44.52   48.14   50.83   45.18   46.18   45.51   47.51   45.85   48.17   45.85   47.84   46.18   45.85   44.19   45.51   45.85   44.19   44.85   45.85   45.85   45.51   44.19   45.18   44.85   45.18   45.51   45.51   44.67   44.00   42.00   43.33   46.51   45.33   46.84   43.85   45.18   44.19   44.19   44.52   44.52   39.53   40.86   45.51   43.52   42.52   45.85   47.18   47.18   46.84   47.51   48.17   47.18   44.52   44.19   44.85
    21: YP_004491427|Amycolicicoccus_sub   38.59   38.91   40.32   39.60   38.61   44.05   47.27   44.41   46.06   43.77   41.99   42.81   42.95   44.23   40.89   41.53   42.17   41.21   41.21   42.19  100.00   56.27   55.73   57.96   51.78   56.45   50.16   53.02   52.88   50.00   51.28   50.32   53.53   51.92   46.20   46.13   41.75   44.55   45.69   45.22   48.57   48.72   49.68   47.28   51.12   48.88   50.80   49.36   47.40   49.22   49.84   47.13   47.60   47.44   46.65   41.27   46.18   43.91   48.33   45.51   47.12   46.47   46.79   49.84   50.16   48.26   47.00   51.92   52.22   51.58   52.53   51.90   51.72   50.00   50.78   43.81   46.03   45.70   42.07   43.63   45.22   45.54   44.89   45.40   44.48   44.16   45.54   44.27   46.18   46.58   45.86   45.54   43.31   45.54   44.27   44.27   44.27   43.31   43.95   44.27   43.95   44.59   44.27   47.78   46.15   46.67   45.71   49.68   51.77   47.95   51.80   48.72   49.18   48.40   48.08   47.76   46.96   47.71   47.94   50.33   49.19   50.16   49.68   49.68   49.02   49.02   50.00   49.36   49.67   50.33   48.69
    22: WP_020105922|Nocardia_sp_348MFTs   41.48   41.80   42.86   42.24   44.30   45.02   46.95   44.41   46.69   44.41   43.27   43.12   43.91   44.55   43.45   42.81   43.45   44.41   44.09   48.17   56.27  100.00   73.57   75.48   59.22   57.74   53.02   55.56   57.05   56.65   56.73   57.05   56.09   58.97   50.00   49.03   46.60   50.50   50.48   50.00   52.38   54.49   53.21   55.13   57.05   57.69   54.81   57.19   53.33   53.92   55.49   54.46   56.87   57.37   50.80   46.03   48.73   49.04   50.00   50.00   50.32   51.92   52.88   52.56   53.04   56.47   54.89   54.17   55.38   54.75   56.33   56.33   53.29   53.82   54.23   45.22   50.00   48.84   46.48   48.24   48.24   49.20   48.76   50.64   50.32   49.37   52.08   51.44   50.16   49.53   47.28   47.60   45.37   46.01   47.60   47.92   47.60   46.33   46.96   46.96   46.96   47.28   47.28   49.68   49.04   50.16   50.48   51.58   54.98   55.52   53.77   52.56   53.44   54.17   53.85   53.53   50.16   49.02   50.48   52.94   53.09   51.48   49.68   49.68   52.94   53.27   53.92   53.21   52.29   53.59   53.92
    23: YP_700512|Rhodococcus_sp_RHA1|No   41.80   42.12   45.69   46.51   45.22   45.34   47.27   45.37   46.82   44.73   42.95   45.22   46.15   44.87   42.17   43.45   45.05   44.41   44.73   49.17   55.73   73.57  100.00   89.17   61.17   58.39   51.91   56.05   54.81   54.14   55.13   55.45   53.53   53.21   49.04   47.42   47.25   50.50   51.44   52.87   53.82   53.85   54.17   53.53   53.85   52.88   56.09   56.55   54.78   53.18   54.14   55.73   55.59   56.73   52.40   47.13   48.73   48.40   50.67   50.00   49.68   51.28   50.64   49.04   50.80   51.59   52.23   51.60   53.82   53.82   52.23   52.87   48.73   50.32   50.64   49.36   49.68   51.83   50.96   48.88   48.56   49.52   50.00   52.23   49.68   50.32   49.84   49.20   49.84   49.04   46.96   47.28   46.01   47.28   49.52   49.84   49.52   47.60   48.56   48.56   48.56   48.88   48.88   48.56   48.08   48.88   50.48   52.87   54.02   54.78   52.13   50.96   49.84   50.64   50.32   50.00   47.92   47.39   53.42   53.59   53.09   51.15   51.60   51.60   54.90   56.21   55.23   56.41   54.90   54.58   54.58
    24: ABG73362|Rhodococcus_aetherivora   43.09   43.73   46.65   46.84   47.13   45.98   50.48   46.96   45.86   43.77   44.23   46.18   45.19   44.23   43.77   45.05   46.01   46.01   45.37   51.16   57.96   75.48   89.17  100.00   61.17   58.71   51.59   54.78   55.45   53.50   54.49   56.41   53.85   54.17   49.36   48.06   46.60   51.82   54.31   54.14   56.69   55.77   57.69   56.41   55.77   56.73   58.97   61.34   55.73   54.14   55.10   58.60   58.79   57.37   53.35   47.77   49.68   50.32   51.67   51.28   50.00   51.92   51.28   49.04   52.40   53.18   52.23   52.24   54.46   53.82   54.14   53.50   50.96   52.23   53.18   49.68   50.64   51.50   50.32   49.20   48.88   50.48   50.64   52.23   50.32   51.59   51.12   50.16   50.80   50.00   49.52   49.84   46.96   48.24   50.16   50.16   49.84   48.24   49.20   49.20   49.20   49.52   49.52   48.56   50.00   49.20   52.08   53.18   54.02   55.73   52.13   51.92   50.49   52.24   51.92   51.60   49.20   49.02   54.40   54.25   52.77   53.44   52.88   52.88   55.56   56.21   55.88   56.41   55.23   55.88   55.23
    25: WP_017987805|Amycolatopsis_metha   43.14   42.48   41.23   41.89   41.42   42.81   44.44   44.34   45.63   45.45   45.28   45.81   46.43   45.45   43.69   43.37   43.37   44.66   43.69   49.00   51.78   59.22   61.17   61.17  100.00   60.00   56.63   56.63   59.93   59.87   60.59   61.56   60.91   59.28   48.22   45.25   44.41   46.03   52.60   50.49   51.78   53.09   51.14   47.88   48.86   49.84   55.05   52.92   50.49   50.49   51.13   50.00   51.13   52.27   50.97   45.95   45.31   46.58   46.82   49.84   48.21   50.49   48.86   51.47   50.97   49.19   50.16   52.77   53.07   54.05   51.78   52.43   51.13   52.43   53.72   46.93   49.84   48.00   48.22   49.03   49.35   49.68   51.13   50.49   50.16   50.49   51.95   51.62   50.32   50.49   49.68   50.65   48.38   49.68   51.30   50.97   50.97   48.70   49.68   49.35   49.68   49.68   50.00   51.62   52.44   51.95   50.00   51.13   52.94   51.46   50.99   53.09   50.99   50.49   50.16   50.16   49.03   48.85   51.96   49.18   50.98   53.95   53.09   53.09   53.77   53.11   54.10   53.42   50.49   53.77   54.10
    26: ZP_06829942|Rhodococcus_equi_ATC   41.29   41.29   42.72   40.40   41.94   45.63   48.22   40.97   43.23   42.58   40.97   42.58   42.90   40.97   41.61   41.94   40.97   41.29   40.97   43.85   56.45   57.74   58.39   58.71   60.00  100.00   65.81   65.81   66.77   62.90   66.13   65.48   68.71   65.48   50.32   47.74   44.66   46.53   47.42   47.74   49.03   49.35   49.35   49.35   50.32   51.29   52.90   51.29   52.26   52.26   51.94   50.32   51.94   50.65   45.81   46.77   43.87   42.26   46.31   47.42   46.77   48.39   45.81   49.51   50.97   50.00   50.00   52.10   50.97   50.97   51.29   51.29   48.71   50.00   51.61   46.77   48.06   48.82   48.71   48.71   50.00   49.35   47.10   48.71   48.06   47.74   49.68   49.35   48.71   49.68   48.39   49.03   47.42   47.42   49.35   50.00   49.68   48.71   49.68   49.68   49.68   49.68   50.00   51.46   50.16   46.93   46.93   50.97   52.10   50.97   50.50   50.65   50.17   50.97   50.97   50.65   49.35   51.82   51.49   52.48   51.49   51.16   51.29   51.29   51.82   52.48   52.15   54.52   52.81   51.49   51.82
    27: YP_001705097|Mycobacterium_absce   43.13   43.45   40.13   40.07   40.32   42.12   45.34   41.59   38.73   39.30   38.46   41.59   41.35   41.03   40.26   39.94   40.89   40.89   40.89   43.19   50.16   53.02   51.91   51.59   56.63   65.81  100.00   75.24   70.51   71.43   72.44   72.76   76.92   74.44   46.03   43.55   42.39   43.23   43.45   42.68   45.71   48.08   47.12   48.08   49.04   47.12   51.60   47.60   47.94   47.94   47.94   47.45   46.65   49.04   45.22   40.32   42.68   42.31   46.67   46.47   46.47   48.08   47.12   46.79   50.48   49.84   48.89   51.60   50.48   50.79   50.48   49.84   48.25   48.41   51.11   44.59   47.45   44.52   45.25   46.01   46.65   47.60   46.03   45.54   46.03   46.03   47.60   46.96   46.65   47.62   46.96   47.28   45.69   45.69   48.24   47.92   47.60   45.05   46.33   46.01   46.33   46.65   46.65   47.13   48.40   45.25   44.62   47.95   49.52   48.25   50.82   49.68   49.84   49.68   48.72   48.09   46.65   48.37   50.97   50.98   50.16   49.18   51.12   51.12   50.65   50.98   50.65   50.96   51.31   51.31   50.33
    28: ZP_06415208|Frankia_sp_EUN1f|Non   45.34   45.66   39.49   41.39   41.27   41.16   45.34   46.01   39.68   39.94   39.42   40.32   41.03   40.38   40.26   40.58   40.26   39.30   39.94   43.52   53.02   55.56   56.05   54.78   56.63   65.81   75.24  100.00   71.47   72.38   75.32   75.64   78.85   75.32   47.94   45.81   45.63   45.87   47.60   47.13   49.52   52.88   49.68   47.44   49.36   47.44   52.24   49.84   53.02   53.33   53.33   50.32   50.48   50.64   46.96   40.32   42.99   43.59   47.00   47.76   48.72   48.72   48.40   49.04   51.12   50.79   50.16   54.17   50.79   51.11   50.79   50.79   49.21   49.36   52.06   46.82   48.41   46.18   45.08   51.12   51.44   52.08   47.94   49.68   49.52   50.16   49.84   48.88   50.48   50.48   49.20   49.84   48.24   48.24   49.52   49.84   49.84   47.60   48.56   48.24   48.56   48.88   48.88   51.59   50.00   47.13   48.09   50.48   53.38   50.48   52.46   50.32   51.15   50.96   50.00   49.68   47.92   47.39   52.27   53.27   51.79   50.49   51.60   51.60   51.96   52.61   51.96   52.24   53.59   52.61   52.29
    29: ZP_06238527|Frankia_sp_EuI1c|Non   41.80   41.80   42.12   41.81   40.06   46.95   45.98   43.91   42.31   41.35   42.95   42.63   41.99   43.27   42.63   41.35   41.03   40.71   41.03   45.18   52.88   57.05   54.81   55.45   59.93   66.77   70.51   71.47  100.00   74.36   77.56   78.85   75.64   75.64   49.04   45.48   42.39   42.90   44.55   44.87   47.12   48.72   47.76   48.08   49.36   50.32   53.85   51.92   50.00   49.36   49.68   51.28   50.32   51.60   49.04   45.19   45.83   45.19   50.33   47.44   46.79   49.36   48.40   49.20   51.92   50.00   50.64   54.02   51.92   52.24   52.88   52.88   52.88   51.60   54.49   48.08   48.72   48.16   47.44   49.36   50.96   51.28   50.00   49.36   51.92   51.60   51.60   50.32   51.28   48.72   50.00   49.68   47.44   48.72   50.96   51.28   51.28   48.72   50.00   49.68   50.00   50.32   50.32   50.48   53.05   51.13   47.91   50.96   52.09   48.72   53.44   51.28   51.48   51.92   51.92   51.60   47.44   49.84   52.13   53.11   53.77   53.11   52.56   52.56   52.79   53.44   54.43   54.49   53.11   52.13   51.48
    30: WP_016894999|Mycobacterium_absce   42.44   43.41   43.49   41.58   41.14   41.48   45.02   44.09   40.82   40.26   40.06   40.82   42.63   41.99   40.26   40.58   40.26   40.89   41.53   45.18   50.00   56.65   54.14   53.50   59.87   62.90   71.43   72.38   74.36  100.00   77.88   79.17   76.60   77.88   46.20   47.10   44.34   44.22   46.65   44.59   46.98   48.40   48.72   47.12   51.60   47.44   53.53   51.44   52.53   51.27   51.90   48.41   48.56   49.68   50.16   42.22   43.63   44.87   47.00   45.83   44.87   48.08   46.79   49.04   50.48   50.00   48.42   50.96   51.27   50.95   50.95   51.27   46.52   47.77   49.05   47.45   47.45   47.51   46.52   50.16   50.80   51.76   48.73   49.36   48.42   49.37   50.80   49.84   50.80   50.95   50.80   50.80   51.12   51.12   52.08   52.08   52.08   49.84   50.80   50.48   50.80   51.12   51.12   51.11   51.28   46.98   46.35   52.22   51.77   49.05   51.48   51.28   51.15   52.24   51.60   51.28   48.24   49.02   53.40   50.65   50.81   50.49   51.28   51.28   51.63   53.59   53.27   51.92   52.29   54.58   52.29
    31: YP_003485999|Streptomyces_scabie   40.19   40.51   41.16   42.47   41.35   43.73   47.91   44.23   41.03   39.42   40.38   41.03   42.31   41.99   40.71   41.35   39.42   40.71   40.06   44.52   51.28   56.73   55.13   54.49   60.59   66.13   72.44   75.32   77.56   77.88  100.00   85.26   79.17   76.28   50.32   45.16   42.07   45.54   44.55   45.19   48.08   49.04   48.40   48.08   47.76   49.68   52.56   50.64   52.88   52.56   53.21   51.28   50.00   51.92   49.04   43.27   45.19   43.59   47.00   46.79   45.83   49.04   47.76   49.20   51.28   51.92   50.96   54.02   50.96   51.28   50.32   51.28   49.68   49.36   51.92   46.79   47.12   49.50   47.12   50.64   51.28   51.92   49.68   49.68   50.00   50.96   51.92   49.68   50.96   51.92   49.36   49.04   47.12   49.04   50.32   50.32   50.32   48.08   49.04   48.72   49.04   49.36   49.36   49.84   51.77   48.55   48.23   50.32   53.38   52.24   52.13   51.92   52.46   51.28   51.28   50.96   49.68   49.51   54.10   51.80   51.80   51.80   51.92   51.92   53.44   54.43   53.77   53.21   54.10   53.44   50.82
    32: WP_010360538|Streptomyces_acidis   41.80   42.44   41.48   42.81   40.38   42.77   45.34   44.87   42.31   40.38   42.31   41.99   42.95   41.35   41.67   41.99   40.71   41.67   40.71   45.51   50.32   57.05   55.45   56.41   61.56   65.48   72.76   75.64   78.85   79.17   85.26  100.00   80.13   79.81   48.40   45.16   41.42   44.55   46.47   45.19   47.76   50.64   49.36   46.47   49.36   50.00   53.85   52.56   53.21   51.92   52.88   51.92   51.60   51.28   48.40   44.23   46.47   44.55   46.67   44.87   45.19   47.76   45.83   48.23   50.32   50.32   49.36   51.13   50.64   51.28   49.04   50.64   48.08   47.44   49.68   46.15   47.44   48.83   47.76   50.64   52.24   53.21   50.96   50.00   50.64   52.56   52.24   49.36   49.68   51.92   50.64   50.64   47.44   49.36   50.96   50.96   50.96   48.08   49.04   48.72   49.04   49.36   49.36   51.77   50.48   48.55   48.87   50.64   53.38   50.00   51.80   52.24   53.44   52.24   52.24   51.92   47.76   48.85   51.48   51.15   51.15   50.82   52.24   52.24   51.80   51.80   52.79   49.04   50.49   53.77   51.15
    33: WP_010836170|Rhodococcus_rhodnii   45.66   46.30   40.51   39.80   41.03   44.69   48.23   42.95   40.06   39.42   39.42   41.03   41.99   40.06   39.42   40.38   40.38   40.71   40.38   43.85   53.53   56.09   53.53   53.85   60.91   68.71   76.92   78.85   75.64   76.60   79.17   80.13  100.00   84.29   48.72   44.52   42.72   43.56   47.12   48.08   48.40   50.96   49.04   48.08   50.32   50.64   53.53   50.64   50.00   50.32   50.32   49.36   49.36   50.00   47.44   43.59   45.19   43.59   46.33   47.12   48.72   49.68   48.08   48.55   51.28   49.36   48.08   51.45   49.04   49.36   50.00   49.04   50.00   48.08   50.64   46.15   48.08   47.49   47.12   49.04   50.32   50.64   48.08   47.44   49.68   50.96   50.00   49.04   50.64   48.40   49.36   49.68   47.44   48.72   50.64   50.96   50.96   48.08   49.04   48.72   49.04   49.36   49.36   50.48   50.48   48.87   48.23   52.56   53.05   50.00   52.79   53.53   53.44   53.53   53.53   53.21   49.04   50.16   53.44   53.77   53.11   55.74   52.88   52.88   52.79   53.77   54.10   53.53   54.10   53.11   52.13
    34: ACJ12460|Rhodococcus_sp_T104|Dpp   42.63   43.27   39.23   38.46   38.14   42.44   45.98   43.13   41.03   40.38   41.35   39.74   41.35   41.67   39.10   41.03   40.06   40.38   40.71   44.52   51.92   58.97   53.21   54.17   59.28   65.48   74.44   75.32   75.64   77.88   76.28   79.81   84.29  100.00   46.79   46.13   43.04   43.89   48.40   46.15   48.40   51.28   50.64   49.04   48.72   52.24   51.60   52.88   51.60   50.96   51.60   50.32   49.04   49.68   46.33   41.67   43.27   44.55   47.00   45.51   46.47   48.08   48.40   46.62   50.32   48.08   47.44   49.52   49.68   49.68   49.68   50.00   46.47   47.76   49.68   44.55   48.40   46.15   46.96   49.36   50.00   50.96   47.44   46.47   49.36   50.00   49.36   47.76   48.08   50.00   49.04   49.68   47.12   47.44   50.00   50.32   50.32   47.76   48.72   48.40   48.72   49.04   49.04   49.84   49.20   48.72   47.12   50.48   50.16   49.04   52.13   50.32   50.82   51.92   51.28   51.12   46.47   49.18   53.11   52.46   51.48   51.80   50.80   50.80   50.49   51.15   52.79   51.12   50.82   52.13   50.16
    35: BAB91220|Terrabacter_sp_DBF63|No   41.16   40.51   43.81   42.57   40.82   37.62   40.84   42.17   36.39   36.74   43.59   40.82   42.95   43.27   40.26   39.62   39.94   43.13   42.49   53.16   46.20   50.00   49.04   49.36   48.22   50.32   46.03   47.94   49.04   46.20   50.32   48.40   48.72   46.79  100.00   50.65   49.19   57.10   55.59   55.10   55.87   58.01   54.81   52.56   51.92   54.81   56.09   52.08   52.85   53.16   53.48   57.96   59.11   60.26   43.45   43.49   46.18   43.91   43.67   43.27   44.87   44.55   43.91   44.55   48.24   48.10   47.78   48.40   50.32   50.95   48.10   47.47   45.57   46.18   47.78   45.54   45.22   45.85   45.57   45.05   46.01   46.33   45.89   44.27   46.20   45.25   48.24   45.69   46.65   44.62   46.33   46.65   46.33   47.60   46.65   46.96   46.65   45.37   46.01   45.69   46.01   46.33   46.33   45.08   44.55   44.44   43.49   43.99   49.84   45.89   45.57   45.83   46.23   45.19   45.51   45.19   43.45   44.77   46.93   45.10   45.28   48.85   48.72   48.72   49.35   50.98   51.63   50.32   45.42   48.69   47.71
    36: ZP_06837900|Corynebacterium_ammo   39.55   40.51   41.42   38.38   40.32   37.86   40.78   40.65   40.32   38.71   37.94   38.59   39.87   40.84   36.66   37.94   38.91   37.30   38.91   51.32   46.13   49.03   47.42   48.06   45.25   47.74   43.55   45.81   45.48   47.10   45.16   45.16   44.52   46.13   50.65  100.00   70.10   57.10   61.29   60.00   56.27   57.88   56.59   52.58   52.90   53.55   54.84   57.42   55.16   55.81   56.13   49.68   53.23   52.90   43.09   39.55   38.91   40.19   42.62   43.23   41.29   42.12   40.65   41.42   42.26   39.68   40.32   42.72   43.87   43.23   42.90   43.55   40.00   41.29   40.65   42.90   40.97   40.40   42.26   38.71   38.39   38.71   40.00   40.00   41.61   42.26   41.29   41.29   41.61   41.61   40.00   40.32   41.94   40.65   40.97   40.97   40.97   39.68   40.65   40.65   40.97   41.29   40.97   44.01   42.72   44.98   44.98   43.87   43.69   45.81   44.88   42.26   43.89   45.16   44.84   44.52   43.87   42.24   45.54   45.87   44.55   43.89   44.19   44.19   45.21   45.21   45.21   45.16   46.20   45.54   46.86
