#
#
#  Percent Identity  Matrix - created by Clustal2.1 
#
#

     1: YP_007562852|Ilumatobacter_cocci  100.00   38.28   38.28   42.29   39.44   40.05   42.39   41.69   44.21   42.69   45.58   47.02   42.42   44.16
     2: BAA13012|Acinetobacter_sp_YAA|An   38.28  100.00   85.88   52.11   51.76   51.41   52.82   52.11   45.00   43.10   48.68   48.44   48.58   50.35
     3: AAW66669|Acinetobacter_sp_GXA7|A   38.28   85.88  100.00   53.52   52.47   52.11   54.23   53.52   46.90   44.76   49.40   50.12   50.71   51.06
     4: AAO38208|Delftia_acidovorans|Ani   42.29   52.11   53.52  100.00   78.92   77.18   81.21   79.87   49.30   48.61   50.11   50.80   49.31   50.23
     5: BAC82526|Frateuria_sp_ANA-18|Ani   39.44   51.76   52.47   78.92  100.00   80.76   83.45   82.77   48.48   45.12   47.59   48.05   49.42   48.72
     6: ACO92656|Burkholderia_sp_JS667|A   40.05   51.41   52.11   77.18   80.76  100.00   85.71   83.04   47.66   46.40   46.79   46.79   48.39   48.60
     7: BAA12807|Pseudomonas_putida_UCC2   42.39   52.82   54.23   81.21   83.45   85.71  100.00   96.88   49.53   47.56   49.31   49.31   50.69   51.16
     8: AAX47241|Delftia_tsuruhatensis_A   41.69   52.11   53.52   79.87   82.77   83.04   96.88  100.00   49.30   47.56   48.85   48.62   50.46   51.16
     9: YP_001239210|Bradyrhizobium_sp_B   44.21   45.00   46.90   49.30   48.48   47.66   49.53   49.30  100.00   67.13   50.47   50.47   53.63   52.94
    10: WP_005204026|Gordonia_sputi|Non    42.69   43.10   44.76   48.61   45.12   46.40   47.56   47.56   67.13  100.00   47.31   48.48   51.52   51.29
    11: BAH56716|Rhodococcus_sp_AN-22|An   45.58   48.68   49.40   50.11   47.59   46.79   49.31   48.85   50.47   47.31  100.00   85.36   58.88   57.55
    12: WP_006357777|Gordonia_alkanivora   47.02   48.44   50.12   50.80   48.05   46.79   49.31   48.62   50.47   48.48   85.36  100.00   58.08   56.26
    13: WP_003332185|Bacillus_azotoforma   42.42   48.58   50.71   49.31   49.42   48.39   50.69   50.46   53.63   51.52   58.88   58.08  100.00   83.52
    14: YP_007910108|Bacillus_sp_1NLA3E|   44.16   50.35   51.06   50.23   48.72   48.60   51.16   51.16   52.94   51.29   57.55   56.26   83.52  100.00
