#
#
#  Percent Identity  Matrix - created by Clustal2.1 
#
#

     1: YP_951339|Mycobacterium_vanbaale  100.00   49.11   50.90   51.80   52.03   52.03   51.58   35.10   32.27   34.86   33.49   33.49   33.73   33.73   33.97   33.73   33.01   33.49   33.73   33.25   34.04   33.89   34.99   35.22   34.76   33.01   32.78   32.06   33.25   32.54   32.78   33.01   32.78   32.78   31.89   33.10   33.33   32.86   32.14   32.14   32.62   32.14   32.86   32.62   33.97   34.61   36.06
     2: YP_004243228|Arthrobacter_phenan   49.11  100.00   74.89   72.55   75.00   74.57   74.79   36.60   35.46   33.33   35.35   35.35   33.11   34.45   34.23   34.00   35.52   36.65   36.65   36.20   34.63   36.02   35.78   36.24   34.48   30.95   30.72   30.25   30.72   30.02   30.02   31.58   30.25   31.41   30.79   31.26   31.26   30.80   30.11   29.66   30.34   30.11   30.57   30.34   34.78   33.26   35.12
     3: WP_017981165|Amycolatopsis_metha   50.90   74.89  100.00   79.00   82.90   81.82   82.03   36.45   36.49   33.88   33.26   33.03   32.11   34.17   33.94   33.72   34.63   35.78   35.55   35.09   33.56   35.31   34.48   34.94   35.25   32.18   32.18   31.71   31.71   31.48   31.94   33.09   32.18   32.41   32.02   32.49   32.26   31.80   30.88   30.88   31.34   31.34   31.80   31.57   34.86   33.94   35.20
     4: ABH01029|Rhodococcus_opacus_R7|N   51.80   72.55   79.00  100.00   91.24   89.53   89.96   35.66   35.93   32.40   33.11   32.88   31.53   33.11   32.88   32.66   33.71   34.62   34.62   34.16   33.94   35.55   34.40   34.86   36.09   31.87   31.87   31.41   32.33   31.64   31.64   33.01   31.64   31.64   31.48   31.72   31.95   31.72   31.72   31.49   31.49   30.57   31.49   31.26   34.32   34.16   34.19
     5: BAD02377|Rhodococcus_opacus_SAO1   52.03   75.00   82.90   91.24  100.00   97.86   98.08   36.83   36.41   32.87   32.81   32.58   31.90   33.48   33.26   33.03   33.71   34.84   34.84   34.39   34.17   36.49   35.78   36.24   35.63   32.56   32.56   32.10   32.33   32.10   32.10   33.01   32.10   32.56   32.18   31.95   32.18   31.95   31.72   31.49   31.49   31.49   31.95   31.72   33.87   34.39   34.19
     6: ACV96857|Gordonia_sp_CC-NAPH129-   52.03   74.57   81.82   89.53   97.86  100.00   98.50   36.60   35.93   32.87   32.58   32.58   31.45   33.03   32.81   32.58   33.48   34.62   34.62   34.16   33.94   36.49   36.01   36.24   35.17   32.33   32.33   31.87   31.87   31.87   31.87   32.78   31.87   32.33   31.94   31.72   31.95   31.72   31.26   31.03   31.03   31.03   31.49   31.26   33.87   33.71   34.19
     7: AAD25395|Rhodococcus_sp_I24|Nah    51.58   74.79   82.03   89.96   98.08   98.50  100.00   36.83   36.41   33.33   32.81   32.58   32.13   33.26   33.03   32.81   33.94   35.07   35.07   34.62   34.17   36.73   36.01   36.47   35.17   32.33   32.33   31.87   31.87   31.87   31.87   32.78   31.87   32.33   31.94   31.72   31.95   31.72   31.26   31.03   31.03   31.03   31.49   31.26   33.64   34.16   34.42
     8: WP_007012495|Novosphingobium_pen   35.10   36.60   36.45   35.66   36.83   36.60   36.83  100.00   68.98   44.68   46.98   46.74   42.79   43.72   43.95   43.72   42.09   42.33   42.56   42.33   48.86   47.75   48.63   48.63   45.62   43.75   42.82   42.59   43.75   43.98   44.44   44.31   43.98   43.75   43.85   44.70   45.39   45.16   44.24   44.01   44.24   43.78   44.01   43.78   48.97   48.73   46.51
     9: WP_007014365|Novosphingobium_pen   32.27   35.46   36.49   35.93   36.41   35.93   36.41   68.98  100.00   45.71   44.78   44.78   43.62   44.55   44.78   44.55   41.53   41.07   41.07   40.84   50.12   48.80   49.19   49.19   44.44   43.62   42.23   42.46   43.85   44.32   44.08   44.18   43.85   43.39   42.33   44.21   44.91   44.21   43.52   43.52   44.21   43.98   44.44   44.21   48.38   49.54   48.02
    10: YP_008374307|Cycloclasticus_zanc   34.86   33.33   33.88   32.40   32.87   32.87   33.33   44.68   45.71  100.00   52.05   51.82   51.59   52.27   52.05   51.82   52.05   50.91   50.91   50.00   47.96   48.01   47.74   47.74   41.18   39.91   39.68   39.46   40.82   39.91   40.82   41.16   40.36   39.00   38.86   42.76   42.76   42.31   40.95   41.18   41.63   40.72   41.63   41.18   43.44   46.15   43.05
    11: BAC81541|Cycloclasticus_sp_A5|Pa   33.49   35.35   33.26   33.11   32.81   32.58   32.81   46.98   44.78   52.05  100.00   98.91   62.75   63.40   63.62   63.40   62.11   61.45   61.89   61.23   51.02   50.59   52.15   51.93   43.24   40.86   40.86   40.86   42.66   42.21   42.21   43.93   42.66   41.53   40.72   44.14   43.69   43.24   42.57   42.57   42.57   41.67   42.79   42.34   45.17   46.90   46.14
    12: ABF56510|Cycloclasticus_sp_P1|Pa   33.49   35.35   33.03   32.88   32.58   32.58   32.58   46.74   44.78   51.82   98.91  100.00   62.75   63.40   63.62   63.40   61.89   61.23   61.67   61.01   51.02   50.35   51.93   51.70   43.24   40.63   40.63   40.63   42.44   41.99   41.99   43.69   42.44   41.31   40.50   43.92   43.47   43.02   42.34   42.34   42.34   41.44   42.57   42.12   45.39   46.68   46.14
    13: ACD91669|Novosphingobium_sp_H25|   33.73   33.11   32.11   31.53   31.90   31.45   32.13   42.79   43.62   51.59   62.75   62.75  100.00   95.86   96.51   96.30   78.63   77.75   77.53   76.87   50.11   49.18   50.34   50.11   43.24   41.31   41.99   42.21   42.21   41.53   41.76   43.93   42.66   40.86   40.05   43.02   43.02   42.57   42.57   42.79   43.47   42.79   43.47   43.02   44.49   44.91   44.55
    14: ABW37061|Sphingomonas_sp_LH128|B   33.73   34.45   34.17   33.11   33.48   33.03   33.26   43.72   44.55   52.27   63.40   63.40   95.86  100.00   98.91   98.69   78.63   78.19   78.19   77.97   51.25   50.82   51.93   51.70   43.24   41.76   42.44   43.12   42.66   41.99   42.21   44.16   43.12   41.31   40.50   43.47   43.47   43.02   43.02   43.24   43.69   43.02   43.69   43.24   45.17   45.58   45.45
    15: YP_001165670|Novosphingobium_aro   33.97   34.23   33.94   32.88   33.26   32.81   33.03   43.95   44.78   52.05   63.62   63.62   96.51   98.91  100.00   99.78   79.52   79.07   78.85   78.63   51.70   50.59   51.70   51.47   43.24   41.31   41.99   42.66   42.21   41.53   41.76   43.69   42.66   40.86   40.05   43.24   43.24   42.79   42.57   42.79   43.24   42.57   43.24   42.79   44.94   45.58   45.23
    16: NP_049062|Novosphingobium_aromat   33.73   34.00   33.72   32.66   33.03   32.58   32.81   43.72   44.55   51.82   63.40   63.40   96.30   98.69   99.78  100.00   79.30   78.85   78.63   78.41   51.47   50.35   51.47   51.25   43.02   41.08   41.76   42.44   41.99   41.31   41.53   43.46   42.44   40.63   39.82   43.02   43.02   42.57   42.34   42.57   43.02   42.34   43.02   42.57   44.72   45.35   45.00
    17: 2GBW|Sphingomonas_Yanoikuyae_B1|   33.01   35.52   34.63   33.71   33.71   33.48   33.94   42.09   41.53   52.05   62.11   61.89   78.63   78.63   79.52   79.30  100.00   91.19   90.97   90.31   52.15   48.01   49.21   48.98   43.02   40.86   40.86   41.08   41.76   41.99   41.53   43.93   42.21   40.18   39.59   43.24   42.57   42.12   42.79   42.57   43.24   42.57   43.24   42.79   45.39   46.90   44.32
    18: ACC64605|Sphingomonas_sp_B2-7|Ph   33.49   36.65   35.78   34.62   34.84   34.62   35.07   42.33   41.07   50.91   61.45   61.23   77.75   78.19   79.07   78.85   91.19  100.00   98.90   98.02   51.70   48.24   49.43   49.21   43.69   41.08   41.08   41.31   40.86   40.86   40.63   42.76   41.53   40.41   39.59   42.57   42.79   42.34   41.44   41.22   41.89   41.22   41.89   41.44   44.94   46.46   43.86
    19: 2CKF|Sphingomonas_Sp_Chy-1|Phn     33.73   36.65   35.55   34.62   34.84   34.62   35.07   42.56   41.07   50.91   61.89   61.67   77.53   78.19   78.85   78.63   90.97   98.90  100.00   99.12   51.47   48.01   49.21   48.98   43.47   40.86   40.86   41.08   40.63   40.63   40.41   42.52   41.31   40.18   39.37   42.34   42.57   42.12   41.22   40.99   41.67   40.99   41.67   41.22   44.72   46.46   43.86
    20: CAT03469|Sphingomonas_paucimobil   33.25   36.20   35.09   34.16   34.39   34.16   34.62   42.33   40.84   50.00   61.23   61.01   76.87   77.97   78.63   78.41   90.31   98.02   99.12  100.00   51.02   47.78   48.75   48.53   43.47   40.86   40.86   41.53   40.63   40.63   40.41   42.52   41.31   40.18   39.37   42.34   42.57   42.12   41.22   40.99   41.67   40.99   41.67   41.22   44.94   46.24   44.09
    21: AAK62353|Burkholderia_sp_DBT1|Db   34.04   34.63   33.56   33.94   34.17   33.94   34.17   48.86   50.12   47.96   51.02   51.02   50.11   51.25   51.70   51.47   52.15   51.70   51.47   51.02  100.00   70.18   73.01   72.79   49.32   46.15   45.93   46.38   47.51   47.96   47.51   49.07   48.42   45.70   43.99   48.20   48.20   48.20   47.97   47.97   48.65   48.20   49.10   48.65   52.36   57.34   54.09
    22: BAA76323|Alcaligenes_faecalis_AF   33.89   36.02   35.31   35.55   36.49   36.49   36.73   47.75   48.80   48.01   50.59   50.35   49.18   50.82   50.59   50.35   48.01   48.24   48.01   47.78   70.18  100.00   92.43   92.20   48.14   45.79   46.50   46.26   47.66   47.66   47.43   48.69   47.66   45.09   44.03   47.91   48.37   48.37   48.14   47.67   48.14   46.98   47.91   47.67   51.51   55.94   52.82
    23: ACG70971|Acidovorax_sp_NA3|Phn     34.99   35.78   34.48   34.40   35.78   36.01   36.01   48.63   49.19   47.74   52.15   51.93   50.34   51.93   51.70   51.47   49.21   49.43   49.21   48.75   73.01   92.43  100.00   98.67   48.65   46.38   46.38   46.61   48.42   48.64   47.96   49.30   48.42   45.93   44.44   48.20   48.65   48.42   48.65   48.42   48.87   47.75   48.65   48.42   51.01   57.11   53.86
    24: ZP_06845988|Burkholderia_sp_Ch1-   35.22   36.24   34.94   34.86   36.24   36.24   36.47   48.63   49.19   47.74   51.93   51.70   50.11   51.70   51.47   51.25   48.98   49.21   48.98   48.53   72.79   92.20   98.67  100.00   48.65   46.38   46.38   46.61   48.42   48.64   48.19   49.30   48.42   45.70   44.44   48.42   48.87   48.65   48.87   48.65   49.10   47.97   48.87   48.65   51.24   57.56   53.86
    25: YP_004468880|Alteromonas_sp_SN2|   34.76   34.48   35.25   36.09   35.63   35.17   35.17   45.62   44.44   41.18   43.24   43.24   43.24   43.24   43.24   43.02   43.02   43.69   43.47   43.47   49.32   48.14   48.65   48.65  100.00   58.52   58.07   58.30   61.21   60.76   61.21   62.65   61.43   58.97   56.85   61.38   62.28   61.61   60.04   59.82   60.49   60.04   60.71   60.27   60.49   56.38   53.27
    26: ADQ90222|Pseudomonas_stutzeri|No   33.01   30.95   32.18   31.87   32.56   32.33   32.33   43.75   43.62   39.91   40.86   40.63   41.31   41.76   41.31   41.08   40.86   41.08   40.86   40.86   46.15   45.79   46.38   46.38   58.52  100.00   90.16   92.62   88.81   90.38   90.83   91.44   91.50   91.95   89.69   82.55   83.67   83.00   83.89   83.89   84.34   83.22   84.79   84.34   53.14   52.02   48.76
    27: 2BMO|Comamonas_JS765|Dnt           32.78   30.72   32.18   31.87   32.56   32.33   32.33   42.82   42.23   39.68   40.86   40.63   41.99   42.44   41.99   41.76   40.86   41.08   40.86   40.86   45.93   46.50   46.38   46.38   58.07   90.16  100.00   95.30   85.68   87.25   87.70   89.12   88.81   88.81   85.65   81.21   81.88   81.21   82.33   82.33   82.55   81.66   83.22   82.77   51.79   51.35   46.73
    28: YP_987297|Acidovorax_sp_JS42|Non   32.06   30.25   31.71   31.41   32.10   31.87   31.87   42.59   42.46   39.46   40.86   40.63   42.21   43.12   42.66   42.44   41.08   41.31   41.08   41.53   46.38   46.26   46.61   46.61   58.30   92.62   95.30  100.00   87.47   89.26   89.71   90.74   90.83   90.83   88.12   83.00   83.67   83.00   84.12   84.12   84.12   83.22   84.79   84.34   52.02   52.47   47.86
    29: YP_982710|Polaromonas_naphthalen   33.25   30.72   31.71   32.33   32.33   31.87   31.87   43.75   43.85   40.82   42.66   42.44   42.21   42.66   42.21   41.99   41.76   40.86   40.63   40.63   47.51   47.66   48.42   48.42   61.21   88.81   85.68   87.47  100.00   94.41   95.30   96.30   95.75   88.81   85.43   86.13   86.35   85.23   88.37   88.59   89.49   87.70   89.26   88.81   55.16   53.81   49.44
    30: ACT53249|Burkholderia_sp_C3|Pap    32.54   30.02   31.48   31.64   32.10   31.87   31.87   43.98   44.32   39.91   42.21   41.99   41.53   41.99   41.53   41.31   41.99   40.86   40.63   40.63   47.96   47.66   48.64   48.64   60.76   90.38   87.25   89.26   94.41  100.00   96.42   96.99   96.87   90.60   87.22   86.58   87.25   86.13   89.71   89.26   89.49   88.14   89.71   89.26   55.61   53.14   49.21
    31: AAD12610|Ralstonia_sp_U2|Nah       32.78   30.02   31.94   31.64   32.10   31.87   31.87   44.44   44.08   40.82   42.21   41.99   41.76   42.21   41.76   41.53   41.53   40.63   40.41   40.41   47.51   47.43   47.96   48.19   61.21   90.83   87.70   89.71   95.30   96.42  100.00   97.92   98.43   91.28   88.12   88.14   88.59   87.47   89.26   89.71   90.38   89.26   90.83   90.38   55.16   52.69   49.44
    32: ABX89315|Comamonas_testosteroni|   33.01   31.58   33.09   33.01   33.01   32.78   32.78   44.31   44.18   41.16   43.93   43.69   43.93   44.16   43.69   43.46   43.93   42.76   42.52   42.52   49.07   48.69   49.30   49.30   62.65   91.44   89.12   90.74   96.30   96.99   97.92  100.00   99.54   92.13   88.17   87.96   88.19   87.04   89.58   89.58   90.74   89.35   90.97   90.51   55.92   54.76   50.35
    33: AAF72976|Comamonas_testosteroni|   32.78   30.25   32.18   31.64   32.10   31.87   31.87   43.98   43.85   40.36   42.66   42.44   42.66   43.12   42.66   42.44   42.21   41.53   41.31   41.31   48.42   47.66   48.42   48.42   61.43   91.50   88.81   90.83   95.75   96.87   98.43   99.54  100.00   92.39   88.57   87.92   88.37   87.25   89.26   89.49   90.16   88.81   90.38   89.93   54.93   53.14   49.21
    34: AAL50021|Burkholderia_cepacia_R3   32.78   31.41   32.41   31.64   32.56   32.33   32.33   43.75   43.39   39.00   41.53   41.31   40.86   41.31   40.86   40.63   40.18   40.41   40.18   40.18   45.70   45.09   45.93   45.70   58.97   91.95   88.81   90.83   88.81   90.60   91.28   92.13   92.39  100.00   94.17   82.33   83.00   82.10   84.34   83.89   84.56   83.22   84.79   84.34   52.91   51.35   48.53
    35: AAB09766|Burkholderia_sp_RASC|Dn   31.89   30.79   32.02   31.48   32.18   31.94   31.94   43.85   42.33   38.86   40.72   40.50   40.05   40.50   40.05   39.82   39.59   39.59   39.37   39.37   43.99   44.03   44.44   44.44   56.85   89.69   85.65   88.12   85.43   87.22   88.12   88.17   88.57   94.17  100.00   78.92   79.60   79.15   80.94   80.49   81.17   79.82   81.39   80.94   51.46   50.11   47.51
    36: Q51494|Pseudomonas_aeruginosa|Na   33.10   31.26   32.49   31.72   31.95   31.72   31.72   44.70   44.21   42.76   44.14   43.92   43.02   43.47   43.24   43.02   43.24   42.57   42.34   42.34   48.20   47.91   48.20   48.42   61.38   82.55   81.21   83.00   86.13   86.58   88.14   87.96   87.92   82.33   78.92  100.00   97.33   96.21   89.31   89.98   90.20   89.31   90.87   90.42   56.92   52.80   49.89
    37: AAD02136|Pseudomonas_stutzeri_AN   33.33   31.26   32.26   31.95   32.18   31.95   31.95   45.39   44.91   42.76   43.69   43.47   43.02   43.47   43.24   43.02   42.57   42.79   42.57   42.57   48.20   48.37   48.65   48.87   62.28   83.67   81.88   83.67   86.35   87.25   88.59   88.19   88.37   83.00   79.60   97.33  100.00   97.77   89.09   89.76   90.20   89.76   91.31   90.87   56.70   53.47   50.34
    38: ADK11287|Pseudomonas_stutzeri|Na   32.86   30.80   31.80   31.72   31.95   31.72   31.72   45.16   44.21   42.31   43.24   43.02   42.57   43.02   42.79   42.57   42.12   42.34   42.12   42.12   48.20   48.37   48.42   48.65   61.61   83.00   81.21   83.00   85.23   86.13   87.47   87.04   87.25   82.10   79.15   96.21   97.77  100.00   88.86   89.53   89.31   89.31   90.65   90.20   56.03   53.02   49.44
    39: NP_943188|Pseudomonas_sp_ND6|Nah   32.14   30.11   30.88   31.72   31.72   31.26   31.26   44.24   43.52   40.95   42.57   42.34   42.57   43.02   42.57   42.34   42.79   41.44   41.22   41.22   47.97   48.14   48.65   48.87   60.04   83.89   82.33   84.12   88.37   89.71   89.26   89.58   89.26   84.34   80.94   89.31   89.09   88.86  100.00   99.33   96.21   93.99   95.55   95.10   56.47   53.91   48.98
    40: NP_863072|Pseudomonas_putida_NCI   32.14   29.66   30.88   31.49   31.49   31.03   31.03   44.01   43.52   41.18   42.57   42.34   42.79   43.24   42.79   42.57   42.57   41.22   40.99   40.99   47.97   47.67   48.42   48.65   59.82   83.89   82.33   84.12   88.59   89.26   89.71   89.58   89.49   83.89   80.49   89.98   89.76   89.53   99.33  100.00   96.88   94.65   96.21   95.77   56.03   53.47   48.76
    41: YP_534822|Pseudomonas_putida_Nah   32.62   30.34   31.34   31.49   31.49   31.03   31.03   44.24   44.21   41.63   42.57   42.34   43.47   43.69   43.24   43.02   43.24   41.89   41.67   41.67   48.65   48.14   48.87   49.10   60.49   84.34   82.55   84.12   89.49   89.49   90.38   90.74   90.16   84.56   81.17   90.20   90.20   89.31   96.21   96.88  100.00   96.88   98.44   98.00   56.25   53.69   48.98
    42: BAA20391|Pseudomonas_putida|Non    32.14   30.11   31.34   30.57   31.49   31.03   31.03   43.78   43.98   40.72   41.67   41.44   42.79   43.02   42.57   42.34   42.57   41.22   40.99   40.99   48.20   46.98   47.75   47.97   60.04   83.22   81.66   83.22   87.70   88.14   89.26   89.35   88.81   83.22   79.82   89.31   89.76   89.31   93.99   94.65   96.88  100.00   98.44   98.00   54.69   52.57   48.08
    43: AAL07262|Pseudomonas_fluorescens   32.86   30.57   31.80   31.49   31.95   31.49   31.49   44.01   44.44   41.63   42.79   42.57   43.47   43.69   43.24   43.02   43.24   41.89   41.67   41.67   49.10   47.91   48.65   48.87   60.71   84.79   83.22   84.79   89.26   89.71   90.83   90.97   90.38   84.79   81.39   90.87   91.31   90.65   95.55   96.21   98.44   98.44  100.00   99.55   55.80   53.47   48.98
    44: O07824|Pseudomonas_fluorescens|N   32.62   30.34   31.57   31.26   31.72   31.26   31.26   43.78   44.21   41.18   42.34   42.12   43.02   43.24   42.79   42.57   42.79   41.44   41.22   41.22   48.65   47.67   48.42   48.65   60.27   84.34   82.77   84.34   88.81   89.26   90.38   90.51   89.93   84.34   80.94   90.42   90.87   90.20   95.10   95.77   98.00   98.00   99.55  100.00   55.36   53.02   48.76
    45: AAD09872|Burkholderia_sp_RP007|P   33.97   34.78   34.86   34.32   33.87   33.87   33.64   48.97   48.38   43.44   45.17   45.39   44.49   45.17   44.94   44.72   45.39   44.94   44.72   44.94   52.36   51.51   51.01   51.24   60.49   53.14   51.79   52.02   55.16   55.61   55.16   55.92   54.93   52.91   51.46   56.92   56.70   56.03   56.47   56.03   56.25   54.69   55.80   55.36  100.00   61.38   56.43
    46: WP_007184423|Hydrocarboniphaga_e   34.61   33.26   33.94   34.16   34.39   33.71   34.16   48.73   49.54   46.15   46.90   46.68   44.91   45.58   45.58   45.35   46.90   46.46   46.46   46.24   57.34   55.94   57.11   57.56   56.38   52.02   51.35   52.47   53.81   53.14   52.69   54.76   53.14   51.35   50.11   52.80   53.47   53.02   53.91   53.47   53.69   52.57   53.47   53.02   61.38  100.00   65.91
    47: BAD34447|Sphingomonas_sp_A4|Pap    36.06   35.12   35.20   34.19   34.19   34.19   34.42   46.51   48.02   43.05   46.14   46.14   44.55   45.45   45.23   45.00   44.32   43.86   43.86   44.09   54.09   52.82   53.86   53.86   53.27   48.76   46.73   47.86   49.44   49.21   49.44   50.35   49.21   48.53   47.51   49.89   50.34   49.44   48.98   48.76   48.98   48.08   48.98   48.76   56.43   65.91  100.00
