#
#
#  Percent Identity  Matrix - created by Clustal2.1 
#
#

     1: tr|A0A934GJK0|A0A934GJK0_9PROT  100.00   71.67   71.67   73.33   75.00   53.45   44.83   44.83   44.83   44.83   51.72   48.28   50.98
     2: tr|I6LHT7|I6LHT7_9RHOO           71.67  100.00  100.00   88.33   90.00   51.72   50.00   50.00   48.28   48.28   50.00   48.28   49.02
     3: tr|Q8VPT8|Q8VPT8_9RHOO           71.67  100.00  100.00   88.33   90.00   51.72   50.00   50.00   48.28   48.28   50.00   48.28   49.02
     4: tr|O68394|O68394_THAAR           73.33   88.33   88.33  100.00   93.33   51.72   50.00   50.00   44.83   44.83   51.72   48.28   49.02
     5: tr|Q8L1A4|Q8L1A4_9RHOO           75.00   90.00   90.00   93.33  100.00   53.45   51.72   51.72   50.00   50.00   53.45   50.00   50.98
     6: tr|A0A661KSY0|A0A661KSY0_UNCDE   53.45   51.72   51.72   51.72   53.45  100.00   57.63   57.63   52.54   52.54   53.45   50.00   50.98
     7: tr|A0A1H2E0E3|A0A1H2E0E3_9BACT   44.83   50.00   50.00   50.00   51.72   57.63  100.00  100.00   81.36   81.36   60.34   53.45   54.90
     8: tr|K0NCS2|K0NCS2_DESTT           44.83   50.00   50.00   50.00   51.72   57.63  100.00  100.00   81.36   81.36   60.34   53.45   54.90
     9: tr|A0A1H2JTQ0|A0A1H2JTQ0_9BACT   44.83   48.28   48.28   44.83   50.00   52.54   81.36   81.36  100.00  100.00   58.62   53.45   54.90
    10: tr|K0NIT0|K0NIT0_DESTT           44.83   48.28   48.28   44.83   50.00   52.54   81.36   81.36  100.00  100.00   58.62   53.45   54.90
    11: tr|A0A975GU72|A0A975GU72_9BACT   51.72   50.00   50.00   51.72   53.45   53.45   60.34   60.34   58.62   58.62  100.00   58.62   60.78
    12: tr|A0A5K8A1U6|A0A5K8A1U6_9BACT   48.28   48.28   48.28   48.28   50.00   50.00   53.45   53.45   53.45   53.45   58.62  100.00   98.04
    13: tr|A0A5K8AL44|A0A5K8AL44_9BACT   50.98   49.02   49.02   49.02   50.98   50.98   54.90   54.90   54.90   54.90   60.78   98.04  100.00
