#
#
#  Percent Identity  Matrix - created by Clustal2.1 
#
#

     1: tr|A0A947R6Y1|A0A947R6Y1_UNCPS  100.00   53.67   54.13   53.21   60.73   56.88   57.34   64.76
     2: tr|A0A933RJK9|A0A933RJK9_UNCPO   53.67  100.00   71.68   75.22   54.67   55.76   58.06   67.31
     3: tr|A0A3A4PF96|A0A3A4PF96_9BACT   54.13   71.68  100.00   80.09   54.67   55.30   56.22   62.50
     4: tr|A0A419F799|A0A419F799_9BACT   53.21   75.22   80.09  100.00   56.00   58.53   59.45   65.38
     5: tr|A0A7C4WUZ0|A0A7C4WUZ0_UNCPS   60.73   54.67   54.67   56.00  100.00   62.84   59.63   66.67
     6: tr|A8ZSU2|A8ZSU2_DESOH           56.88   55.76   55.30   58.53   62.84  100.00   76.92   80.56
     7: tr|A0A1W9PZT1|A0A1W9PZT1_9BACT   57.34   58.06   56.22   59.45   59.63   76.92  100.00  100.00
     8: tr|A0A661S908|A0A661S908_UNCDE   64.76   67.31   62.50   65.38   66.67   80.56  100.00  100.00
