#
#
#  Percent Identity  Matrix - created by Clustal2.1 
#
#

     1: tr|A0A5K8A6I1|A0A5K8A6I1_9BACT  100.00   75.12   26.35   75.28   55.15   55.15   55.86   55.93   55.81   55.81   56.19   56.23   55.56
     2: tr|A0A060GLE0|A0A060GLE0_9BACT   75.12  100.00   25.75   81.41   54.85   54.85   53.91   55.38   55.38   55.38   55.99   57.26   55.49
     3: tr|A0A0F2SAU0|A0A0F2SAU0_9FIRM   26.35   25.75  100.00   24.55   23.35   23.35   18.95   24.55   24.55   24.55   24.55   23.95   21.56
     4: tr|A0A0F2SFV9|A0A0F2SFV9_9FIRM   75.28   81.41   24.55  100.00   58.72   58.72   56.64   58.30   59.00   59.00   59.00   58.03   56.96
     5: tr|D2XBH8|D2XBH8_9BACT           55.15   54.85   23.35   58.72  100.00   99.88  100.00   92.87   91.43   91.43   91.46   69.51   68.05
     6: tr|E1YFQ9|E1YFQ9_9BACT           55.15   54.85   23.35   58.72   99.88  100.00  100.00   92.87   91.43   91.43   91.46   69.51   68.05
     7: tr|K7WP47|K7WP47_9BACT           55.86   53.91   18.95   56.64  100.00  100.00  100.00   94.94   93.77   93.77   93.77   68.09   66.54
     8: tr|B0CLU8|B0CLU8_9DELT           55.93   55.38   24.55   58.30   92.87   92.87   94.94  100.00   96.26   96.26   96.05   68.29   66.95
     9: tr|B0CLU5|B0CLU5_9DELT           55.81   55.38   24.55   59.00   91.43   91.43   93.77   96.26  100.00  100.00   99.87   69.15   67.07
    10: tr|B0CLU6|B0CLU6_9DELT           55.81   55.38   24.55   59.00   91.43   91.43   93.77   96.26  100.00  100.00   99.87   69.15   67.07
    11: tr|D8FBK7|D8FBK7_9DELT           56.19   55.99   24.55   59.00   91.46   91.46   93.77   96.05   99.87   99.87  100.00   69.41   68.12
    12: tr|A0A0F2NFL6|A0A0F2NFL6_9FIRM   56.23   57.26   23.95   58.03   69.51   69.51   68.09   68.29   69.15   69.15   69.41  100.00   74.15
    13: tr|A0A661PRM2|A0A661PRM2_UNCDE   55.56   55.49   21.56   56.96   68.05   68.05   66.54   66.95   67.07   67.07   68.12   74.15  100.00
