#
#
#  Percent Identity  Matrix - created by Clustal2.1 
#
#

     1: tr|A0A359H8X2|A0A359H8X2_9FIRM  100.00   97.62   96.70   70.73   69.44   51.89   56.60   55.03   55.35   39.94   37.69   41.95   37.88   37.88   45.24   39.70
     2: tr|A0A101G6V7|A0A101G6V7_9FIRM   97.62  100.00  100.00   71.90   71.90   52.86   59.52   57.14   57.62   38.76   39.13   43.48   39.61   39.61   23.08   38.65
     3: tr|A0A349U8R6|A0A349U8R6_9FIRM   96.70  100.00  100.00   71.95   70.68   51.89   58.18   55.66   55.97   40.58   37.69   41.64   38.18   38.18   45.24   39.70
     4: tr|A0A0F2NKA3|A0A0F2NKA3_9FIRM   70.73   71.90   71.95  100.00   89.26   55.17   56.11   52.66   53.29   42.04   38.04   42.02   38.65   38.65   49.41   40.49
     5: tr|A0A358U7B2|A0A358U7B2_9FIRM   69.44   71.90   70.68   89.26  100.00   53.97   56.83   51.43   52.38   41.29   38.20   42.55   36.96   36.96   49.41   40.06
     6: tr|A0A975BXC1|A0A975BXC1_9BACT   51.89   52.86   51.89   55.17   53.97  100.00   64.56   64.56   65.47   40.25   36.28   39.94   34.76   34.76   45.35   38.11
     7: tr|S0G5L8|S0G5L8_9BACT           56.60   59.52   58.18   56.11   56.83   64.56  100.00   81.29   81.58   39.69   36.42   41.34   36.80   36.80   46.51   38.60
     8: tr|A0A1H2E0F1|A0A1H2E0F1_9BACT   55.03   57.14   55.66   52.66   51.43   64.56   81.29  100.00   98.85   38.15   35.22   39.82   36.84   36.84   50.00   39.21
     9: tr|K0NCR9|K0NCR9_DESTT           55.35   57.62   55.97   53.29   52.38   65.47   81.58   98.85  100.00   38.46   35.82   39.82   37.43   37.43   50.00   39.51
    10: tr|E1YFQ7|E1YFQ7_9BACT           39.94   38.76   40.58   42.04   41.29   40.25   39.69   38.15   38.46  100.00   54.17   54.33   49.55   49.55   54.95   51.05
    11: tr|A0A934A076|A0A934A076_UNCDE   37.69   39.13   37.69   38.04   38.20   36.28   36.42   35.22   35.82   54.17  100.00   58.71   54.27   54.27   57.14   53.26
    12: tr|A0A975BX96|A0A975BX96_9BACT   41.95   43.48   41.64   42.02   42.55   39.94   41.34   39.82   39.82   54.33   58.71  100.00   56.78   56.78   60.44   57.22
    13: tr|A0A5K8A2E8|A0A5K8A2E8_9BACT   37.88   39.61   38.18   38.65   36.96   34.76   36.80   36.84   37.43   49.55   54.27   56.78  100.00  100.00   60.44   54.70
    14: tr|A0A5K8AP89|A0A5K8AP89_9BACT   37.88   39.61   38.18   38.65   36.96   34.76   36.80   36.84   37.43   49.55   54.27   56.78  100.00  100.00   60.44   54.70
    15: tr|A0A1H2E0B9|A0A1H2E0B9_9BACT   45.24   23.08   45.24   49.41   49.41   45.35   46.51   50.00   50.00   54.95   57.14   60.44   60.44   60.44  100.00   87.91
    16: tr|K0NI57|K0NI57_DESTT           39.70   38.65   39.70   40.49   40.06   38.11   38.60   39.21   39.51   51.05   53.26   57.22   54.70   54.70   87.91  100.00
