#
#
#  Percent Identity  Matrix - created by Clustal2.1 
#
#

     1: tr|D2XBH6|D2XBH6_9BACT          100.00   99.70   57.58   55.36   50.45   50.45   55.22   57.61   50.46
     2: tr|E1YFQ7|E1YFQ7_9BACT           99.70  100.00   57.88   55.06   50.45   50.45   55.22   57.61   50.46
     3: tr|A0A445MYY2|A0A445MYY2_9BACT   57.58   57.88  100.00   52.69   55.11   55.11   59.14   57.78   52.60
     4: tr|A0A934A076|A0A934A076_UNCDE   55.36   55.06   52.69  100.00   54.27   54.27   59.27   60.87   50.29
     5: tr|A0A5K8A2E8|A0A5K8A2E8_9BACT   50.45   50.45   55.11   54.27  100.00  100.00   57.34   63.04   50.98
     6: tr|A0A5K8AP89|A0A5K8AP89_9BACT   50.45   50.45   55.11   54.27  100.00  100.00   57.34   63.04   50.98
     7: tr|A0A975BX96|A0A975BX96_9BACT   55.22   55.22   59.14   59.27   57.34   57.34  100.00   61.96   53.60
     8: tr|A0A1H2E0B9|A0A1H2E0B9_9BACT   57.61   57.61   57.78   60.87   63.04   63.04   61.96  100.00   71.11
     9: tr|S0G636|S0G636_9BACT           50.46   50.46   52.60   50.29   50.98   50.98   53.60   71.11  100.00
