#
#
#  Percent Identity  Matrix - created by Clustal2.1 
#
#

     1: tr|A0A5K7YJI5|A0A5K7YJI5_9BACT  100.00   60.56   53.42   40.32   58.57   54.79   54.79   54.79   58.90   56.16   56.34   56.16   54.79   56.16   54.79   57.53   57.53   57.53   53.42   56.34   53.42   53.42   53.42   53.42   56.34   56.34   57.75   56.34   56.34   57.75   26.09   24.64   26.09
     2: tr|A9J4K6|A9J4K6_9RHOO           60.56  100.00   54.93   41.67   60.00   54.93   54.93   54.93   61.97   59.15   59.15   61.97   60.56   60.56   61.97   63.38   63.38   64.79   56.34   59.15   54.93   54.93   54.93   54.93   56.34   56.34   60.56   56.34   56.34   56.34   28.36   26.87   28.36
     3: tr|A0A1V1P7G8|A0A1V1P7G8_9BACT   53.42   54.93  100.00   44.62   61.43   56.76   56.76   55.26   60.53   58.11   61.97   52.05   50.68   52.05   65.79   60.27   60.27   63.16   63.01   60.56   58.90   58.90   60.27   60.27   61.97   61.97   64.79   63.38   63.38   63.38   25.00   23.61   25.00
     4: tr|A0A0N8W7H1|A0A0N8W7H1_9BACT   40.32   41.67   44.62  100.00   37.29   34.92   36.51   36.36   46.97   46.03   51.67   45.16   46.77   46.77   50.77   50.00   50.00   50.77   61.29   65.00   62.90   62.90   62.90   62.90   65.00   65.00   65.00   62.67   65.00   66.67   25.71   17.39   18.84
     5: tr|A0A355W9P0|A0A355W9P0_9BACT   58.57   60.00   61.43   37.29  100.00   74.29   72.86   72.86   67.14   68.57   61.43   58.57   57.14   60.00   65.71   60.00   60.00   65.71   65.71   64.29   64.29   64.29   64.29   64.29   64.29   64.29   67.14   65.71   65.71   65.71   31.82   30.30   31.82
     6: tr|A0A4P8L690|A0A4P8L690_9BACT   54.79   54.93   56.76   34.92   74.29  100.00   97.30   98.65   63.51   58.11   59.15   56.16   54.79   57.53   63.51   56.16   56.16   58.11   54.79   54.93   56.16   56.16   56.16   56.16   57.75   57.75   59.15   56.34   56.34   56.34   31.43   25.71   27.14
     7: tr|A0A4P8L520|A0A4P8L520_9BACT   54.79   54.93   56.76   36.51   72.86   97.30  100.00   98.65   62.16   58.11   59.15   54.79   53.42   56.16   63.51   56.16   56.16   58.11   54.79   54.93   56.16   56.16   56.16   56.16   57.75   57.75   59.15   56.34   56.34   56.34   30.00   27.14   28.57
     8: tr|A0A4P8L5N6|A0A4P8L5N6_9BACT   54.79   54.93   55.26   36.36   72.86   98.65   98.65  100.00   61.04   58.11   59.15   56.16   54.79   57.53   61.84   56.16   56.16   56.58   54.79   54.93   56.16   56.16   56.16   56.16   57.75   57.75   59.15   56.34   56.34   56.34   31.51   24.66   26.03
     9: tr|A0A7C1CFC4|A0A7C1CFC4_UNCDE   58.90   61.97   60.53   46.97   67.14   63.51   62.16   61.04  100.00   66.22   74.65   64.38   63.01   64.38   68.42   73.97   73.97   72.37   68.49   71.83   69.86   69.86   68.49   68.49   73.24   73.24   74.65   71.83   71.83   71.83   28.77   27.40   28.77
    10: tr|A0A3A4Q109|A0A3A4Q109_9BACT   56.16   59.15   58.11   46.03   68.57   58.11   58.11   58.11   66.22  100.00   76.06   54.79   53.42   54.79   63.51   63.01   63.01   63.51   67.12   64.79   65.75   65.75   65.75   65.75   67.61   67.61   66.20   67.61   67.61   67.61   30.00   31.43   32.86
    11: tr|A0A922ZZS9|A0A922ZZS9_9BACT   56.34   59.15   61.97   51.67   61.43   59.15   59.15   59.15   74.65   76.06  100.00   57.75   56.34   57.75   71.83   69.01   69.01   71.83   69.01   66.20   67.61   67.61   67.61   67.61   67.61   67.61   69.01   69.01   69.01   69.01   29.85   28.36   29.85
    12: tr|A0A1M6M9Y9|A0A1M6M9Y9_9BACT   56.16   61.97   52.05   45.16   58.57   56.16   54.79   56.16   64.38   54.79   57.75  100.00   97.26   95.89   63.01   72.60   72.60   71.23   56.16   61.97   63.01   63.01   61.64   61.64   63.38   63.38   66.20   61.97   61.97   61.97   28.99   24.64   26.09
    13: UPI000404CCE0                    54.79   60.56   50.68   46.77   57.14   54.79   53.42   54.79   63.01   53.42   56.34   97.26  100.00   95.89   61.64   72.60   72.60   69.86   54.79   60.56   61.64   61.64   60.27   60.27   61.97   61.97   64.79   60.56   60.56   60.56   28.99   24.64   26.09
    14: tr|B8FF73|B8FF73_DESAL           56.16   60.56   52.05   46.77   60.00   57.53   56.16   57.53   64.38   54.79   57.75   95.89   95.89  100.00   64.38   73.97   73.97   69.86   56.16   60.56   63.01   63.01   61.64   61.64   61.97   61.97   64.79   60.56   60.56   60.56   28.99   24.64   26.09
    15: tr|A0A937U6J2|A0A937U6J2_9BACT   54.79   61.97   65.79   50.77   65.71   63.51   63.51   61.84   68.42   63.51   71.83   63.01   61.64   64.38  100.00   73.97   73.97   68.42   68.49   66.20   67.12   67.12   68.49   68.49   70.42   70.42   71.83   71.83   71.83   71.83   27.78   26.39   27.78
    16: tr|A0A1M6CV67|A0A1M6CV67_9BACT   57.53   63.38   60.27   50.00   60.00   56.16   56.16   56.16   73.97   63.01   69.01   72.60   72.60   73.97   73.97  100.00  100.00   78.08   64.38   69.01   67.12   67.12   65.75   65.75   69.01   69.01   71.83   69.01   69.01   69.01   31.88   30.43   31.88
    17: tr|B8FEM5|B8FEM5_DESAL           57.53   63.38   60.27   50.00   60.00   56.16   56.16   56.16   73.97   63.01   69.01   72.60   72.60   73.97   73.97  100.00  100.00   78.08   64.38   69.01   67.12   67.12   65.75   65.75   69.01   69.01   71.83   69.01   69.01   69.01   31.88   30.43   31.88
    18: tr|A0A9D6X939|A0A9D6X939_UNCDE   57.53   64.79   63.16   50.77   65.71   58.11   58.11   56.58   72.37   63.51   71.83   71.23   69.86   69.86   68.42   78.08   78.08  100.00   72.60   76.06   73.97   73.97   72.60   72.60   76.06   76.06   80.28   77.46   77.46   77.46   27.78   26.39   27.78
    19: tr|A0A354H3N9|A0A354H3N9_9BACT   53.42   56.34   63.01   61.29   65.71   54.79   54.79   54.79   68.49   67.12   69.01   56.16   54.79   56.16   68.49   64.38   64.38   72.60  100.00   88.73   87.67   87.67   90.41   90.41   88.73   88.73   90.14   91.55   92.96   92.96   26.09   27.54   28.99
    20: tr|A0A0W8FMY9|A0A0W8FMY9_9ZZZZ   56.34   59.15   60.56   65.00   64.29   54.93   54.93   54.93   71.83   64.79   66.20   61.97   60.56   60.56   66.20   69.01   69.01   76.06   88.73  100.00   90.14   90.14   91.55   91.55   91.55   91.55   94.37   91.55   92.96   92.96   28.36   28.36   29.85
    21: tr|A0A094JWG1|A0A094JWG1_9BACT   53.42   54.93   58.90   62.90   64.29   56.16   56.16   56.16   69.86   65.75   67.61   63.01   61.64   63.01   67.12   67.12   67.12   73.97   87.67   90.14  100.00  100.00   97.26   95.89   95.77   95.77   91.55   90.14   91.55   91.55   27.54   27.54   28.99
    22: tr|A0A0C1RKN5|A0A0C1RKN5_9BACT   53.42   54.93   58.90   62.90   64.29   56.16   56.16   56.16   69.86   65.75   67.61   63.01   61.64   63.01   67.12   67.12   67.12   73.97   87.67   90.14  100.00  100.00   97.26   95.89   95.77   95.77   91.55   90.14   91.55   91.55   27.54   27.54   28.99
    23: tr|A0A2N2F879|A0A2N2F879_9DELT   53.42   54.93   60.27   62.90   64.29   56.16   56.16   56.16   68.49   65.75   67.61   61.64   60.27   61.64   68.49   65.75   65.75   72.60   90.41   91.55   97.26   97.26  100.00   98.63   95.77   95.77   94.37   92.96   94.37   94.37   27.54   27.54   28.99
    24: tr|A0A2N2HW33|A0A2N2HW33_9DELT   53.42   54.93   60.27   62.90   64.29   56.16   56.16   56.16   68.49   65.75   67.61   61.64   60.27   61.64   68.49   65.75   65.75   72.60   90.41   91.55   95.89   95.89   98.63  100.00   95.77   95.77   94.37   92.96   94.37   94.37   27.54   27.54   28.99
    25: tr|A0A2N2F7Q8|A0A2N2F7Q8_9DELT   56.34   56.34   61.97   65.00   64.29   57.75   57.75   57.75   73.24   67.61   67.61   63.38   61.97   61.97   70.42   69.01   69.01   76.06   88.73   91.55   95.77   95.77   95.77   95.77  100.00  100.00   94.37   92.96   95.77   94.37   28.36   28.36   29.85
    26: tr|A0A2N2HZE2|A0A2N2HZE2_9DELT   56.34   56.34   61.97   65.00   64.29   57.75   57.75   57.75   73.24   67.61   67.61   63.38   61.97   61.97   70.42   69.01   69.01   76.06   88.73   91.55   95.77   95.77   95.77   95.77  100.00  100.00   94.37   92.96   95.77   94.37   28.36   28.36   29.85
    27: tr|A0A0W8FUM6|A0A0W8FUM6_9ZZZZ   57.75   60.56   64.79   65.00   67.14   59.15   59.15   59.15   74.65   66.20   69.01   66.20   64.79   64.79   71.83   71.83   71.83   80.28   90.14   94.37   91.55   91.55   94.37   94.37   94.37   94.37  100.00   94.37   95.77   95.77   28.36   28.36   29.85
    28: tr|A0A099TD59|A0A099TD59_9BACT   56.34   56.34   63.38   62.67   65.71   56.34   56.34   56.34   71.83   67.61   69.01   61.97   60.56   60.56   71.83   69.01   69.01   77.46   91.55   91.55   90.14   90.14   92.96   92.96   92.96   92.96   94.37  100.00   97.18   98.59   27.14   27.54   28.99
    29: tr|A0A2N2I399|A0A2N2I399_9DELT   56.34   56.34   63.38   65.00   65.71   56.34   56.34   56.34   71.83   67.61   69.01   61.97   60.56   60.56   71.83   69.01   69.01   77.46   92.96   92.96   91.55   91.55   94.37   94.37   95.77   95.77   95.77   97.18  100.00   98.59   28.36   28.36   29.85
    30: tr|A0A091FHV5|A0A091FHV5_9BACT   57.75   56.34   63.38   66.67   65.71   56.34   56.34   56.34   71.83   67.61   69.01   61.97   60.56   60.56   71.83   69.01   69.01   77.46   92.96   92.96   91.55   91.55   94.37   94.37   94.37   94.37   95.77   98.59   98.59  100.00   28.36   28.36   29.85
    31: tr|A0A9D7A8P6|A0A9D7A8P6_UNCDE   26.09   28.36   25.00   25.71   31.82   31.43   30.00   31.51   28.77   30.00   29.85   28.99   28.99   28.99   27.78   31.88   31.88   27.78   26.09   28.36   27.54   27.54   27.54   27.54   28.36   28.36   28.36   27.14   28.36   28.36  100.00   55.00   55.00
    32: tr|A0A1M6M9D9|A0A1M6M9D9_9BACT   24.64   26.87   23.61   17.39   30.30   25.71   27.14   24.66   27.40   31.43   28.36   24.64   24.64   24.64   26.39   30.43   30.43   26.39   27.54   28.36   27.54   27.54   27.54   27.54   28.36   28.36   28.36   27.54   28.36   28.36   55.00  100.00   90.12
    33: tr|B8FF79|B8FF79_DESAL           26.09   28.36   25.00   18.84   31.82   27.14   28.57   26.03   28.77   32.86   29.85   26.09   26.09   26.09   27.78   31.88   31.88   27.78   28.99   29.85   28.99   28.99   28.99   28.99   29.85   29.85   29.85   28.99   29.85   29.85   55.00   90.12  100.00
