#
#
#  Percent Identity  Matrix - created by Clustal2.1 
#
#

     1: tr|B9M8G0|B9M8G0_GEODF          100.00   66.13   66.13   66.94   57.14   66.67   62.70   70.99   66.41
     2: tr|A0A1W7QN07|A0A1W7QN07_9BACT   66.13  100.00  100.00   90.32   56.45   70.97   65.32   65.32   68.55
     3: tr|A0A6S6M1M0|A0A6S6M1M0_9BACT   66.13  100.00  100.00   90.32   56.45   70.97   65.32   65.32   68.55
     4: tr|C6E1Z8|C6E1Z8_GEOSM           66.94   90.32   90.32  100.00   55.65   66.94   63.71   64.52   66.13
     5: tr|A0A562V6A7|A0A562V6A7_9BACT   57.14   56.45   56.45   55.65  100.00   60.32   70.63   66.67   72.22
     6: tr|A0A9W6G2X5|A0A9W6G2X5_9BACT   66.67   70.97   70.97   66.94   60.32  100.00   73.02   77.78   78.57
     7: tr|A0A562V0H3|A0A562V0H3_9BACT   62.70   65.32   65.32   63.71   70.63   73.02  100.00   76.19   80.16
     8: tr|A0A7C8AUU3|A0A7C8AUU3_DESBX   70.99   65.32   65.32   64.52   66.67   77.78   76.19  100.00   82.58
     9: tr|Q39TS2|Q39TS2_GEOMG           66.41   68.55   68.55   66.13   72.22   78.57   80.16   82.58  100.00
