#
#
#  Percent Identity  Matrix - created by Clustal2.1 
#
#

     1: WP_003930112|Mycobacterium_vacca  100.00   45.25   53.94   50.79   51.46   50.79   50.16   46.88   43.75   45.00   45.94   45.00   45.62   36.66   35.03
     2: WP_004181676|Klebsiella_pneumoni   45.25  100.00   59.94   57.70   58.70   50.30   50.00   46.99   50.30   47.43   46.39   46.99   45.78   40.57   34.16
     3: YP_004673996|Hyphomicrobium_sp_M   53.94   59.94  100.00   74.70   75.54   55.06   54.46   51.79   49.40   51.20   50.45   49.70   50.15   40.88   37.85
     4: AAW28146|Rhizobium_sp_TAL1145|Hp   50.79   57.70   74.70  100.00   97.22   54.82   54.52   48.19   48.49   48.80   48.80   47.89   48.80   39.31   34.78
     5: WP_018240214|Rhizobium_sp_BR816|   51.46   58.70   75.54   97.22  100.00   56.35   56.04   48.92   48.92   49.23   49.54   48.61   49.85   40.45   35.78
     6: NP_890665|Bordetella_bronchisept   50.79   50.30   55.06   54.82   56.35  100.00   99.42   54.94   53.20   52.71   56.46   50.29   50.88   39.31   38.46
     7: NP_885852|Bordetella_parapertuss   50.16   50.00   54.46   54.52   56.04   99.42  100.00   54.36   52.62   52.11   55.86   49.71   50.29   38.99   38.15
     8: EME79630|Pseudocercospora_fijien   46.88   46.99   51.79   48.19   48.92   54.94   54.36  100.00   72.57   80.95   77.45   68.77   65.70   36.68   36.92
     9: EPE09323|Ophiostoma_piceae_UAMH_   43.75   50.30   49.40   48.49   48.92   53.20   52.62   72.57  100.00   81.55   79.29   69.34   66.96   35.42   38.46
    10: EOO02204|Togninia_minima_UCRPA7|   45.00   47.43   51.20   48.80   49.23   52.71   52.11   80.95   81.55  100.00   81.85   72.92   66.96   34.80   36.34
    11: EMR66251|Eutypa_lata_UCREL1|Non    45.94   46.39   50.45   48.80   49.54   56.46   55.86   77.45   79.29   81.85  100.00   70.03   66.57   35.42   36.22
    12: XP_002145661|Talaromyces_marneff   45.00   46.99   49.70   47.89   48.61   50.29   49.71   68.77   69.34   72.92   70.03  100.00   75.00   34.17   36.92
    13: EOD50616|Neofusicoccum_parvum_UC   45.62   45.78   50.15   48.80   49.85   50.88   50.29   65.70   66.96   66.96   66.57   75.00  100.00   32.22   34.76
    14: WP_017524424|Pusillimonas_noerte   36.66   40.57   40.88   39.31   40.45   39.31   38.99   36.68   35.42   34.80   35.42   34.17   32.22  100.00   51.71
    15: YP_008032975|Achromobacter_xylos   35.03   34.16   37.85   34.78   35.78   38.46   38.15   36.92   38.46   36.34   36.22   36.92   34.76   51.71  100.00
