#
#
#  Percent Identity  Matrix - created by Clustal2.1 
#
#

     1: AAR37863|uncultured_marine_bacte  100.00   97.07   53.62   57.89   61.24   61.56   58.42   40.47   42.28   40.41   39.87   39.73   38.38   37.37   34.31   38.24   38.16   36.93   37.46   35.62   36.27   35.95   37.25   38.16   36.84   36.51   37.09   36.93   36.84   36.67   36.93   37.21   37.91   37.70   37.38   37.91   35.74   37.05   20.57   23.40   21.71   21.83   21.68   23.69   24.73   22.54   24.03   22.54   23.76   21.91   23.51   23.24   22.30   24.03   22.30   22.50   23.40   22.34   24.82   25.89   24.19   24.03   23.32   25.45   23.13   21.94   22.50   21.51   24.03   22.34   23.40   25.09   20.57   21.99   23.16   23.83   25.54   22.50   22.34   22.26   22.63   23.44   24.09   23.27   25.55   26.79   26.94   24.10   27.34   26.26
     2: WP_010504765|gamma_proteobacteri   97.07  100.00   52.30   56.49   60.26   60.59   57.76   39.46   41.61   39.73   39.20   39.39   37.37   36.70   33.99   37.91   37.50   36.60   37.46   35.29   35.95   35.62   36.27   37.50   36.18   36.18   36.42   35.62   36.18   36.00   37.25   36.88   37.91   37.70   37.38   37.91   35.74   37.05   20.92   23.05   21.35   22.18   22.38   23.00   24.73   22.54   24.38   22.89   23.40   21.91   23.51   23.24   22.66   24.38   22.30   22.14   23.40   22.34   25.18   26.24   23.83   24.38   22.97   25.09   23.13   22.66   22.86   21.51   24.03   21.99   23.05   25.09   20.21   21.63   22.81   23.10   25.54   22.14   22.34   22.26   22.26   22.71   23.72   23.27   25.11   26.07   26.20   23.74   27.34   26.26
     3: WP_019460478|Roseomonas_sp_B5|No   53.62   52.30  100.00   64.91   66.23   65.57   64.69   42.57   40.07   41.36   40.73   42.91   43.43   41.75   40.89   43.23   41.97   41.75   40.96   41.37   40.51   40.38   40.39   40.98   41.64   42.62   41.58   41.14   40.89   40.39   38.80   41.23   42.99   42.17   42.81   42.36   43.13   42.17   22.50   24.29   26.52   24.47   23.59   24.56   28.11   24.11   26.33   25.89   26.15   26.33   25.09   22.70   24.01   25.98   24.91   25.18   24.64   23.93   26.07   27.14   26.18   26.69   26.33   27.44   24.73   24.64   23.74   23.10   26.69   25.00   26.79   28.83   26.79   28.93   23.67   23.27   26.81   24.82   23.21   25.82   25.09   25.55   25.82   26.45   27.63   27.76   27.21   25.45   28.32   25.09
     4: WP_018698503|Amorphus_coralli|No   57.89   56.49   64.91  100.00   74.39   72.98   70.82   38.57   39.43   40.22   39.07   43.88   42.09   41.37   42.96   42.61   43.62   43.31   41.01   42.61   42.25   42.61   42.25   44.33   43.97   45.04   45.36   42.25   41.90   41.99   43.31   43.62   44.01   43.82   41.70   42.61   42.05   42.40   20.91   22.05   22.52   24.91   22.10   23.13   24.24   22.64   24.62   25.66   23.22   26.14   23.68   24.91   22.90   22.73   23.51   24.90   23.19   23.95   24.71   25.86   24.03   24.24   24.62   26.92   23.28   24.32   25.67   25.00   23.86   22.81   23.95   24.24   24.71   23.57   23.68   22.87   24.71   23.37   23.19   22.87   22.09   24.03   25.48   25.77   26.87   26.69   26.32   22.73   25.38   23.11
     5: WP_008597318|Nitratireductor_pac   61.24   60.26   66.23   74.39  100.00   90.91   76.64   40.00   40.13   40.07   38.74   41.41   42.09   41.75   42.02   42.67   42.30   41.69   41.92   40.07   40.07   40.07   42.35   41.97   42.62   42.62   42.90   42.02   40.79   41.00   41.04   41.20   41.69   41.50   40.20   40.72   40.85   41.18   23.76   22.34   24.56   24.65   23.78   22.65   26.86   23.24   25.44   25.35   25.53   24.73   24.21   23.24   23.02   25.09   23.34   24.64   23.40   23.40   26.95   28.37   25.27   25.44   25.80   26.16   23.84   23.74   25.00   22.58   26.50   25.89   24.47   26.15   24.82   25.53   25.26   22.38   27.34   26.07   23.40   26.64   24.82   26.37   25.91   27.27   28.19   27.14   26.94   25.54   27.34   24.82
     6: WP_007009582|Nitratireductor_aqu   61.56   60.59   65.57   72.98   90.91  100.00   76.32   41.33   41.47   42.12   40.07   43.10   44.11   43.77   44.30   44.63   44.59   43.97   44.33   42.02   42.35   42.35   44.63   44.26   44.26   44.59   45.21   43.97   42.76   43.00   43.32   42.52   43.32   43.14   41.83   42.67   42.16   42.48   22.70   22.70   24.56   23.94   23.43   23.34   25.09   23.24   25.09   25.00   25.89   25.09   23.86   22.89   23.02   24.38   23.34   24.29   24.47   23.76   26.95   28.72   25.63   25.80   25.09   26.88   23.49   23.74   23.93   23.30   26.15   24.47   24.82   25.44   25.53   25.18   23.51   23.10   26.26   25.00   22.70   27.37   25.55   26.74   26.28   26.91   27.75   27.14   26.57   25.18   26.62   25.18
     7: YP_673386|Mesorhizobium_sp_BNC1|   58.42   57.76   64.69   70.82   76.64   76.32  100.00   39.07   39.53   37.07   37.50   42.28   41.47   40.13   41.97   41.31   40.33   41.64   41.10   42.30   41.64   40.98   40.98   41.97   43.28   42.30   41.64   40.98   40.73   41.14   41.64   41.81   42.62   41.97   41.97   41.31   40.66   41.31   21.99   22.70   23.84   24.30   22.73   22.65   25.80   23.24   27.21   25.00   26.95   27.92   24.56   21.83   23.38   24.38   22.65   25.00   23.76   24.47   25.89   26.95   24.91   26.86   25.80   25.45   23.13   24.46   25.00   23.66   24.73   21.99   24.11   26.86   24.82   23.76   24.91   23.47   28.06   26.07   20.92   27.74   25.18   26.74   26.28   26.91   27.75   25.71   26.57   25.18   26.26   24.46
     8: WP_019391011|Bacillus_endophytic   40.47   39.46   42.57   38.57   40.00   41.33   39.07  100.00   83.33   79.46   79.93   49.32   47.32   47.99   46.53   46.20   47.85   48.18   45.73   45.21   43.89   44.55   48.18   46.20   46.20   47.19   46.71   47.37   48.17   47.32   45.07   44.30   45.39   45.39   46.38   45.07   46.38   47.04   23.05   26.95   28.11   26.41   25.52   24.39   26.15   26.41   25.09   25.70   24.56   24.03   23.00   23.94   22.97   23.16   23.69   24.47   24.65   23.94   25.89   28.01   27.44   26.86   26.15   27.60   25.27   23.38   24.64   25.45   23.67   24.82   24.47   26.86   25.53   25.53   24.91   24.91   29.86   25.36   26.95   29.24   25.99   26.09   24.19   26.26   29.57   30.04   29.93   27.76   28.47   27.76
     9: WP_018706654|Bacillus_fordii|Non   42.28   41.61   40.07   39.43   40.13   41.47   39.53   83.33  100.00   79.39   77.96   50.34   47.99   48.32   47.68   47.35   49.34   49.34   48.46   47.35   46.36   46.69   47.68   47.02   46.36   47.68   46.53   46.53   46.33   45.97   45.21   44.30   44.55   44.55   44.22   43.23   44.22   45.21   24.11   24.47   27.40   26.06   24.48   24.39   25.44   26.41   24.38   24.65   23.86   23.32   21.95   24.30   23.32   24.21   23.69   24.47   24.65   23.59   25.18   26.95   25.99   26.50   25.09   27.24   26.33   25.18   25.00   25.45   22.26   24.11   24.47   27.21   25.18   24.11   23.16   25.63   30.22   25.71   25.18   27.44   25.27   25.72   24.19   24.10   26.96   27.21   26.28   25.98   26.33   25.62
    10: WP_018130850|Alicyclobacillus_po   40.41   39.73   41.36   40.22   40.07   42.12   37.07   79.46   79.39  100.00   81.76   48.81   48.99   49.66   48.47   51.53   51.86   50.85   49.66   49.15   46.10   47.12   48.47   48.14   48.47   48.81   48.48   47.47   47.47   46.96   47.81   46.62   45.79   45.79   46.13   46.13   46.13   46.13   25.18   26.95   28.11   27.11   25.52   26.13   26.50   26.76   24.38   27.82   26.32   24.38   24.21   25.00   26.33   25.44   25.78   26.07   25.53   24.11   26.95   28.37   28.52   28.27   26.86   28.32   27.40   25.18   26.79   27.24   25.09   27.66   25.89   28.27   27.30   27.30   24.91   26.71   29.86   26.43   25.89   29.24   28.16   26.81   25.27   26.26   29.82   30.74   29.20   27.05   28.47   28.47
    11: WP_009334280|Bacillus_sp_2_A_57_   39.87   39.20   40.73   39.07   38.74   40.07   37.50   79.93   77.96   81.76  100.00   46.82   48.17   47.18   44.92   47.21   47.87   46.89   45.39   44.59   42.95   43.61   43.93   44.26   45.25   45.57   44.77   46.08   46.20   45.51   44.12   44.52   45.42   45.42   43.79   44.12   44.12   44.44   24.91   25.61   26.76   26.83   24.57   24.83   24.48   24.74   25.52   25.78   24.21   24.48   21.88   23.34   23.49   23.78   24.14   25.09   24.56   22.46   25.61   27.02   27.86   25.87   24.83   27.66   26.41   22.78   25.80   25.89   24.48   25.26   24.21   26.57   25.61   25.26   25.00   24.64   29.18   25.09   27.37   27.80   27.44   27.90   25.63   26.62   28.26   29.33   28.83   26.33   27.40   27.76
    12: WP_017612362|Nocardiopsis_salina   39.73   39.39   42.91   43.88   41.41   43.10   42.28   49.32   50.34   48.81   46.82  100.00   56.67   57.81   54.82   54.82   58.47   57.14   53.24   54.15   52.82   53.49   56.67   56.67   56.33   55.33   53.82   51.83   52.82   54.15   51.16   52.82   54.49   54.82   54.49   52.82   52.82   54.49   24.91   23.51   23.59   25.44   24.57   22.07   23.08   23.69   23.08   25.09   21.55   23.78   23.96   26.13   22.94   23.43   23.79   24.38   23.86   24.21   26.86   27.56   24.37   27.02   25.26   26.24   25.00   23.49   25.09   23.76   23.43   24.91   24.21   24.13   24.91   23.86   23.61   25.00   28.83   25.80   24.73   30.18   28.73   26.64   28.00   27.90   28.07   28.11   26.47   24.73   29.03   28.32
    13: WP_020418956|Amycolatopsis_sp_AT   38.38   37.37   43.43   42.09   42.09   44.11   41.47   47.32   47.99   48.99   48.17   56.67  100.00   85.02   71.10   66.45   71.76   69.77   67.24   68.44   67.11   64.92   68.77   67.11   69.44   67.77   66.34   68.32   67.66   67.66   66.67   66.34   65.02   65.68   66.34   66.34   65.02   65.02   25.52   25.87   27.02   24.65   24.83   23.71   24.74   25.00   24.04   28.12   24.91   27.18   26.30   26.74   27.05   25.78   26.80   26.76   26.57   26.92   25.96   27.72   25.98   26.48   26.13   27.56   26.67   25.89   26.41   26.15   24.39   24.83   26.92   26.13   25.17   24.83   24.57   28.11   28.01   26.76   25.26   29.24   28.88   28.99   27.08   25.90   27.39   28.98   27.37   25.62   25.98   27.40
    14: WP_020658242|Amycolatopsis_benzo   37.37   36.70   41.75   41.37   41.75   43.77   40.13   47.99   48.32   49.66   47.18   57.81   85.02  100.00   69.87   65.56   67.88   66.56   64.16   66.56   64.90   63.73   67.77   65.45   67.44   68.77   65.13   66.78   67.76   66.78   64.14   64.80   64.14   64.80   65.79   64.47   63.82   64.80   25.44   25.09   26.92   24.57   24.05   23.63   23.61   24.22   23.96   26.30   23.86   26.39   26.21   28.03   25.62   25.35   27.40   27.72   26.48   25.78   25.61   27.72   25.62   26.48   26.83   26.76   24.83   25.44   25.96   25.35   24.31   25.09   25.78   25.69   25.44   25.09   25.17   25.89   28.27   27.02   23.16   28.16   27.80   27.90   27.08   25.90   27.83   29.33   28.47   25.27   26.69   27.05
    15: WP_016910698|Streptomyces_sulphu   34.31   33.99   40.89   42.96   42.02   44.30   41.97   46.53   47.68   48.47   44.92   54.82   71.10   69.87  100.00   70.13   78.41   77.12   80.55   77.56   72.90   74.84   67.85   70.23   71.20   71.52   62.94   59.01   58.99   63.23   56.25   60.45   60.62   60.19   61.13   58.12   60.82   60.19   26.21   26.55   29.07   26.37   24.83   24.07   25.09   27.05   26.99   27.59   26.15   28.87   25.77   26.99   27.96   25.17   26.87   27.53   25.95   25.09   26.15   27.92   25.09   26.67   25.96   25.18   29.07   27.27   26.74   26.83   26.90   26.21   27.34   26.55   26.30   25.26   25.52   25.00   27.62   26.04   26.50   28.73   30.91   30.29   28.00   27.54   28.07   30.25   28.68   25.45   28.32   27.60
    16: ZP_04705968|Streptomyces_albus_J   38.24   37.91   43.23   42.61   42.67   44.63   41.31   46.20   47.35   51.53   47.21   54.82   66.45   65.56   70.13  100.00   80.83   76.03   77.13   70.51   69.50   69.52   66.24   68.28   68.28   68.61   63.99   60.57   59.24   60.91   58.36   58.77   59.68   59.87   60.83   59.05   57.64   58.28   25.35   26.39   29.27   27.59   26.03   27.30   27.68   26.90   26.30   29.31   26.15   29.41   28.87   27.34   29.75   28.72   28.67   29.72   28.47   27.87   28.62   30.04   27.96   28.42   27.37   29.08   28.92   26.06   26.92   26.67   27.34   27.08   28.82   27.68   28.47   27.78   24.83   27.56   31.34   28.32   25.80   29.82   29.82   29.20   28.00   27.17   30.26   30.96   28.68   26.88   29.03   27.24
    17: WP_018104527|Streptomyces_sp_LaP   38.16   37.50   41.97   43.62   42.30   44.59   40.33   47.85   49.34   51.86   47.87   58.47   71.76   67.88   78.41   80.83  100.00   85.08   81.91   77.10   73.97   75.48   68.61   70.87   70.87   71.52   63.90   61.59   61.61   65.25   59.94   63.40   63.17   64.33   64.33   61.59   62.42   61.46   25.17   27.59   28.72   26.71   26.19   25.76   25.43   26.37   25.95   29.31   25.80   29.21   26.46   26.99   28.67   26.90   27.89   28.22   26.99   25.44   27.21   29.68   26.88   27.37   26.67   28.01   29.07   26.22   26.74   26.48   25.86   26.21   27.34   26.21   27.34   26.30   24.48   26.76   27.97   26.04   26.15   29.45   30.18   29.56   28.36   26.81   29.82   30.60   29.04   26.52   28.67   27.24
    18: WP_016471271|Streptomyces_sp_HPH   36.93   36.60   41.75   43.31   41.69   43.97   41.64   48.18   49.34   50.85   46.89   57.14   69.77   66.56   77.12   76.03   85.08  100.00   80.55   75.96   72.73   73.57   67.85   71.20   71.52   73.14   63.26   60.06   61.34   63.52   59.18   62.34   61.83   62.34   63.29   60.88   60.44   60.44   25.17   25.17   26.99   25.68   24.49   25.08   25.09   26.37   25.61   28.62   25.80   27.15   26.80   26.99   26.16   25.52   26.53   27.53   24.91   24.74   26.50   28.62   26.16   25.96   25.96   26.95   27.34   25.17   23.96   25.78   26.21   25.17   26.99   26.90   25.95   25.61   23.45   26.06   26.57   25.35   25.44   28.73   28.36   29.56   27.64   26.81   28.95   29.89   29.78   25.81   27.60   26.52
    19: WP_018535059|Streptomyces_sp_Hmi   37.46   37.46   40.96   41.01   41.92   44.33   41.10   45.73   48.46   49.66   45.39   53.24   67.24   64.16   80.55   77.13   81.91   80.55  100.00   84.64   83.96   81.91   67.58   71.33   72.01   70.31   62.46   61.77   60.07   60.75   59.73   60.07   60.75   61.77   61.77   59.04   60.75   59.73   27.08   27.08   29.35   26.52   25.62   26.24   26.62   26.52   26.62   29.75   25.98   28.78   28.21   29.75   28.62   29.14   29.79   29.82   28.16   27.80   27.80   30.32   28.68   29.14   28.78   27.74   29.35   28.57   27.64   28.10   29.14   28.16   28.88   28.78   28.16   27.80   24.29   27.21   30.40   29.09   24.91   29.41   30.15   30.51   28.21   27.01   27.63   30.00   27.57   26.98   27.34   26.62
    20: WP_016432936|Streptomyces_sp_HGB   35.62   35.29   41.37   42.61   40.07   42.02   42.30   45.21   47.35   49.15   44.59   54.15   68.44   66.56   77.56   70.51   77.10   75.96   84.64  100.00   86.22   86.54   65.27   67.64   69.26   68.61   63.64   61.86   60.84   63.28   58.65   61.76   62.18   62.70   62.06   60.58   62.06   61.74   28.07   27.37   27.46   25.78   25.26   23.79   25.52   25.78   25.52   28.22   25.44   26.92   25.35   27.53   26.52   25.52   27.93   26.50   25.26   26.32   25.44   28.62   26.16   25.96   25.96   27.30   27.46   27.76   27.21   26.95   24.48   24.91   28.07   27.27   25.96   25.26   22.92   25.71   27.40   24.73   24.73   29.82   29.82   29.20   29.09   27.90   28.95   28.83   27.57   27.60   27.60   28.67
    21: WP_019325579|Streptomyces_sp_TOR   36.27   35.95   40.51   42.25   40.07   42.35   41.64   43.89   46.36   46.10   42.95   52.82   67.11   64.90   72.90   69.50   73.97   72.73   83.96   86.22  100.00   92.41   62.70   65.05   66.67   65.70   61.27   59.50   58.10   59.74   56.29   57.28   57.19   57.99   58.93   56.56   57.68   57.99   25.17   24.48   26.46   24.49   23.81   25.08   25.43   25.17   25.26   28.28   25.44   27.30   27.15   28.03   27.60   25.86   28.91   26.48   26.99   27.53   25.44   28.27   27.24   26.67   27.02   26.24   26.64   28.12   26.55   26.64   25.17   25.34   28.72   26.55   26.30   26.30   23.79   25.70   28.47   26.55   23.67   27.64   29.09   29.56   29.45   26.81   27.63   29.89   27.57   26.16   29.39   27.60
    22: WP_007449944|Streptomyces_coelic   35.95   35.62   40.38   42.61   40.07   42.35   40.98   44.55   46.69   47.12   43.61   53.49   64.92   63.73   74.84   69.52   75.48   73.57   81.91   86.54   92.41  100.00   62.06   64.40   66.34   66.99   62.99   58.46   56.52   59.81   55.25   58.04   58.82   57.76   57.45   57.59   58.07   58.07   26.67   25.26   27.11   25.78   24.91   24.83   25.52   26.83   26.57   28.92   26.15   27.62   26.74   27.87   27.24   25.52   27.93   26.50   27.37   27.02   25.09   28.27   27.24   26.67   27.37   26.60   27.46   27.40   26.15   25.89   25.17   25.61   28.07   27.27   26.67   25.96   22.92   26.07   27.76   25.44   24.73   27.64   28.73   28.47   29.45   27.17   28.07   30.25   28.68   26.16   29.75   28.67
    23: WP_009679607|Gordonia_neofelifae   37.25   36.27   40.39   42.25   42.35   44.63   40.98   48.18   47.68   48.47   43.93   56.67   68.77   67.77   67.85   66.24   68.61   67.85   67.58   65.27   62.70   62.06  100.00   78.32   77.67   76.05   65.15   60.13   60.39   61.84   60.13   60.00   58.52   59.03   60.65   59.16   60.32   58.71   25.35   24.65   25.09   24.13   22.22   25.26   24.56   24.83   23.16   26.22   24.73   27.37   24.39   26.22   24.73   23.86   26.64   25.53   25.00   24.65   24.03   25.44   25.81   24.56   25.26   25.27   25.80   23.21   24.47   24.91   23.86   25.70   26.41   24.56   26.41   25.35   23.00   25.09   25.71   24.82   24.03   26.91   26.91   28.10   25.82   24.64   28.95   28.11   26.84   24.37   27.24   28.32
    24: YP_703930|Rhodococcus_jostii_RHA   38.16   37.50   40.98   44.33   41.97   44.26   41.97   46.20   47.02   48.14   44.26   56.67   67.11   65.45   70.23   68.28   70.87   71.20   71.33   67.64   65.05   64.40   78.32  100.00   87.38   84.47   65.80   61.49   62.42   64.90   60.19   61.72   60.52   61.36   63.64   60.84   61.69   61.69   25.35   25.35   26.50   24.83   24.31   24.22   24.56   24.48   24.21   26.22   24.38   26.32   24.39   25.17   26.52   25.61   25.95   26.60   24.30   24.30   25.44   26.50   25.45   27.02   25.26   24.56   25.80   23.57   24.82   23.49   26.67   25.70   25.70   25.61   24.30   24.30   24.04   25.09   28.21   24.82   21.55   25.09   26.18   27.37   26.55   25.36   28.07   28.11   26.47   25.09   27.96   27.60
    25: WP_016692245|Rhodococcus_rhodoch   36.84   36.18   41.64   43.97   42.62   44.26   43.28   46.20   46.36   48.47   45.25   56.33   69.44   67.44   71.20   68.28   70.87   71.52   72.01   69.26   66.67   66.34   77.67   87.38  100.00   90.94   63.84   61.81   64.05   65.89   59.22   61.39   61.81   62.01   62.66   62.46   62.66   60.71   26.41   25.35   25.80   24.48   24.31   25.95   25.61   25.17   26.67   26.92   24.03   27.37   26.13   25.87   27.60   27.02   27.34   28.01   25.70   25.35   25.80   27.21   25.81   27.02   26.67   25.62   26.15   23.93   26.24   24.91   27.02   26.76   27.11   26.67   26.41   26.76   23.00   25.81   28.57   25.53   21.20   25.09   25.09   27.37   25.82   24.64   29.39   27.76   25.74   24.37   27.24   26.88
    26: BAD10901|Rhodococcus_rhodochrous   36.51   36.18   42.62   45.04   42.62   44.59   42.30   47.19   47.68   48.81   45.57   55.33   67.77   68.77   71.52   68.61   71.52   73.14   70.31   68.61   65.70   66.99   76.05   84.47   90.94  100.00   63.52   60.84   63.73   66.56   59.87   63.04   62.46   62.34   63.31   63.11   64.61   62.34   26.06   25.00   26.86   25.52   25.00   25.26   25.26   25.87   27.02   27.27   24.38   27.72   26.83   26.57   27.24   25.96   26.99   27.30   26.06   25.35   25.44   26.86   25.81   27.02   27.37   25.98   26.86   24.64   26.24   25.27   25.96   26.41   25.70   26.67   25.00   25.35   24.04   26.52   27.50   24.82   21.55   24.36   25.45   27.01   25.45   24.64   29.82   28.11   26.10   24.37   27.24   26.52
    27: WP_018156798|Demetria_terragena|   37.09   36.42   41.58   45.36   42.90   45.21   41.64   46.71   46.53   48.48   44.77   53.82   66.34   65.13   62.94   63.99   63.90   63.26   62.46   63.64   61.27   62.99   65.15   65.80   63.84   63.52  100.00   68.35   68.06   69.28   64.74   66.99   66.35   65.72   66.35   68.24   65.52   65.72   26.03   24.32   26.78   27.03   25.34   22.56   24.91   26.51   25.09   27.40   24.91   26.94   26.28   26.12   25.98   26.03   28.38   26.99   27.15   25.95   26.32   27.37   28.11   26.13   25.09   27.82   27.49   24.32   25.51   26.28   27.74   26.01   25.43   26.03   25.09   25.09   23.97   23.43   27.49   25.68   22.11   28.88   27.08   26.09   27.44   26.98   28.70   29.33   27.74   24.56   29.18   27.76
    28: YP_947673|Arthrobacter_aurescens   36.93   35.62   41.14   42.25   42.02   43.97   40.98   47.37   46.53   47.47   46.08   51.83   68.32   66.78   59.01   60.57   61.59   60.06   61.77   61.86   59.50   58.46   60.13   61.49   61.81   60.84   68.35  100.00   83.18   75.31   67.89   73.83   71.90   72.73   70.00   74.62   71.82   75.45   27.05   25.34   29.79   25.08   22.97   25.59   26.62   25.42   27.15   28.08   27.02   26.87   26.96   26.46   25.27   25.68   26.69   25.95   26.12   26.30   27.02   28.07   27.40   27.18   27.87   30.63   28.52   25.61   27.84   27.24   26.03   25.94   26.12   28.77   24.74   25.09   25.68   24.13   28.72   25.09   22.81   27.44   27.44   27.54   26.71   26.62   27.39   31.45   28.10   26.33   28.47   28.83
    29: WP_018778271|Arthrobacter_sp_161   36.84   36.18   40.89   41.90   40.79   42.76   40.73   48.17   46.33   47.47   46.20   52.82   67.66   67.76   58.99   59.24   61.61   61.34   60.07   60.84   58.10   56.52   60.39   62.42   64.05   63.73   68.06   83.18  100.00   75.31   68.21   71.65   72.00   71.91   71.91   75.38   70.99   73.46   24.83   24.14   28.37   24.66   22.45   24.07   26.12   25.00   26.12   26.71   25.96   26.46   27.30   26.12   23.49   25.43   28.14   27.43   26.55   26.64   27.02   28.77   26.33   27.18   26.83   29.58   26.99   25.17   27.78   27.18   26.46   25.17   26.90   27.15   24.48   24.48   26.03   25.26   27.97   26.04   21.05   26.35   25.63   26.09   27.08   26.62   28.70   31.80   28.83   25.98   27.40   27.76
    30: YP_004493756|Amycolicicoccus_sub   36.67   36.00   40.39   41.99   41.00   43.00   41.14   47.32   45.97   46.96   45.51   54.15   67.66   66.78   63.23   60.91   65.25   63.52   60.75   63.28   59.74   59.81   61.84   64.90   65.89   66.56   69.28   75.31   75.31  100.00   68.24   76.88   75.94   76.80   73.75   75.62   72.50   74.38   25.95   22.49   29.17   26.12   25.26   24.49   25.17   25.77   25.17   26.80   25.61   26.55   25.68   26.12   24.56   25.52   27.21   24.74   24.91   25.61   25.96   27.02   27.05   27.53   26.48   27.82   27.43   25.61   26.83   27.97   25.52   24.91   24.91   27.24   24.57   25.61   25.00   24.65   26.67   23.00   23.16   29.60   27.08   27.54   29.24   26.98   30.87   30.74   28.83   27.05   28.11   27.76
    31: BAC00798|Rhodococcus_sp_YK2|Dhb    36.93   37.25   38.80   43.31   41.04   43.32   41.64   45.07   45.21   47.81   44.12   51.16   66.67   64.14   56.25   58.36   59.94   59.18   59.73   58.65   56.29   55.25   60.13   60.19   59.22   59.87   64.74   67.89   68.21   68.24  100.00   77.74   70.77   72.22   70.06   71.69   70.06   70.06   24.91   26.30   28.12   27.15   24.91   24.83   27.24   25.09   25.52   27.49   26.32   25.86   26.37   27.49   24.56   25.17   25.51   25.44   25.95   25.95   24.91   26.32   26.33   27.53   27.53   28.52   27.43   25.61   27.18   26.57   25.52   23.53   24.91   28.97   24.57   24.91   26.03   26.76   28.77   26.13   23.86   29.60   29.24   28.62   29.60   28.78   29.57   32.51   27.74   28.11   28.11   29.18
    32: WP_010840301|Rhodococcus_rhodnii   37.21   36.88   41.23   43.62   41.20   42.52   41.81   44.30   44.30   46.62   44.52   52.82   66.34   64.80   60.45   58.77   63.40   62.34   60.07   61.76   57.28   58.04   60.00   61.72   61.39   63.04   66.99   73.83   71.65   76.88   77.74  100.00   78.82   77.81   75.94   77.88   74.06   74.69   25.61   23.88   28.82   27.49   24.91   25.17   26.21   26.46   25.17   26.46   28.07   26.21   24.66   25.77   23.84   24.14   25.85   24.74   24.57   24.57   23.86   25.26   25.98   27.18   26.83   27.11   26.39   24.91   26.83   26.92   25.52   23.18   24.22   28.28   24.57   23.88   26.03   25.35   27.37   24.39   24.56   28.52   27.80   30.07   30.69   29.86   30.43   30.74   28.10   26.33   27.40   27.76
    33: WP_006938331|Rhodococcus_sp_EsD8   37.91   37.91   42.99   44.01   41.69   43.32   42.62   45.39   44.55   45.79   45.42   54.49   65.02   64.14   60.62   59.68   63.17   61.83   60.75   62.18   57.19   58.82   58.52   60.52   61.81   62.46   66.35   71.90   72.00   75.94   70.77   78.82  100.00   94.88   78.01   80.18   77.11   80.12   26.71   23.63   26.87   25.34   24.32   26.26   26.62   25.25   27.49   27.40   27.02   26.69   24.23   25.09   24.20   24.66   25.34   24.22   24.05   24.91   27.02   27.02   26.33   26.13   25.78   26.41   25.77   25.09   25.60   24.66   24.66   23.39   23.71   28.08   25.77   25.43   23.29   24.13   25.77   22.26   25.26   29.24   27.80   27.90   28.88   27.34   30.87   30.74   29.20   25.27   28.47   28.47
    34: WP_003934503|Rhodococcus_ruber_B   37.70   37.70   42.17   43.82   41.50   43.14   41.97   45.39   44.55   45.79   45.42   54.82   65.68   64.80   60.19   59.87   64.33   62.34   61.77   62.70   57.99   57.76   59.03   61.36   62.01   62.34   65.72   72.73   71.91   76.80   72.22   77.81   94.88  100.00   77.95   80.12   77.34   79.46   27.05   23.63   27.55   25.68   23.99   26.26   26.96   24.92   27.15   27.74   27.02   26.35   23.89   25.09   24.91   25.34   24.66   23.53   23.71   24.57   26.32   26.32   26.33   26.13   25.78   27.46   26.12   25.77   25.94   25.34   23.97   23.73   23.37   28.08   25.43   24.74   25.00   24.48   26.46   23.29   24.91   28.88   28.16   28.62   28.52   26.98   31.30   31.45   29.56   24.91   28.47   28.11
    35: WP_006330050|Gordonia_rhizospher   37.38   37.38   42.81   41.70   40.20   41.83   41.97   46.38   44.22   46.13   43.79   54.49   66.34   65.79   61.13   60.83   64.33   63.29   61.77   62.06   58.93   57.45   60.65   63.64   62.66   63.31   66.35   70.00   71.91   73.75   70.06   75.94   78.01   77.95  100.00   81.93   78.92   81.33   26.71   25.00   27.89   26.35   26.35   23.91   26.28   25.25   26.12   26.37   26.67   26.01   25.94   27.15   24.56   25.34   26.01   24.57   24.74   25.26   27.02   27.72   27.40   27.18   27.18   27.46   27.49   25.43   25.60   25.68   25.68   23.39   24.40   29.45   25.09   25.43   26.03   25.52   29.90   26.71   24.91   31.41   32.49   30.07   30.69   29.14   31.30   33.92   31.75   25.98   28.11   27.40
    36: WP_007239518|Gordonia_otitidis_N   37.91   37.91   42.36   42.61   40.72   42.67   41.31   45.07   43.23   46.13   44.12   52.82   66.34   64.47   58.12   59.05   61.59   60.88   59.04   60.58   56.56   57.59   59.16   60.84   62.46   63.11   68.24   74.62   75.38   75.62   71.69   77.88   80.18   80.12   81.93  100.00   79.52   82.83   25.00   24.32   28.91   27.70   25.34   24.58   25.94   24.92   27.49   27.74   27.72   27.70   25.26   25.77   24.20   25.34   25.68   25.26   26.12   25.26   25.61   25.96   26.69   26.83   27.18   29.58   28.52   26.46   26.96   26.71   26.03   23.39   24.40   28.77   26.80   25.77   25.68   24.83   27.84   25.34   25.26   29.60   29.60   29.35   30.69   29.86   31.74   32.16   31.02   26.33   29.54   28.47
    37: WP_020106873|Nocardia_sp_348MFTs   35.74   35.74   43.13   42.05   40.85   42.16   40.66   46.38   44.22   46.13   44.12   52.82   65.02   63.82   60.82   57.64   62.42   60.44   60.75   62.06   57.68   58.07   60.32   61.69   62.66   64.61   65.52   71.82   70.99   72.50   70.06   74.06   77.11   77.34   78.92   79.52  100.00   83.43   28.77   25.68   29.73   27.36   25.34   25.93   26.62   25.50   27.49   27.05   26.67   25.58   25.26   27.15   24.91   25.68   26.01   24.57   24.40   24.91   27.37   28.07   29.18   27.18   27.18   28.17   28.52   26.28   27.18   25.93   27.05   25.59   25.09   29.45   27.15   27.15   27.05   25.17   28.87   25.34   25.26   29.60   28.16   28.99   28.52   28.06   33.04   33.57   31.39   26.33   29.89   28.83
    38: WP_004018944|Gordonia_terrae_NBR   37.05   37.05   42.17   42.40   41.18   42.48   41.31   47.04   45.21   46.13   44.44   54.49   65.02   64.80   60.19   58.28   61.46   60.44   59.73   61.74   57.99   58.07   58.71   61.69   60.71   62.34   65.72   75.45   73.46   74.38   70.06   74.69   80.12   79.46   81.33   82.83   83.43  100.00   27.05   24.32   28.91   27.03   24.32   24.92   26.96   25.25   27.15   26.37   26.67   25.68   24.91   25.43   23.13   23.63   25.68   23.88   23.71   24.22   26.32   26.32   27.05   26.13   26.48   27.82   26.80   25.09   25.94   25.34   24.66   23.39   24.40   29.11   24.74   25.09   26.03   23.08   28.52   23.29   24.91   30.32   29.96   28.99   28.88   27.70   31.30   33.22   30.66   26.33   28.47   28.11
    39: WP_006158881|Cupriavidus_basilen   20.57   20.92   22.50   20.91   23.76   22.70   21.99   23.05   24.11   25.18   24.91   24.91   25.52   25.44   26.21   25.35   25.17   25.17   27.08   28.07   25.17   26.67   25.35   25.35   26.41   26.06   26.03   27.05   24.83   25.95   24.91   25.61   26.71   27.05   26.71   25.00   28.77   27.05  100.00   40.06   40.19   37.42   36.45   37.50   43.91   38.39   40.45   40.13   38.80   39.23   45.48   43.97   45.85   46.25   46.45   45.28   45.81   45.45   46.15   47.16   47.12   45.95   44.59   45.51   45.81   44.81   45.16   45.31   47.42   46.95   43.45   45.98   46.77   46.60   42.72   41.64   40.98   40.45   31.42   33.56   32.88   33.10   31.63   31.49   29.67   34.46   33.80   33.22   34.78   35.57
    40: WP_004253847|Thauera_sp_63|Non     23.40   23.05   24.29   22.05   22.34   22.70   22.70   26.95   24.47   26.95   25.61   23.51   25.87   25.09   26.55   26.39   27.59   25.17   27.08   27.37   24.48   25.26   24.65   25.35   25.35   25.00   24.32   25.34   24.14   22.49   26.30   23.88   23.63   23.63   25.00   24.32   25.68   24.32   40.06  100.00   43.73   38.91   40.51   37.82   45.51   39.23   41.61   41.29   39.00   40.38   43.69   45.45   47.67   45.93   44.84   45.93   45.81   45.45   45.00   45.00   44.26   44.11   44.78   44.85   43.73   45.78   44.19   44.01   46.30   44.87   45.02   43.27   48.55   44.66   40.00   41.18   41.83   42.90   29.05   27.74   30.14   31.72   30.61   31.38   32.52   33.45   32.75   30.54   30.43   32.21
    41: YP_002822634|Rhizobium_sp_NGR234   21.71   21.35   26.52   22.52   24.56   24.56   23.84   28.11   27.40   28.11   26.76   23.59   27.02   26.92   29.07   29.27   28.72   26.99   29.35   27.46   26.46   27.11   25.09   26.50   25.80   26.86   26.78   29.79   28.37   29.17   28.12   28.82   26.87   27.55   27.89   28.91   29.73   28.91   40.19   43.73  100.00   49.20   48.23   47.44   50.32   47.47   47.42   50.65   49.00   50.47   43.37   43.97   45.51   44.77   48.06   46.58   46.10   46.08   44.67   46.00   44.56   45.76   46.10   47.51   47.59   48.09   45.25   46.98   47.27   44.48   43.73   46.30   46.45   45.16   47.25   47.06   49.51   49.36   35.47   40.07   40.75   40.34   38.44   38.62   38.46   40.82   40.35   38.59   37.79   36.58
    42: AAB58815|Sphingobium_xenophagum_   21.83   22.18   24.47   24.91   24.65   23.94   24.30   26.41   26.06   27.11   26.83   25.44   24.65   24.57   26.37   27.59   26.71   25.68   26.52   25.78   24.49   25.78   24.13   24.83   24.48   25.52   27.03   25.08   24.66   26.12   27.15   27.49   25.34   25.68   26.35   27.70   27.36   27.03   37.42   38.91   49.20  100.00   74.05   48.25   52.72   48.73   48.55   48.56   49.34   51.27   45.78   44.98   49.00   47.23   50.00   49.35   46.93   45.93   45.70   46.03   44.41   49.16   46.46   48.33   46.62   48.39   48.72   48.55   50.00   46.82   44.52   47.27   46.45   49.19   49.84   47.71   52.61   49.04   33.11   36.05   36.39   36.99   37.50   38.36   36.84   39.06   37.85   36.67   38.67   37.33
    43: WP_010124928|Sphingomonas_sp_KC8   21.68   22.38   23.59   22.10   23.78   23.43   22.73   25.52   24.48   25.52   24.57   24.57   24.83   24.05   24.83   26.03   26.19   24.49   25.62   25.26   23.81   24.91   22.22   24.31   24.31   25.00   25.34   22.97   22.45   25.26   24.91   24.91   24.32   23.99   26.35   25.34   25.34   24.32   36.45   40.51   48.23   74.05  100.00   45.74   51.76   49.36   48.55   48.56   48.36   48.09   49.35   44.19   49.00   46.91   45.22   48.70   47.57   45.93   47.70   47.37   45.08   49.83   46.15   49.67   48.87   48.70   47.74   48.22   48.08   47.12   44.19   45.98   47.10   47.90   48.87   46.73   50.66   47.42   31.23   37.07   36.73   33.90   35.47   36.64   34.41   39.93   40.14   37.33   35.33   36.00
    44: WP_004991980|Acinetobacter_ursin   23.69   23.00   24.56   23.13   22.65   23.34   22.65   24.39   24.39   26.13   24.83   22.07   23.71   23.63   24.07   27.30   25.76   25.08   26.24   23.79   25.08   24.83   25.26   24.22   25.95   25.26   22.56   25.59   24.07   24.49   24.83   25.17   26.26   26.26   23.91   24.58   25.93   24.92   37.50   37.82   47.44   48.25   45.74  100.00   52.87   56.37   53.53   53.82   53.77   54.92   39.87   41.16   43.38   42.72   41.64   42.90   42.77   44.34   40.66   42.62   42.23   43.33   44.00   43.52   41.99   41.75   42.77   41.61   45.69   42.17   41.35   41.99   43.73   44.84   44.55   49.19   44.92   43.09   33.89   31.19   31.53   33.56   34.68   32.42   36.44   35.57   34.95   34.67   35.33   34.33
    45: YP_004980380|Burkholderia_sp_YI2   24.73   24.73   28.11   24.24   26.86   25.09   25.80   26.15   25.44   26.50   24.48   23.08   24.74   23.61   25.09   27.68   25.43   25.09   26.62   25.52   25.43   25.52   24.56   24.56   25.61   25.26   24.91   26.62   26.12   25.17   27.24   26.21   26.62   26.96   26.28   25.94   26.62   26.96   43.91   45.51   50.32   52.72   51.76   52.87  100.00   53.85   54.84   56.41   57.14   54.63   49.68   47.57   49.16   52.60   49.52   50.81   50.16   49.19   48.84   49.50   49.16   52.51   50.17   49.67   50.32   51.47   49.84   49.68   48.23   48.23   49.68   49.52   50.00   50.97   48.55   48.52   49.67   51.13   34.23   36.73   37.07   41.58   41.22   40.89   37.96   40.13   37.59   38.46   39.80   37.12
    46: WP_016832650|Herbaspirillum_lusi   22.54   22.54   24.11   22.64   23.24   23.24   23.24   26.41   26.41   26.76   24.74   23.69   25.00   24.22   27.05   26.90   26.37   26.37   26.52   25.78   25.17   26.83   24.83   24.48   25.17   25.87   26.51   25.42   25.00   25.77   25.09   26.46   25.25   24.92   25.25   24.92   25.50   25.25   38.39   39.23   47.47   48.73   49.36   56.37   53.85  100.00   58.52   57.37   56.29   55.42   44.81   45.63   48.33   44.63   46.15   47.73   48.22   46.91   45.70   48.01   50.51   47.47   46.80   46.33   47.91   46.01   45.14   45.91   45.19   44.48   45.48   45.66   46.77   47.25   47.27   48.37   49.84   46.15   34.45   36.05   36.39   36.99   38.18   36.64   37.25   37.37   37.85   36.00   36.00   36.00
    47: ACF20631|Achromobacter_sp_BP3|Dh   24.03   24.38   26.33   24.62   25.44   25.09   27.21   25.09   24.38   24.38   25.52   23.08   24.04   23.96   26.99   26.30   25.95   25.61   26.62   25.52   25.26   26.57   23.16   24.21   26.67   27.02   25.09   27.15   26.12   25.17   25.52   25.17   27.49   27.15   26.12   27.49   27.49   27.15   40.45   41.61   47.42   48.55   48.55   53.53   54.84   58.52  100.00   66.03   63.91   64.42   44.98   44.98   46.84   47.23   49.84   49.68   46.93   48.38   44.37   46.69   46.62   48.48   47.14   50.50   48.06   46.58   48.87   48.38   45.19   45.66   47.10   47.27   45.16   47.57   45.98   44.44   46.20   46.28   34.90   34.35   35.71   35.27   38.18   37.33   34.41   39.19   37.28   37.00   38.33   36.33
    48: WP_007860529|Acidovorax_sp_CF316   22.54   22.89   25.89   25.66   25.35   25.00   25.00   25.70   24.65   27.82   25.78   25.09   28.12   26.30   27.59   29.31   29.31   28.62   29.75   28.22   28.28   28.92   26.22   26.22   26.92   27.27   27.40   28.08   26.71   26.80   27.49   26.46   27.40   27.74   26.37   27.74   27.05   26.37   40.13   41.29   50.65   48.56   48.56   53.82   56.41   57.37   66.03  100.00   65.02   66.45   46.28   48.71   51.83   47.56   50.00   50.32   48.54   50.65   46.20   46.53   47.64   48.99   50.34   48.17   48.71   48.21   47.90   49.03   48.08   48.23   45.81   48.23   45.81   47.57   43.59   48.69   47.52   49.84   36.12   33.90   34.24   35.27   38.38   36.86   35.63   40.40   38.54   38.33   40.00   38.67
    49: YP_002908808|Burkholderia_glumae   23.76   23.40   26.15   23.22   25.53   25.89   26.95   24.56   23.86   26.32   24.21   21.55   24.91   23.86   26.15   26.15   25.80   25.80   25.98   25.44   25.44   26.15   24.73   24.38   24.03   24.38   24.91   27.02   25.96   25.61   26.32   28.07   27.02   27.02   26.67   27.72   26.67   26.67   38.80   39.00   49.00   49.34   48.36   53.77   57.14   56.29   63.91   65.02  100.00   64.57   46.15   46.36   46.49   47.47   47.21   45.97   48.16   48.16   43.71   46.03   46.90   47.80   47.80   46.10   48.67   45.30   47.83   46.82   47.02   47.18   48.67   49.50   47.67   45.15   49.50   47.97   47.62   45.67   36.82   34.35   36.05   36.43   38.51   36.99   37.80   38.26   37.72   37.46   36.79   35.45
    50: WP_016452632|Delftia_acidovorans   21.91   21.91   26.33   26.14   24.73   25.09   27.92   24.03   23.32   24.38   24.48   23.78   27.18   26.39   28.87   29.41   29.21   27.15   28.78   26.92   27.30   27.62   27.37   26.32   27.37   27.72   26.94   26.87   26.46   26.55   25.86   26.21   26.69   26.35   26.01   27.70   25.58   25.68   39.23   40.38   50.47   51.27   48.09   54.92   54.63   55.42   64.42   66.45   64.57  100.00   44.98   48.54   49.17   46.75   52.24   52.75   50.00   50.00   46.69   47.68   47.30   49.83   51.18   51.83   49.68   49.04   46.56   47.02   48.56   47.17   46.62   48.40   46.30   46.45   47.27   45.28   46.75   46.01   34.90   36.73   37.07   39.04   37.84   36.99   36.44   36.82   36.59   37.67   35.33   36.00
    51: YP_295355|Ralstonia_eutropha_JMP   23.51   23.51   25.09   23.68   24.21   23.86   24.56   23.00   21.95   24.21   21.88   23.96   26.30   26.21   25.77   28.87   26.46   26.80   28.21   25.35   27.15   26.74   24.39   24.39   26.13   26.83   26.28   26.96   27.30   25.68   26.37   24.66   24.23   23.89   25.94   25.26   25.26   24.91   45.48   43.69   43.37   45.78   49.35   39.87   49.68   44.81   44.98   46.28   46.15   44.98  100.00   58.44   60.20   59.94   60.97   63.11   63.02   63.23   58.00   59.33   58.25   59.53   58.86   56.39   56.96   56.54   55.02   56.17   55.66   55.99   52.41   52.90   53.07   51.94   45.31   47.04   49.84   53.09   30.51   37.46   34.71   35.99   36.86   35.29   32.52   36.70   34.03   35.69   32.89   31.31
    52: WP_017524064|Pusillimonas_noerte   23.24   23.24   22.70   24.91   23.24   22.89   21.83   23.94   24.30   25.00   23.34   26.13   26.74   28.03   26.99   27.34   26.99   26.99   29.75   27.53   28.03   27.87   26.22   25.17   25.87   26.57   26.12   26.46   26.12   26.12   27.49   25.77   25.09   25.09   27.15   25.77   27.15   25.43   43.97   45.45   43.97   44.98   44.19   41.16   47.57   45.63   44.98   48.71   46.36   48.54   58.44  100.00   60.67   61.56   62.58   61.56   62.34   64.94   61.06   62.38   57.43   58.67   61.00   57.81   59.09   59.87   57.98   59.48   53.72   53.90   57.79   56.31   54.40   51.63   45.02   45.07   48.50   50.33   33.22   35.15   36.18   36.21   35.59   35.40   33.88   36.36   37.15   38.93   37.58   36.58
