#
#
#  Percent Identity  Matrix - created by Clustal2.1 
#
#

     1: tr|A0A1G1EGK3|A0A1G1EGK3_9BACT  100.00   88.51   75.93   57.06   64.52   64.31   63.97   27.61   25.49   27.73   26.25   29.15   27.33   28.35   29.59   28.94   28.51
     2: tr|A0A931R1X9|A0A931R1X9_UNCNI   88.51  100.00   70.37   58.30   64.31   63.51   63.76   28.91   26.14   28.82   27.98   29.89   28.85   29.44   30.02   30.02   28.94
     3: tr|A0A5P9NYU8|A0A5P9NYU8_9BACT   75.93   70.37  100.00  100.00   75.93   74.07   74.07   42.59   50.00   48.15   42.59   40.74   37.04   40.74   44.44   48.15   48.15
     4: tr|D8WWP8|D8WWP8_9FIRM           57.06   58.30  100.00  100.00   60.53   59.72   60.53   30.35   29.26   31.29   30.28   31.97   30.28   32.17   32.32   32.54   32.32
     5: tr|A0A1G1EF60|A0A1G1EF60_9BACT   64.52   64.31   75.93   60.53  100.00   90.95   91.29   29.57   26.80   29.91   27.55   29.15   30.80   29.87   30.02   30.02   29.16
     6: tr|A0A931W1L6|A0A931W1L6_UNCNI   64.31   63.51   74.07   59.72   90.95  100.00   94.55   28.91   27.23   30.35   29.07   30.26   31.24   30.74   31.53   30.89   29.81
     7: tr|A0A932FWR2|A0A932FWR2_UNCTE   63.97   63.76   74.07   60.53   91.29   94.55  100.00   29.22   26.59   29.84   28.28   29.89   31.00   29.41   30.25   29.80   28.67
     8: tr|D3RZ65|D3RZ65_FERPA           27.61   28.91   42.59   30.35   29.57   28.91   29.22  100.00   50.94   51.68   48.64   47.20   53.44   53.96   53.54   52.50   53.33
     9: tr|A0A2W1A671|A0A2W1A671_UNCCH   25.49   26.14   50.00   29.26   26.80   27.23   26.59   50.94  100.00   63.62   60.37   59.86   62.45   59.34   59.34   59.75   59.34
    10: tr|A0A381VQA7|A0A381VQA7_9ZZZZ   27.73   28.82   48.15   31.29   29.91   30.35   29.84   51.68   63.62  100.00   74.84   70.49   67.36   63.62   64.66   65.90   64.45
    11: tr|A0A2W1ANM5|A0A2W1ANM5_UNCCH   26.25   27.98   42.59   30.28   27.55   29.07   28.28   48.64   60.37   74.84  100.00   93.47   65.70   61.16   61.16   59.71   59.50
    12: tr|A0A381T733|A0A381T733_9ZZZZ   29.15   29.89   40.74   31.97   29.15   30.26   29.89   47.20   59.86   70.49   93.47  100.00   64.60   58.42   57.04   58.08   57.73
    13: tr|A0A2N0KUF9|A0A2N0KUF9_9CHLR   27.33   28.85   37.04   30.28   30.80   31.24   31.00   53.44   62.45   67.36   65.70   64.60  100.00   67.98   63.84   63.43   63.84
    14: tr|B3T135|B3T135_9ZZZZ           28.35   29.44   40.74   32.17   29.87   30.74   29.41   53.96   59.34   63.62   61.16   58.42   67.98  100.00   75.46   76.29   73.61
    15: tr|A0A2N0KP94|A0A2N0KP94_9CHLR   29.59   30.02   44.44   32.32   30.02   31.53   30.25   53.54   59.34   64.66   61.16   57.04   63.84   75.46  100.00   85.19   83.95
    16: tr|A0A381N290|A0A381N290_9ZZZZ   28.94   30.02   48.15   32.54   30.02   30.89   29.80   52.50   59.75   65.90   59.71   58.08   63.43   76.29   85.19  100.00   87.45
    17: tr|A0A381NCG6|A0A381NCG6_9ZZZZ   28.51   28.94   48.15   32.32   29.16   29.81   28.67   53.33   59.34   64.45   59.50   57.73   63.84   73.61   83.95   87.45  100.00
