#
#
#  Percent Identity  Matrix - created by Clustal2.1 
#
#

     1: WP_004863060|Acinetobacter_gerne  100.00   51.97   53.80   55.12   53.95   55.63   51.06   55.59   55.26   58.33   58.33   59.00
     2: BAA25611|Rhodococcus_erythropoli   51.97  100.00   69.16   69.48   69.87   71.95   72.28   70.00   70.32   57.00   57.00   57.67
     3: AAC44741|Terrabacter_sp_DPO360|D   53.80   69.16  100.00   98.05   73.05   74.26   75.44   75.00   75.32   58.67   61.00   61.67
     4: BAC00789|Rhodococcus_sp_YK2|Thb    55.12   69.48   98.05  100.00   73.05   75.25   76.14   75.97   76.30   59.67   61.33   62.00
     5: BAG06220|Nocardioides_sp_DF412|T   53.95   69.87   73.05   73.05  100.00   78.22   76.14   74.19   75.16   59.67   62.67   63.00
     6: ZP_05480177|Streptomyces_sp_AA4|   55.63   71.95   74.26   75.25   78.22  100.00   73.59   75.25   76.57   60.20   60.87   61.54
     7: BAB78765|Terrabacter_sp_DBF63|Th   51.06   72.28   75.44   76.14   76.14   73.59  100.00   76.49   75.79   60.56   61.27   61.97
     8: YP_007519891|Streptomyces_davawe   55.59   70.00   75.00   75.97   74.19   75.25   76.49  100.00   89.68   60.00   63.33   64.00
     9: ZP_04691178|Streptomyces_ghanaen   55.26   70.32   75.32   76.30   75.16   76.57   75.79   89.68  100.00   61.00   65.33   66.00
    10: WP_003081583|Comamonas_testoster   58.33   57.00   58.67   59.67   59.67   60.20   60.56   60.00   61.00  100.00   70.67   71.00
    11: ZP_03570606|Burkholderia_multivo   58.33   57.00   61.00   61.33   62.67   60.87   61.27   63.33   65.33   70.67  100.00   97.33
    12: WP_009687622|Burkholderia_sp_TJI   59.00   57.67   61.67   62.00   63.00   61.54   61.97   64.00   66.00   71.00   97.33  100.00
