#
#
#  Percent Identity  Matrix - created by Clustal2.1 
#
#

     1: tr|A0A523C1W2|A0A523C1W2_UNCCL  100.00   56.39   52.41   51.15   50.94   51.57   51.36   51.57   50.73   50.73   50.73   50.73   53.46   53.04   52.62   52.20   52.20   52.20   53.04   52.20   53.04   52.41   52.41   52.62   54.32   53.46   52.58   51.78   57.77   56.09   57.98   57.77   58.19   61.13   56.51   55.06   55.06   56.75   56.93   56.09   57.77   58.40   58.40   56.54   57.68   57.47   56.24   59.03   60.84   55.61   56.09   58.82   57.98   60.50   60.71   61.34   60.71   60.71   61.34   61.46   60.50   60.71   61.46
     2: tr|A0A9D8JYU6|A0A9D8JYU6_UNCCH   56.39  100.00   72.41   71.16   72.41   72.61   72.61   72.61   71.16   73.44   73.44   71.58   72.08   74.69   74.69   74.27   74.27   75.52   74.27   73.24   73.65   73.44   73.44   72.82   74.75   74.69   72.55   73.03   57.83   60.00   59.50   60.13   60.13   64.72   62.00   62.47   62.47   65.41   64.72   64.30   66.60   66.18   66.39   67.78   67.99   67.99   65.69   70.62   69.81   61.17   59.92   62.84   67.22   65.14   65.34   65.14   64.93   65.55   64.51   67.25   64.72   64.30   61.54
     3: tr|A0A1E4IF86|A0A1E4IF86_9BURK   52.41   72.41  100.00   94.83   89.03   88.20   86.57   88.22   86.96   89.03   89.03   90.06   90.18   85.06   85.92   88.41   88.41   87.16   87.34   87.34   89.00   88.17   88.17   87.97   90.44   87.76   78.94   81.57   53.75   55.09   54.79   55.42   55.62   57.92   57.71   56.07   56.07   57.74   58.54   58.12   58.75   57.71   57.92   64.51   61.72   60.04   58.04   64.17   62.68   59.95   57.92   62.29   59.79   60.83   62.71   61.46   61.04   62.08   61.67   62.09   61.67   62.29   56.46
     4: tr|A0A941Z252|A0A941Z252_UNCPS   51.15   71.16   94.83  100.00   86.54   85.71   84.30   86.16   85.09   86.96   86.96   89.23   90.18   84.23   85.51   86.54   86.54   85.51   86.31   86.10   86.51   87.14   87.14   86.10   89.22   85.68   79.15   81.37   53.96   54.05   53.75   54.38   54.58   57.08   57.71   56.90   56.90   58.16   58.12   57.50   58.33   57.29   57.29   63.67   61.09   60.04   58.46   64.38   63.10   60.68   58.33   61.67   59.58   61.25   62.71   61.46   60.83   62.08   62.08   61.85   61.67   62.29   55.02
     5: tr|A0A951W3M5|A0A951W3M5_9RHOO   50.94   72.41   89.03   86.54  100.00   98.56   93.61   93.20   95.05   95.05   95.05   90.66   84.09   87.14   89.48   89.69   89.69   88.66   87.14   86.31   88.59   86.93   86.93   86.51   90.69   87.14   80.64   81.65   52.39   53.32   54.05   54.68   54.89   56.96   56.85   55.11   55.11   58.66   57.50   56.13   58.42   56.96   56.96   62.13   60.88   58.79   57.32   63.33   62.26   57.28   55.93   60.08   61.00   61.12   61.62   60.50   60.08   61.95   60.91   61.19   60.91   60.91   55.24
     6: tr|A0A9D6HLD7|A0A9D6HLD7_9RHOO   51.57   72.61   88.20   85.71   98.56  100.00   93.20   92.78   94.02   94.64   94.64   90.04   83.18   87.34   89.07   89.69   89.69   88.66   87.34   86.10   88.80   86.72   86.72   86.51   90.44   87.34   80.85   81.24   52.39   53.73   55.09   55.30   55.51   56.76   57.05   55.11   55.11   58.87   57.08   56.13   58.42   57.38   57.38   62.13   60.67   59.00   57.53   63.13   62.47   56.80   56.34   60.50   61.00   61.75   61.83   60.50   60.29   61.95   61.54   61.94   60.91   61.54   55.71
     7: tr|A0A1N7AT66|A0A1N7AT66_9RHOO   51.36   72.61   86.57   84.30   93.61   93.20  100.00   97.12   95.05   95.05   95.05   88.82   82.50   84.65   88.45   88.87   88.87   88.45   85.68   85.27   86.93   84.23   84.23   85.06   88.97   85.27   79.79   80.21   53.64   54.77   54.47   55.30   55.51   58.42   58.30   56.99   56.99   60.75   58.75   57.80   58.84   57.38   57.38   63.88   62.34   60.67   58.66   64.17   62.47   57.77   57.38   60.29   62.24   61.95   61.41   61.54   60.91   62.79   61.54   61.69   61.54   61.75   56.19
     8: tr|H0Q4V4|H0Q4V4_9RHOO           51.57   72.61   88.22   86.16   93.20   92.78   97.12  100.00   94.02   95.05   95.05   89.86   83.64   84.85   88.04   89.28   89.28   88.45   86.31   86.51   87.55   85.48   85.48   86.10   89.46   86.51   79.79   80.41   53.43   55.19   54.26   55.30   55.51   58.00   57.26   56.37   56.37   60.13   58.33   57.80   58.42   56.96   56.96   63.47   61.92   60.46   58.87   64.58   62.05   58.74   56.96   59.67   62.45   61.33   62.03   61.75   61.33   62.99   61.54   61.94   61.75   61.95   55.71
     9: tr|Q5P480|Q5P480_AROAE           50.73   71.16   86.96   85.09   95.05   94.02   95.05   94.02  100.00   95.46   95.46   89.83   82.50   85.68   87.84   88.25   88.25   87.42   85.48   84.85   86.93   84.85   84.85   85.06   88.48   85.06   80.43   81.03   52.39   53.53   53.85   54.68   54.89   57.38   57.26   55.95   55.95   59.50   57.50   56.55   58.00   56.55   56.55   63.39   61.09   59.00   57.53   63.33   62.05   58.50   57.38   61.12   61.41   60.91   61.00   60.50   59.88   61.95   60.71   60.95   60.91   61.12   55.71
    10: tr|A0A2R4BQN9|A0A2R4BQN9_THAAR   50.73   73.44   89.03   86.96   95.05   94.64   95.05   95.05   95.46  100.00  100.00   90.25   82.63   86.51   88.87   90.10   90.10   90.10   87.76   85.89   90.04   86.72   86.72   87.76   90.44   87.76   80.21   80.77   52.81   54.98   55.09   55.72   55.93   58.63   57.73   56.99   56.99   60.54   58.96   58.00   59.46   58.00   58.00   63.81   61.72   59.83   57.95   65.21   63.31   58.50   56.96   61.12   62.24   61.12   61.83   61.54   61.54   63.41   61.95   62.19   62.37   62.37   55.71
    11: tr|Q9F2B4|Q9F2B4_THAAR           50.73   73.44   89.03   86.96   95.05   94.64   95.05   95.05   95.46  100.00  100.00   90.25   84.32   86.51   88.87   90.10   90.10   90.10   87.76   85.89   90.04   86.72   86.72   87.76   90.44   87.76   80.21   81.65   52.81   54.98   55.09   55.72   55.93   58.63   58.09   56.99   56.99   60.54   58.96   58.00   59.46   58.00   58.00   63.81   61.72   59.83   57.95   65.21   63.31   58.50   56.96   61.12   62.24   61.12   61.83   61.54   61.54   63.41   61.95   62.19   62.37   62.37   55.71
    12: tr|A0A936KBY5|A0A936KBY5_9BURK   50.73   71.58   90.06   89.23   90.66   90.04   88.82   89.86   89.83   90.25   90.25  100.00   87.19   87.55   88.17   89.21   89.21   87.34   89.83   88.80   89.42   88.80   88.80   88.17   92.65   88.59   81.28   81.95   52.40   54.79   54.28   55.32   55.53   57.62   57.41   55.77   55.77   59.12   58.25   56.58   58.04   56.58   56.58   63.05   61.72   60.04   58.25   64.17   62.68   58.98   57.20   60.75   60.33   60.75   61.38   62.00   60.75   61.80   62.21   62.50   61.17   62.21   57.69
    13: tr|A0A963NPP2|A0A963NPP2_9BURK   53.46   72.08   90.18   90.18   84.09   83.18   82.50   83.64   82.50   82.63   84.32   87.19  100.00   88.33   86.36   87.27   87.27   86.59   88.56   90.85   89.47   92.91   92.91   91.53   92.16   92.22   81.18   79.73   54.67   55.58   56.04   56.95   57.18   57.86   58.47   56.75   56.75   57.89   59.36   56.95   58.77   57.63   57.63   64.14   63.07   61.70   61.93   64.45   63.36   61.35   59.68   61.73   60.91   61.05   62.50   62.41   61.73   63.10   62.64   61.44   61.73   61.96   55.24
    14: tr|A0A933Q992|A0A933Q992_9RHOO   53.04   74.69   85.06   84.23   87.14   87.34   84.65   84.85   85.68   86.51   86.51   87.55   88.33  100.00   92.12   91.29   91.29   91.08   92.32   91.70   92.74   91.91   91.91   92.12   93.14   91.70   81.49   81.12   54.70   56.04   56.16   56.58   56.78   58.04   58.66   56.60   56.60   60.59   59.29   58.04   59.92   58.46   58.46   62.97   63.18   62.34   60.67   66.04   65.20   60.68   58.25   61.38   62.63   62.84   62.63   63.26   62.63   64.30   63.88   63.00   62.84   63.05   56.25
    15: tr|A0A936TWP3|A0A936TWP3_9PROT   52.62   74.69   85.92   85.51   89.48   89.07   88.45   88.04   87.84   88.87   88.87   88.17   86.36   92.12  100.00   95.05   95.05   95.26   92.32   90.25   93.57   91.29   91.29   90.46   93.38   90.87   82.34   82.27   53.85   55.19   55.30   55.72   55.93   58.21   58.92   57.20   57.20   60.75   58.33   56.76   60.29   58.84   58.84   63.81   63.39   62.13   60.04   65.62   64.57   60.19   59.04   61.54   62.24   62.16   62.24   61.95   61.75   63.20   62.79   62.44   61.75   61.95   56.67
    16: tr|A0A2N2TX53|A0A2N2TX53_9PROT   52.20   74.27   88.41   86.54   89.69   89.69   88.87   89.28   88.25   90.10   90.10   89.21   87.27   91.29   95.05  100.00  100.00   97.53   92.53   91.08   94.61   91.29   91.29   92.95   93.38   92.53   81.70   81.65   53.85   56.02   55.93   56.34   56.55   57.59   58.09   57.41   57.41   60.13   59.17   57.38   59.67   58.21   58.21   65.48   63.39   62.13   60.25   65.83   63.73   59.71   58.63   62.37   62.24   61.75   63.07   62.37   62.37   63.62   62.58   62.94   62.16   62.58   58.10
    17: tr|A0A963C3Z1|A0A963C3Z1_9RHOO   52.20   74.27   88.41   86.54   89.69   89.69   88.87   89.28   88.25   90.10   90.10   89.21   87.27   91.29   95.05  100.00  100.00   97.53   92.53   91.08   94.61   91.29   91.29   92.95   93.38   92.53   81.70   81.65   53.85   56.02   55.93   56.34   56.55   57.59   58.09   57.41   57.41   60.13   59.17   57.38   59.67   58.21   58.21   65.48   63.39   62.13   60.25   65.83   63.73   59.71   58.63   62.37   62.24   61.75   63.07   62.37   62.37   63.62   62.58   62.94   62.16   62.58   58.10
    18: tr|A0A935A793|A0A935A793_9PROT   52.20   75.52   87.16   85.51   88.66   88.66   88.45   88.45   87.42   90.10   90.10   87.34   86.59   91.08   95.26   97.53   97.53  100.00   92.74   91.08   94.61   91.49   91.49   91.91   92.40   92.32   81.28   82.06   54.47   56.43   56.34   56.76   56.96   58.21   58.30   57.62   57.62   60.54   59.17   57.38   60.50   59.04   59.04   65.48   64.02   62.97   60.88   66.46   64.57   59.22   59.04   61.54   63.07   61.33   62.45   62.99   62.16   63.83   62.79   62.94   62.37   62.37   56.67
    19: tr|A0A9D7SL40|A0A9D7SL40_9RHOO   53.04   74.27   87.34   86.31   87.14   87.34   85.68   86.31   85.48   87.76   87.76   89.83   88.56   92.32   92.32   92.53   92.53   92.74  100.00   93.15   95.23   94.19   94.19   93.15   94.61   94.19   81.49   82.57   54.28   56.46   56.99   57.41   57.62   58.46   57.83   57.65   57.65   60.38   59.29   57.83   59.71   58.46   58.46   64.64   63.81   62.97   61.09   64.79   64.99   59.47   58.46   61.80   61.59   61.17   62.21   62.84   62.63   63.67   63.67   63.00   62.42   63.05   57.69
    20: tr|A0A7V8BK36|A0A7V8BK36_9BURK   52.20   73.24   87.34   86.10   86.31   86.10   85.27   86.51   84.85   85.89   85.89   88.80   90.85   91.70   90.25   91.08   91.08   91.08   93.15  100.00   93.36   95.44   95.44   94.61   93.63   93.78   81.28   82.16   54.28   57.08   56.58   57.20   57.41   58.04   57.83   57.23   57.23   60.38   59.29   57.83   59.29   57.83   57.83   62.97   62.76   62.34   60.04   64.17   62.47   58.98   58.25   60.75   61.38   61.17   61.38   61.80   60.33   62.42   62.00   61.00   60.96   61.80   55.77
    21: tr|A0A936RYN4|A0A936RYN4_9RHOO   53.04   73.65   89.00   86.51   88.59   88.80   86.93   87.55   86.93   90.04   90.04   89.42   89.47   92.74   93.57   94.61   94.61   94.61   95.23   93.36  100.00   93.57   93.57   95.02   96.57   96.06   81.06   82.78   54.28   56.46   56.99   57.41   57.62   58.04   58.87   57.44   57.44   60.59   59.29   57.62   60.13   58.66   58.66   64.02   63.18   62.13   60.25   65.42   64.57   60.19   58.87   62.42   61.80   61.80   62.63   62.21   62.21   63.47   62.63   62.75   62.21   62.63   57.21
    22: tr|A0A363SLJ2|A0A363SLJ2_9RHOO   52.41   73.44   88.17   87.14   86.93   86.72   84.23   85.48   84.85   86.72   86.72   88.80   92.91   91.91   91.29   91.29   91.29   91.49   94.19   95.44   93.57  100.00  100.00   96.06   96.57   95.23   81.06   81.54   54.07   57.08   57.20   57.62   57.83   57.62   58.87   57.23   57.23   59.33   58.66   56.99   59.08   57.62   57.62   62.76   63.18   62.76   61.09   65.42   63.10   59.22   58.66   61.59   61.17   61.38   62.42   62.00   61.38   62.84   62.84   62.50   61.59   62.21   57.21
    23: tr|A0A953ISP7|A0A953ISP7_9RHOO   52.41   73.44   88.17   87.14   86.93   86.72   84.23   85.48   84.85   86.72   86.72   88.80   92.91   91.91   91.29   91.29   91.29   91.49   94.19   95.44   93.57  100.00  100.00   96.06   96.57   95.23   81.06   81.54   54.07   57.08   57.20   57.62   57.83   57.62   58.87   57.23   57.23   59.33   58.66   56.99   59.08   57.62   57.62   62.76   63.18   62.76   61.09   65.42   63.10   59.22   58.66   61.59   61.17   61.38   62.42   62.00   61.38   62.84   62.84   62.50   61.59   62.21   57.21
    24: tr|A0A7V7XM33|A0A7V7XM33_9RHOO   52.62   72.82   87.97   86.10   86.51   86.51   85.06   86.10   85.06   87.76   87.76   88.17   91.53   92.12   90.46   92.95   92.95   91.91   93.15   94.61   95.02   96.06   96.06  100.00   97.30   96.06   80.85   81.54   53.65   56.25   56.99   57.20   57.41   57.41   58.25   57.02   57.02   59.33   58.66   57.20   59.08   57.62   57.62   63.39   63.18   62.55   60.67   65.00   63.10   59.47   58.46   61.59   61.38   61.38   62.42   62.21   62.21   63.26   62.63   62.25   61.80   62.42   57.69
    25: tr|A0A953ITM1|A0A953ITM1_9RHOO   54.32   74.75   90.44   89.22   90.69   90.44   88.97   89.46   88.48   90.44   90.44   92.65   92.16   93.14   93.38   93.38   93.38   92.40   94.61   93.63   96.57   96.57   96.57   97.30  100.00   98.04   82.58   83.58   55.39   58.82   58.33   59.07   59.31   59.56   61.03   58.62   58.62   61.33   61.27   58.58   61.27   59.56   59.56   65.36   64.46   63.73   63.97   66.67   65.27   61.58   59.56   61.76   62.75   63.24   63.97   64.22   62.75   64.22   64.22   62.75   62.50   63.48   58.17
    26: tr|A0A809R407|A0A809R407_9PROT   53.46   74.69   87.76   85.68   87.14   87.34   85.27   86.51   85.06   87.76   87.76   88.59   92.22   91.70   90.87   92.53   92.53   92.32   94.19   93.78   96.06   95.23   95.23   96.06   98.04  100.00   81.06   82.78   54.28   56.88   57.20   57.83   58.04   57.83   59.08   57.44   57.44   60.17   59.71   58.25   60.54   59.08   59.08   63.39   62.76   62.34   60.88   65.42   63.94   60.44   59.08   61.38   61.80   62.21   63.47   63.05   62.84   64.09   63.47   63.00   62.63   63.26   58.17
    27: tr|A0A7V7T2E4|A0A7V7T2E4_UNCPS   52.58   72.55   78.94   79.15   80.64   80.85   79.79   79.79   80.43   80.21   80.21   81.28   81.18   81.49   82.34   81.70   81.70   81.28   81.49   81.28   81.06   81.06   81.06   80.85   82.58   81.06  100.00   88.94   54.18   54.06   54.39   55.46   55.67   57.17   58.67   56.77   56.77   60.86   58.03   57.39   61.03   59.53   59.53   61.67   60.52   59.87   58.58   62.82   62.96   58.98   58.46   60.60   61.46   60.60   61.03   62.10   60.60   62.31   61.67   63.40   61.46   61.88   58.16
    28: tr|A0A962JM08|A0A962JM08_9GAMM   51.78   73.03   81.57   81.37   81.65   81.24   80.21   80.41   81.03   80.77   81.65   81.95   79.73   81.12   82.27   81.65   81.65   82.06   82.57   82.16   82.78   81.54   81.54   81.54   83.58   82.78   88.94  100.00   54.47   53.32   53.64   54.89   54.89   58.00   56.70   56.37   56.37   59.50   57.50   56.76   59.46   57.59   57.80   63.60   61.92   61.09   60.46   64.58   63.52   60.19   58.84   60.91   60.17   60.29   61.20   61.95   59.25   62.37   61.12   62.44   60.91   61.95   56.67
    29: tr|A0A7C3Z9D5|A0A7C3Z9D5_UNCDE   57.77   57.83   53.75   53.96   52.39   52.39   53.64   53.43   52.39   52.81   52.81   52.40   54.67   54.70   53.85   53.85   53.85   54.47   54.28   54.28   54.28   54.07   54.07   53.65   55.39   54.28   54.18   54.47  100.00   75.68   78.59   79.21   79.00   69.44   65.28   64.51   64.51   64.30   67.92   67.15   67.98   67.36   67.57   61.97   57.86   59.12   58.11   62.34   60.71   63.59   60.71   61.95   62.16   62.58   62.99   64.24   62.16   63.83   62.99   65.42   62.79   62.99   61.90
    30: tr|A0A7J3I169|A0A7J3I169_9ARCH   56.09   60.00   55.09   54.05   53.32   53.73   54.77   55.19   53.53   54.98   54.98   54.79   55.58   56.04   55.19   56.02   56.02   56.43   56.46   57.08   56.46   57.08   57.08   56.25   58.82   56.88   54.06   53.32   75.68  100.00   81.08   81.50   81.29   67.15   65.28   63.47   63.47   65.14   66.25   65.28   64.03   63.20   63.20   59.33   57.44   58.70   56.72   62.42   61.13   58.01   58.21   62.37   61.12   61.33   61.75   62.99   62.58   61.54   61.75   64.18   61.33   62.16   60.48
    31: tr|A0A7C4BI97|A0A7C4BI97_UNCDE   57.98   59.50   54.79   53.75   54.05   55.09   54.47   54.26   53.85   55.09   55.09   54.28   56.04   56.16   55.30   55.93   55.93   56.34   56.99   56.58   56.99   57.20   57.20   56.99   58.33   57.20   54.39   53.64   78.59   81.08  100.00   97.09   96.67   72.14   67.36   63.88   63.88   64.93   68.12   67.15   68.40   67.57   67.57   61.97   59.33   60.80   60.84   63.60   62.82   60.44   61.12   63.62   63.41   64.66   65.70   65.70   66.74   65.28   65.70   67.16   65.49   65.90   65.71
    32: tr|A0A7C1JVN2|A0A7C1JVN2_UNCDE   57.77   60.13   55.42   54.38   54.68   55.30   55.30   55.30   54.68   55.72   55.72   55.32   56.95   56.58   55.72   56.34   56.34   56.76   57.41   57.20   57.41   57.62   57.62   57.20   59.07   57.83   55.46   54.89   79.21   81.50   97.09  100.00   99.38   72.77   68.81   65.76   65.76   66.18   69.58   69.02   68.81   68.40   68.40   62.18   59.33   60.59   61.05   64.02   62.61   61.41   61.12   64.24   64.24   65.07   65.49   66.53   66.74   65.90   66.53   67.41   65.49   65.70   64.29
    33: tr|A0A7C5BB41|A0A7C5BB41_UNCDE   58.19   60.13   55.62   54.58   54.89   55.51   55.51   55.51   54.89   55.93   55.93   55.53   57.18   56.78   55.93   56.55   56.55   56.96   57.62   57.41   57.62   57.83   57.83   57.41   59.31   58.04   55.67   54.89   79.00   81.29   96.67   99.38  100.00   72.56   68.81   65.55   65.55   65.97   69.79   69.02   68.61   68.61   68.61   62.18   59.54   60.80   61.05   64.02   62.61   61.65   61.12   64.45   64.45   65.07   65.49   66.53   66.74   66.11   66.74   67.41   65.49   65.90   64.29
    34: tr|A0A7C4T8L5|A0A7C4T8L5_9BACT   61.13   64.72   57.92   57.08   56.96   56.76   58.42   58.00   57.38   58.63   58.63   57.62   57.86   58.04   58.21   57.59   57.59   58.21   58.46   58.04   58.04   57.62   57.62   57.41   59.56   57.83   57.17   58.00   69.44   67.15   72.14   72.77   72.56  100.00   75.26   72.03   72.03   72.86   77.29   75.68   75.26   74.64   74.64   68.28   65.62   65.83   64.21   69.87   68.28   65.78   64.03   67.36   70.69   71.52   71.52   71.31   70.48   71.93   71.93   71.89   71.10   70.89   68.57
    35: tr|A0A940ULL9|A0A940ULL9_UNCDE   56.51   62.00   57.71   57.71   56.85   57.05   58.30   57.26   57.26   57.73   58.09   57.41   58.47   58.66   58.92   58.09   58.09   58.30   57.83   57.83   58.87   58.87   58.87   58.25   61.03   59.08   58.67   56.70   65.28   65.28   67.36   68.81   68.81   75.26  100.00   74.32   74.32   74.32   80.42   74.84   76.92   76.30   76.30   63.45   59.54   60.38   59.16   65.06   63.66   64.32   63.20   67.98   68.67   68.19   68.67   68.61   67.36   67.57   68.61   69.65   68.40   67.57   67.62
    36: tr|A0A1V6CHV1|A0A1V6CHV1_9DELT   55.06   62.47   56.07   56.90   55.11   55.11   56.99   56.37   55.95   56.99   56.99   55.77   56.75   56.60   57.20   57.41   57.41   57.62   57.65   57.23   57.44   57.23   57.23   57.02   58.62   57.44   56.77   56.37   64.51   63.47   63.88   65.76   65.55   72.03   74.32  100.00  100.00   84.97   82.22   76.20   78.29   77.45   77.24   63.92   61.89   61.68   60.47   63.87   63.71   65.12   65.14   67.64   68.27   68.48   70.56   68.68   68.27   68.48   68.68   70.25   68.89   69.10   65.38
    37: tr|A0A8I1ZVF7|A0A8I1ZVF7_9BACT   55.06   62.47   56.07   56.90   55.11   55.11   56.99   56.37   55.95   56.99   56.99   55.77   56.75   56.60   57.20   57.41   57.41   57.62   57.65   57.23   57.44   57.23   57.23   57.02   58.62   57.44   56.77   56.37   64.51   63.47   63.88   65.76   65.55   72.03   74.32  100.00  100.00   84.97   82.22   76.20   78.29   77.45   77.24   63.92   61.89   61.68   60.47   63.87   63.71   65.12   65.14   67.64   68.27   68.48   70.56   68.68   68.27   68.48   68.68   70.25   68.89   69.10   65.38
    38: tr|A0A7V2Y009|A0A7V2Y009_UNCDE   56.75   65.41   57.74   58.16   58.66   58.87   60.75   60.13   59.50   60.54   60.54   59.12   57.89   60.59   60.75   60.13   60.13   60.54   60.38   60.38   60.59   59.33   59.33   59.33   61.33   60.17   60.86   59.50   64.30   65.14   64.93   66.18   65.97   72.86   74.32   84.97   84.97  100.00   80.17   78.71   79.58   78.33   78.12   65.19   62.95   63.16   61.95   67.23   65.40   63.90   63.67   67.71   70.35   68.48   69.52   68.48   68.27   68.68   68.48   70.00   69.31   68.68   64.42
    39: tr|A0A1V5C4V8|A0A1V5C4V8_9BACT   56.93   64.72   58.54   58.12   57.50   57.08   58.75   58.33   57.50   58.96   58.96   58.25   59.36   59.29   58.33   59.17   59.17   59.17   59.29   59.29   59.29   58.66   58.66   58.66   61.27   59.71   58.03   57.50   67.92   66.25   68.12   69.58   69.79   77.29   80.42   82.22   82.22   80.17  100.00   81.46   82.33   81.91   81.91   64.92   62.89   64.57   63.16   67.78   66.18   67.96   66.88   70.69   72.08   71.46   72.29   70.62   70.62   70.83   71.25   72.82   72.08   71.46   67.94
    40: tr|A0A524L358|A0A524L358_9BACT   56.09   64.30   58.12   57.50   56.13   56.13   57.80   57.80   56.55   58.00   58.00   56.58   56.95   58.04   56.76   57.38   57.38   57.38   57.83   57.83   57.62   56.99   56.99   57.20   58.58   58.25   57.39   56.76   67.15   65.28   67.15   69.02   69.02   75.68   74.84   76.20   76.20   78.71   81.46  100.00   82.95   83.58   83.78   64.71   61.43   62.05   61.47   67.15   65.97   66.02   65.49   69.85   70.69   69.85   70.06   70.48   70.48   70.48   70.27   71.89   69.85   68.81   66.67
    41: tr|A0A971M5E9|A0A971M5E9_9BACT   57.77   66.60   58.75   58.33   58.42   58.42   58.84   58.42   58.00   59.46   59.46   58.04   58.77   59.92   60.29   59.67   59.67   60.50   59.71   59.29   60.13   59.08   59.08   59.08   61.27   60.54   61.03   59.46   67.98   64.03   68.40   68.81   68.61   75.26   76.92   78.29   78.29   79.58   82.33   82.95  100.00   97.30   96.89   65.97   63.10   64.36   63.79   67.99   67.02   67.96   66.94   71.16   71.31   69.65   71.10   71.10   71.10   70.69   70.89   72.89   72.35   70.89   70.48
    42: tr|A0A1V4WAC6|A0A1V4WAC6_9BACT   58.40   66.18   57.71   57.29   56.96   57.38   57.38   56.96   56.55   58.00   58.00   56.58   57.63   58.46   58.84   58.21   58.21   59.04   58.46   57.83   58.66   57.62   57.62   57.62   59.56   59.08   59.53   57.59   67.36   63.20   67.57   68.40   68.61   74.64   76.30   77.45   77.45   78.33   81.91   83.58   97.30  100.00   99.17   65.34   62.47   63.73   62.95   66.95   66.60   67.23   66.74   71.37   70.06   68.81   69.85   69.65   69.65   69.44   70.27   71.89   71.10   69.65   68.10
    43: tr|A0A1V5C129|A0A1V5C129_9BACT   58.40   66.39   57.92   57.29   56.96   57.38   57.38   56.96   56.55   58.00   58.00   56.58   57.63   58.46   58.84   58.21   58.21   59.04   58.46   57.83   58.66   57.62   57.62   57.62   59.56   59.08   59.53   57.80   67.57   63.20   67.57   68.40   68.61   74.64   76.30   77.24   77.24   78.12   81.91   83.78   96.89   99.17  100.00   65.34   62.68   63.94   63.16   66.95   66.60   67.23   66.94   71.37   70.27   69.02   70.06   69.85   69.65   69.65   70.27   72.14   71.31   69.85   68.10
    44: tr|D8WWD9|D8WWD9_9FIRM           56.54   67.78   64.51   63.67   62.13   62.13   63.88   63.47   63.39   63.81   63.81   63.05   64.14   62.97   63.81   65.48   65.48   65.48   64.64   62.97   64.02   62.76   62.76   63.39   65.36   63.39   61.67   63.60   61.97   59.33   61.97   62.18   62.18   68.28   63.45   63.92   63.92   65.19   64.92   64.71   65.97   65.34   65.34  100.00   77.68   76.84   75.05   70.44   72.21   62.44   60.50   67.44   66.81   66.39   68.28   65.97   66.81   66.81   66.60   69.67   66.18   66.18   62.80
    45: tr|D8WWJ2|D8WWJ2_9FIRM           57.68   67.99   61.72   61.09   60.88   60.67   62.34   61.92   61.09   61.72   61.72   61.72   63.07   63.18   63.39   63.39   63.39   64.02   63.81   62.76   63.18   63.18   63.18   63.18   64.46   62.76   60.52   61.92   57.86   57.44   59.33   59.33   59.54   65.62   59.54   61.89   61.89   62.95   62.89   61.43   63.10   62.47   62.68   77.68  100.00   89.33   85.89   67.15   69.33   59.27   58.28   63.52   64.57   63.94   65.41   64.78   63.94   64.57   63.94   66.00   63.73   63.94   61.54
    46: tr|D8WWL5|D8WWL5_9FIRM           57.47   67.99   60.04   60.04   58.79   59.00   60.67   60.46   59.00   59.83   59.83   60.04   61.70   62.34   62.13   62.13   62.13   62.97   62.97   62.34   62.13   62.76   62.76   62.55   63.73   62.34   59.87   61.09   59.12   58.70   60.80   60.59   60.80   65.83   60.38   61.68   61.68   63.16   64.57   62.05   64.36   63.73   63.94   76.84   89.33  100.00   94.32   67.78   70.59   59.27   58.70   64.36   64.78   63.73   64.78   63.73   63.10   64.15   62.68   65.25   63.10   63.73   61.54
    47: tr|D8WWM5|D8WWM5_9FIRM           56.24   65.69   58.04   58.46   57.32   57.53   58.66   58.87   57.53   57.95   57.95   58.25   61.93   60.67   60.04   60.25   60.25   60.88   61.09   60.04   60.25   61.09   61.09   60.67   63.97   60.88   58.58   60.46   58.11   56.72   60.84   61.05   61.05   64.21   59.16   60.47   60.47   61.95   63.16   61.47   63.79   62.95   63.16   75.05   85.89   94.32  100.00   65.83   68.35   59.07   57.68   62.95   62.53   62.32   64.00   62.11   61.89   62.53   61.47   66.00   61.68   61.89   62.02
    48: tr|A0A3A6NL37|A0A3A6NL37_9FIRM   59.03   70.62   64.17   64.38   63.33   63.13   64.17   64.58   63.33   65.21   65.21   64.17   64.45   66.04   65.62   65.83   65.83   66.46   64.79   64.17   65.42   65.42   65.42   65.00   66.67   65.42   62.82   64.58   62.34   62.42   63.60   64.02   64.02   69.87   65.06   63.87   63.87   67.23   67.78   67.15   67.99   66.95   66.95   70.44   67.15   67.78   65.83  100.00   81.34   67.15   63.81   67.99   70.50   70.71   71.13   70.92   69.87   70.92   70.92   72.75   70.92   70.71   67.79
    49: tr|A0A971W8J2|A0A971W8J2_UNCFI   60.84   69.81   62.68   63.10   62.26   62.47   62.47   62.05   62.05   63.31   63.31   62.68   63.36   65.20   64.57   63.73   63.73   64.57   64.99   62.47   64.57   63.10   63.10   63.10   65.27   63.94   62.96   63.52   60.71   61.13   62.82   62.61   62.61   68.28   63.66   63.71   63.71   65.40   66.18   65.97   67.02   66.60   66.60   72.21   69.33   70.59   68.35   81.34  100.00   63.99   62.61   67.65   69.12   68.28   69.12   68.49   68.70   69.12   69.12   69.60   67.86   67.65   63.11
    50: tr|A0A3C1YDS2|A0A3C1YDS2_UNCFI   55.61   61.17   59.95   60.68   57.28   56.80   57.77   58.74   58.50   58.50   58.50   58.98   61.35   60.68   60.19   59.71   59.71   59.22   59.47   58.98   60.19   59.22   59.22   59.47   61.58   60.44   58.98   60.19   63.59   58.01   60.44   61.41   61.65   65.78   64.32   65.12   65.12   63.90   67.96   66.02   67.96   67.23   67.23   62.44   59.27   59.27   59.07   67.15   63.99  100.00   86.99   67.48   69.66   69.66   73.06   73.19   70.15   71.84   71.36   72.37   70.15   70.15   64.54
    51: tr|A0A942MV58|A0A942MV58_UNCCL   56.09   59.92   57.92   58.33   55.93   56.34   57.38   56.96   57.38   56.96   56.96   57.20   59.68   58.25   59.04   58.63   58.63   59.04   58.46   58.25   58.87   58.66   58.66   58.46   59.56   59.08   58.46   58.84   60.71   58.21   61.12   61.12   61.12   64.03   63.20   65.14   65.14   63.67   66.88   65.49   66.94   66.74   66.94   60.50   58.28   58.70   57.68   63.81   62.61   86.99  100.00   66.94   67.78   69.44   70.27   70.39   68.40   69.65   69.65   70.90   69.02   69.44   68.10
    52: tr|A0A2N6B9C3|A0A2N6B9C3_UNCDE   58.82   62.84   62.29   61.67   60.08   60.50   60.29   59.67   61.12   61.12   61.12   60.75   61.73   61.38   61.54   62.37   62.37   61.54   61.80   60.75   62.42   61.59   61.59   61.59   61.76   61.38   60.60   60.91   61.95   62.37   63.62   64.24   64.45   67.36   67.98   67.64   67.64   67.71   70.69   69.85   71.16   71.37   71.37   67.44   63.52   64.36   62.95   67.99   67.65   67.48   66.94  100.00   73.18   70.89   72.14   71.10   71.31   71.93   71.52   74.63   72.14   73.18   71.90
    53: tr|A0A7C4IUQ9|A0A7C4IUQ9_UNCDU   57.98   67.22   59.79   59.58   61.00   61.00   62.24   62.45   61.41   62.24   62.24   60.33   60.91   62.63   62.24   62.24   62.24   63.07   61.59   61.38   61.80   61.17   61.17   61.38   62.75   61.80   61.46   60.17   62.16   61.12   63.41   64.24   64.45   70.69   68.67   68.27   68.27   70.35   72.08   70.69   71.31   70.06   70.27   66.81   64.57   64.78   62.53   70.50   69.12   69.66   67.78   73.18  100.00   83.16   82.37   81.91   81.29   81.91   80.04   81.09   81.29   81.91   80.00
    54: tr|A0A7C3P0A0|A0A7C3P0A0_UNCDE   60.50   65.14   60.83   61.25   61.12   61.75   61.95   61.33   60.91   61.12   61.12   60.75   61.05   62.84   62.16   61.75   61.75   61.33   61.17   61.17   61.80   61.38   61.38   61.38   63.24   62.21   60.60   60.29   62.58   61.33   64.66   65.07   65.07   71.52   68.19   68.48   68.48   68.48   71.46   69.85   69.65   68.81   69.02   66.39   63.94   63.73   62.32   70.71   68.28   69.66   69.44   70.89   83.16  100.00   90.64   83.16   84.41   83.99   83.99   84.58   84.20   85.24   82.86
    55: tr|A0A7Y8ISI1|A0A7Y8ISI1_UNCSY   60.71   65.34   62.71   62.71   61.62   61.83   61.41   62.03   61.00   61.83   61.83   61.38   62.50   62.63   62.24   63.07   63.07   62.45   62.21   61.38   62.63   62.42   62.42   62.42   63.97   63.47   61.03   61.20   62.99   61.75   65.70   65.49   65.49   71.52   68.67   70.56   70.56   69.52   72.29   70.06   71.10   69.85   70.06   68.28   65.41   64.78   64.00   71.13   69.12   73.06   70.27   72.14   82.37   90.64  100.00   84.62   86.07   83.58   84.20   85.07   85.24   85.86   83.33
    56: tr|A0A7V1EFA7|A0A7V1EFA7_UNCDE   61.34   65.14   61.46   61.46   60.50   60.50   61.54   61.75   60.50   61.54   61.54   62.00   62.41   63.26   61.95   62.37   62.37   62.99   62.84   61.80   62.21   62.00   62.00   62.21   64.22   63.05   62.10   61.95   64.24   62.99   65.70   66.53   66.53   71.31   68.61   68.68   68.68   68.48   70.62   70.48   71.10   69.65   69.85   65.97   64.78   63.73   62.11   70.92   68.49   73.19   70.39   71.10   81.91   83.16   84.62  100.00   85.45   88.98   88.57   87.56   88.15   88.36   85.71
    57: tr|A0A1F9BV63|A0A1F9BV63_9DELT   60.71   64.93   61.04   60.83   60.08   60.29   60.91   61.33   59.88   61.54   61.54   60.75   61.73   62.63   61.75   62.37   62.37   62.16   62.63   60.33   62.21   61.38   61.38   62.21   62.75   62.84   60.60   59.25   62.16   62.58   66.74   66.74   66.74   70.48   67.36   68.27   68.27   68.27   70.62   70.48   71.10   69.65   69.65   66.81   63.94   63.10   61.89   69.87   68.70   70.15   68.40   71.31   81.29   84.41   86.07   85.45  100.00   88.98   90.23   89.80   89.81   89.60   89.05
    58: tr|A0A942EQK5|A0A942EQK5_UNCSY   60.71   65.55   62.08   62.08   61.95   61.95   62.79   62.99   61.95   63.41   63.41   61.80   63.10   64.30   63.20   63.62   63.62   63.83   63.67   62.42   63.47   62.84   62.84   63.26   64.22   64.09   62.31   62.37   63.83   61.54   65.28   65.90   66.11   71.93   67.57   68.48   68.48   68.68   70.83   70.48   70.69   69.44   69.65   66.81   64.57   64.15   62.53   70.92   69.12   71.84   69.65   71.93   81.91   83.99   83.58   88.98   88.98  100.00   95.01   91.54   91.06   91.89   89.05
    59: tr|A0A942FDI1|A0A942FDI1_UNCDE   61.34   64.51   61.67   62.08   60.91   61.54   61.54   61.54   60.71   61.95   61.95   62.21   62.64   63.88   62.79   62.58   62.58   62.79   63.67   62.00   62.63   62.84   62.84   62.63   64.22   63.47   61.67   61.12   62.99   61.75   65.70   66.53   66.74   71.93   68.61   68.68   68.68   68.48   71.25   70.27   70.89   70.27   70.27   66.60   63.94   62.68   61.47   70.92   69.12   71.36   69.65   71.52   80.04   83.99   84.20   88.57   90.23   95.01  100.00   93.78   91.27   91.48   88.10
    60: tr|A0A938RC41|A0A938RC41_UNCDE   61.46   67.25   62.09   61.85   61.19   61.94   61.69   61.94   60.95   62.19   62.19   62.50   61.44   63.00   62.44   62.94   62.94   62.94   63.00   61.00   62.75   62.50   62.50   62.25   62.75   63.00   63.40   62.44   65.42   64.18   67.16   67.41   67.41   71.89   69.65   70.25   70.25   70.00   72.82   71.89   72.89   71.89   72.14   69.67   66.00   65.25   66.00   72.75   69.60   72.37   70.90   74.63   81.09   84.58   85.07   87.56   89.80   91.54   93.78  100.00   93.78   93.78   91.90
    61: tr|A0A9D8JJU0|A0A9D8JJU0_UNCDE   60.50   64.72   61.67   61.67   60.91   60.91   61.54   61.75   60.91   62.37   62.37   61.17   61.73   62.84   61.75   62.16   62.16   62.37   62.42   60.96   62.21   61.59   61.59   61.80   62.50   62.63   61.46   60.91   62.79   61.33   65.49   65.49   65.49   71.10   68.40   68.89   68.89   69.31   72.08   69.85   72.35   71.10   71.31   66.18   63.73   63.10   61.68   70.92   67.86   70.15   69.02   72.14   81.29   84.20   85.24   88.15   89.81   91.06   91.27   93.78  100.00   94.80   93.81
    62: tr|A0A938RAE2|A0A938RAE2_UNCDE   60.71   64.30   62.29   62.29   60.91   61.54   61.75   61.95   61.12   62.37   62.37   62.21   61.96   63.05   61.95   62.58   62.58   62.37   63.05   61.80   62.63   62.21   62.21   62.42   63.48   63.26   61.88   61.95   62.99   62.16   65.90   65.70   65.90   70.89   67.57   69.10   69.10   68.68   71.46   68.81   70.89   69.65   69.85   66.18   63.94   63.73   61.89   70.71   67.65   70.15   69.44   73.18   81.91   85.24   85.86   88.36   89.60   91.89   91.48   93.78   94.80  100.00  100.00
    63: tr|A0A939A8G8|A0A939A8G8_UNCDE   61.46   61.54   56.46   55.02   55.24   55.71   56.19   55.71   55.71   55.71   55.71   57.69   55.24   56.25   56.67   58.10   58.10   56.67   57.69   55.77   57.21   57.21   57.21   57.69   58.17   58.17   58.16   56.67   61.90   60.48   65.71   64.29   64.29   68.57   67.62   65.38   65.38   64.42   67.94   66.67   70.48   68.10   68.10   62.80   61.54   61.54   62.02   67.79   63.11   64.54   68.10   71.90   80.00   82.86   83.33   85.71   89.05   89.05   88.10   91.90   93.81  100.00  100.00
