#
#
#  Percent Identity  Matrix - created by Clustal2.1 
#
#

     1: EHR76952|uncultured_marine_group  100.00   47.97   47.30   50.00   48.67   49.33   50.17   50.00   51.67   50.67   51.33   51.00
     2: YP_004405267|Verrucosispora_mari   47.97  100.00   87.77   55.56   55.56   56.57   55.07   54.70   56.23   53.87   55.22   54.55
     3: WP_018783791|Micromonospora_sp_C   47.30   87.77  100.00   56.23   56.90   57.24   56.08   55.70   56.57   54.88   56.23   55.56
     4: YP_003978676|Achromobacter_xylos   50.00   55.56   56.23  100.00   83.39   86.84   77.85   77.60   77.38   77.38   76.07   75.74
     5: YP_785083|Bordetella_avium_197N|   48.67   55.56   56.90   83.39  100.00   87.83   78.76   78.50   77.70   76.07   77.05   76.39
     6: YP_559855|Burkholderia_xenovoran   49.33   56.57   57.24   86.84   87.83  100.00   77.89   77.63   76.97   75.00   75.33   75.00
     7: YP_001967698|Comamonas_testoster   50.17   55.07   56.08   77.85   78.76   77.89  100.00  100.00   78.29   76.32   78.29   77.63
     8: AAT35226|Comamonas_testosteroni|   50.00   54.70   55.70   77.60   78.50   77.63  100.00  100.00   78.03   76.07   78.03   77.38
     9: O33477|Pseudomonas_sp|Apb          51.67   56.23   56.57   77.38   77.70   76.97   78.29   78.03  100.00   86.23   83.93   83.93
    10: YP_001748883|Pseudomonas_putida_   50.67   53.87   54.88   77.38   76.07   75.00   76.32   76.07   86.23  100.00   88.85   88.85
    11: AF319593_3|Pseudomonas_putida|Ap   51.33   55.22   56.23   76.07   77.05   75.33   78.29   78.03   83.93   88.85  100.00   98.36
    12: AAB71524|Pseudomonas_pseudoalcal   51.00   54.55   55.56   75.74   76.39   75.00   77.63   77.38   83.93   88.85   98.36  100.00
