#
#
#  Percent Identity  Matrix - created by Clustal2.1 
#
#

     1: A0A968C1M1|A0A968C1M1_9GAMM  100.00   52.63   52.63   50.99   52.30   52.46   54.52   52.81   52.81   56.11   56.44   55.45   54.46   53.47   53.47
     2: A0A661EP86|A0A661EP86_9GAMM   52.63  100.00   99.73   77.25   77.53   78.29   56.82   57.22   58.64   61.36   61.93   60.51   58.81   58.24   58.52
     3: A0A661EUP5|A0A661EUP5_9GAMM   52.63   99.73  100.00   77.25   77.53   78.29   56.82   56.94   58.36   61.36   61.65   60.23   58.52   58.24   58.52
     4: UPI002618397E                 50.99   77.25   77.25  100.00   91.57   91.44   57.31   57.51   59.21   60.23   60.23   61.65   60.80   60.23   59.94
     5: A0A1B1YRC5|A0A1B1YRC5_9GAMM   52.30   77.53   77.53   91.57  100.00   96.94   57.31   57.51   59.21   60.51   60.51   61.93   60.51   60.23   59.94
     6: A0A7D7Q1C9|A0A7D7Q1C9_9BACT   52.46   78.29   78.29   91.44   96.94  100.00   57.89   59.26   61.11   61.11   61.42   62.65   62.96   61.73   61.42
     7: A0A916HPT9|A0A916HPT9_9BACT   54.52   56.82   56.82   57.31   57.31   57.89  100.00   59.20   57.76   62.82   61.96   61.38   61.38   60.81   60.52
     8: A0A916J4N9|A0A916J4N9_9PROT   52.81   57.22   56.94   57.51   57.51   59.26   59.20  100.00   87.57   80.11   80.40   79.83   80.68   80.11   79.83
     9: A0A934GPC0|A0A934GPC0_9PROT   52.81   58.64   58.36   59.21   59.21   61.11   57.76   87.57  100.00   80.97   81.25   80.11   82.39   82.10   81.82
    10: UPI00037D4799                 56.11   61.36   61.36   60.23   60.51   61.11   62.82   80.11   80.97  100.00   92.61   83.52   83.52   82.39   82.10
    11: UPI001FFCD2AB                 56.44   61.93   61.65   60.23   60.51   61.42   61.96   80.40   81.25   92.61  100.00   85.80   85.23   84.09   83.81
    12: Q5NZV1|Q5NZV1_AROAE           55.45   60.51   60.23   61.65   61.93   62.65   61.38   79.83   80.11   83.52   85.80  100.00   85.80   83.52   83.24
    13: UPI00145DA8E0                 54.46   58.81   58.52   60.80   60.51   62.96   61.38   80.68   82.39   83.52   85.23   85.80  100.00   91.48   91.19
    14: Q5P5I1|Q5P5I1_AROAE           53.47   58.24   58.24   60.23   60.23   61.73   60.81   80.11   82.10   82.39   84.09   83.52   91.48  100.00   99.72
    15: Q93PD1|Q93PD1_9RHOO           53.47   58.52   58.52   59.94   59.94   61.42   60.52   79.83   81.82   82.10   83.81   83.24   91.19   99.72  100.00
