#
#
#  Percent Identity  Matrix - created by Clustal2.1 
#
#

     1: tr|A0A933D3J7|A0A933D3J7_UNCDE  100.00   69.78   69.64   70.95   72.26   72.51   72.99   72.55   51.98   51.98   53.29   52.27   51.61   51.75   51.46   52.35   54.53   55.12   52.93   54.25   54.11   53.96   54.40   54.99   53.52   54.25   56.95   56.66   56.73   58.27   52.06   51.69   52.42   51.91   52.35   53.08   53.37   54.11   57.42   51.03   56.69   57.89   55.41   55.47   55.62   56.94   56.73   54.39   54.10   56.87   56.87   54.32   54.61   56.08   54.68   55.49   54.32   54.20   57.39   54.55
     2: tr|A0A2V9E6J3|A0A2V9E6J3_UNCAI   69.78  100.00   99.71   81.63   76.53   77.37   77.26   78.57   49.85   49.85   49.56   49.85   51.97   50.36   50.66   50.37   51.82   51.97   50.66   51.39   51.24   50.07   50.37   50.95   50.07   50.95   54.39   56.29   56.35   57.31   51.55   52.20   52.05   50.66   51.39   51.54   51.68   51.39   57.52   51.68   57.36   55.91   55.04   55.39   55.54   55.41   55.33   53.14   54.10   54.74   55.04   54.39   53.80   53.95   53.43   53.36   51.90   52.13   55.95   55.84
     3: tr|A0A2V9FI69|A0A2V9FI69_UNCAI   69.64   99.71  100.00   81.49   76.38   77.37   77.11   78.43   49.71   49.71   49.42   49.71   51.82   50.36   50.66   50.37   51.82   51.97   50.51   51.24   51.10   49.93   50.22   50.81   50.07   50.81   54.53   56.14   56.20   57.16   51.55   52.20   51.91   50.66   51.39   51.54   51.68   51.39   57.52   51.68   57.21   55.91   55.04   55.25   55.39   55.41   55.33   53.14   54.10   54.74   55.04   54.24   53.65   53.80   53.28   53.22   51.75   52.13   55.95   55.84
     4: tr|A0A953P6V2|A0A953P6V2_9BACT   70.95   81.63   81.49  100.00   78.57   81.75   80.32   80.03   50.73   50.88   50.00   50.00   51.39   49.78   49.93   50.22   51.53   52.55   51.10   51.54   51.39   51.39   51.10   50.51   49.93   50.37   54.97   55.85   55.47   57.46   52.14   53.67   52.49   52.27   52.42   52.71   53.00   53.00   58.61   52.56   57.21   55.47   54.45   54.81   54.96   54.78   55.04   52.85   57.38   54.89   54.74   53.80   53.80   55.56   53.87   53.65   53.51   52.90   56.14   53.25
     5: tr|A0A2V9RY93|A0A2V9RY93_UNCAI   72.26   76.53   76.38   78.57  100.00   85.26   87.03   87.03   50.15   50.15   50.15   50.00   50.36   49.93   49.78   51.83   52.55   52.99   51.83   52.12   52.27   51.83   51.39   51.98   50.51   51.10   55.12   56.58   57.08   58.77   52.43   52.79   53.23   51.68   51.68   51.83   52.86   52.56   59.26   52.56   57.36   57.23   53.72   54.96   54.81   53.82   54.16   51.97   57.38   53.72   53.72   53.36   52.92   53.80   55.47   54.53   53.65   52.29   55.39   54.55
     6: tr|A0A953TPB0|A0A953TPB0_9BACT   72.51   77.37   77.37   81.75   85.26  100.00   86.28   87.15   50.29   50.29   50.29   50.00   50.22   49.34   49.34   51.98   51.97   53.87   51.83   52.86   52.71   52.56   52.27   52.86   51.54   51.54   55.56   56.14   56.79   57.75   52.87   52.79   52.93   52.56   53.29   53.00   54.47   54.03   57.95   52.27   57.81   57.08   53.72   55.04   55.33   54.55   55.12   53.07   60.66   54.09   54.24   54.82   54.53   54.32   54.31   55.12   54.24   54.57   57.28   55.84
     7: tr|A0A953Q3K2|A0A953Q3K2_9BACT   72.99   77.26   77.11   80.32   87.03   86.28  100.00   87.76   51.61   51.61   51.61   50.73   52.41   50.66   50.80   52.71   52.99   54.74   51.68   52.71   52.86   52.71   52.27   53.15   51.39   53.15   56.87   57.60   57.08   58.77   51.40   51.03   52.20   51.83   52.27   52.27   52.86   53.29   58.39   53.00   57.81   57.23   53.87   55.98   56.12   54.46   55.04   52.70   60.66   54.16   54.31   54.97   54.82   54.53   54.60   54.82   53.51   53.81   56.33   53.25
     8: tr|A0A2V9YDF7|A0A2V9YDF7_UNCAI   72.55   78.57   78.43   80.03   87.03   87.15   87.76  100.00   50.58   50.58   50.58   50.00   51.68   49.78   49.64   51.54   52.12   52.99   51.83   52.27   52.56   51.68   51.39   51.98   51.10   52.12   56.73   57.31   58.10   58.92   52.87   52.05   52.49   51.39   52.12   51.98   52.71   52.42   57.73   52.56   58.12   57.08   53.87   55.39   55.83   54.30   54.74   52.55   59.02   54.45   54.45   54.68   54.24   55.12   55.62   55.70   54.24   54.12   57.28   54.55
     9: UPI0003B41FFF                    51.98   49.85   49.71   50.73   50.15   50.29   51.61   50.58  100.00   99.85   86.99   87.43   66.42   67.15   67.15   71.74   72.85   72.12   71.16   73.06   73.21   72.18   70.72   71.30   71.45   71.89   57.46   56.73   57.81   58.48   56.11   56.45   56.60   56.66   56.52   56.66   58.13   57.39   60.57   57.83   55.84   55.91   55.91   57.66   57.96   57.26   56.58   55.26   49.18   56.87   56.58   59.50   59.80   56.66   56.06   54.97   54.53   55.79   58.41   42.86
    10: UPI0023532220                    51.98   49.85   49.71   50.88   50.15   50.29   51.61   50.58   99.85  100.00   87.13   87.57   66.42   67.15   67.15   71.74   72.85   72.26   71.30   73.06   73.21   72.18   70.86   71.30   71.45   71.89   57.46   56.73   57.81   58.48   56.11   56.60   56.60   56.66   56.52   56.52   58.13   57.39   60.57   57.69   55.84   55.77   55.91   57.52   57.81   57.26   56.58   55.26   49.18   56.87   56.58   59.65   59.94   56.66   56.06   54.97   54.53   55.79   58.41   42.86
    11: tr|A0A4R7P4W3|A0A4R7P4W3_9GAMM   53.29   49.56   49.42   50.00   50.15   50.29   51.61   50.58   86.99   87.13  100.00   93.28   66.28   67.15   67.45   71.74   73.72   72.99   71.74   73.06   72.91   71.74   71.74   71.74   71.60   71.60   57.46   56.50   58.83   58.39   55.74   57.69   58.27   55.70   55.70   55.85   57.75   56.73   60.57   58.33   55.08   56.20   55.18   55.91   55.91   57.01   56.06   54.31   45.90   55.77   55.77   59.27   58.83   56.58   55.62   54.60   54.31   55.40   58.79   44.16
    12: UPI0025F98176                    52.27   49.85   49.71   50.00   50.00   50.00   50.73   50.00   87.43   87.57   93.28  100.00   66.57   67.88   68.18   70.72   73.14   72.85   71.45   73.65   73.50   71.60   71.45   72.62   71.30   71.89   57.60   56.64   58.25   58.25   55.74   57.39   57.98   56.58   56.58   56.73   58.48   57.60   61.66   58.33   55.08   57.23   55.33   57.08   57.23   57.48   56.50   54.89   45.90   56.35   56.35   59.27   59.12   56.73   55.91   54.60   54.74   55.71   58.41   42.86
    13: tr|A0A2D4SFV8|A0A2D4SFV8_9GAMM   51.61   51.97   51.82   51.39   50.36   50.22   52.41   51.68   66.42   66.42   66.28   66.57  100.00   84.84   85.28   69.74   71.43   71.87   70.47   72.08   70.61   71.78   70.18   71.49   71.05   72.22   56.35   56.35   56.12   56.50   53.68   55.78   56.22   54.68   55.70   55.56   56.14   55.70   61.22   56.29   56.97   54.37   54.66   55.83   55.98   56.05   55.18   53.72   45.90   55.33   55.47   56.93   56.79   57.75   57.29   55.47   55.47   55.25   58.79   46.75
    14: UPI002883F68C                    51.75   50.36   50.36   49.78   49.93   49.34   50.66   49.78   67.15   67.15   67.15   67.88   84.84  100.00   98.25   71.49   73.32   73.03   72.51   73.39   72.51   72.51   72.08   74.85   71.93   73.25   55.77   56.50   57.00   56.50   54.71   56.81   57.25   55.85   55.56   55.41   56.87   56.29   61.87   56.29   55.61   53.79   53.94   56.27   56.27   56.05   55.62   54.01   50.82   55.47   55.77   55.62   55.77   56.14   55.83   55.62   54.31   54.95   58.03   45.45
    15: UPI00288423E0                    51.46   50.66   50.66   49.93   49.78   49.34   50.80   49.64   67.15   67.15   67.45   68.18   85.28   98.25  100.00   71.78   73.18   72.89   72.37   73.54   72.66   72.66   72.22   74.42   72.22   73.54   55.33   56.64   56.85   56.50   54.71   56.52   57.25   55.70   55.70   55.56   57.02   56.43   62.31   56.43   55.45   53.79   53.79   55.98   55.98   55.73   55.33   53.72   50.82   55.18   55.47   55.47   55.62   55.99   55.69   55.77   54.60   55.10   57.84   44.16
    16: tr|A0A1D2S9L6|A0A1D2S9L6_9BURK   52.35   50.37   50.37   50.22   51.83   51.98   52.71   51.54   71.74   71.74   71.74   70.72   69.74   71.49   71.78  100.00   78.80   79.53   78.51   80.12   80.26   80.99   79.68   80.70   81.58   81.73   56.81   59.00   59.06   59.30   56.05   55.95   57.42   56.89   57.33   57.48   57.77   57.18   61.93   60.12   57.29   55.70   57.16   56.29   56.43   58.31   57.69   55.93   50.82   57.25   57.39   58.86   58.86   56.89   55.70   57.10   55.49   56.79   59.39   48.05
    17: tr|A0A916N9F6|A0A916N9F6_9PROT   54.53   51.82   51.82   51.53   52.55   51.97   52.99   52.12   72.85   72.85   73.72   73.14   71.43   73.32   73.18   78.80  100.00   89.50   81.58   82.75   83.04   81.73   79.97   82.89   81.29   82.16   57.96   59.12   59.33   59.27   56.62   58.27   57.10   57.89   58.04   58.19   58.92   58.63   62.96   58.33   59.09   57.00   56.41   57.14   57.73   58.60   57.81   56.20   49.18   57.96   57.81   59.42   59.56   56.73   56.71   56.64   55.47   57.53   60.87   45.45
    18: tr|A0A934GJ87|A0A934GJ87_9PROT   55.12   51.97   51.97   52.55   52.99   53.87   54.74   52.99   72.12   72.26   72.99   72.85   71.87   73.03   72.89   79.53   89.50  100.00   80.85   82.89   82.16   83.19   81.73   83.48   82.60   83.19   58.39   60.58   59.62   60.29   56.62   58.42   57.83   57.60   58.19   58.19   58.48   58.77   63.62   59.21   58.79   58.16   57.14   57.73   58.31   59.87   58.98   57.37   49.18   58.39   58.54   60.58   60.58   57.46   56.56   56.35   56.06   57.38   61.63   45.45
    19: tr|A0A7V7E454|A0A7V7E454_9PROT   52.93   50.66   50.51   51.10   51.83   51.83   51.68   51.83   71.16   71.30   71.74   71.45   70.47   72.51   72.37   78.51   81.58   80.85  100.00   85.67   85.82   83.04   80.70   81.14   83.33   82.60   56.81   58.27   57.75   58.86   56.05   58.44   58.59   55.87   56.30   56.60   57.33   56.45   62.14   59.09   57.75   54.68   55.12   56.29   56.29   58.15   57.83   56.22   54.10   57.10   57.69   58.27   58.57   56.01   56.87   57.25   55.64   57.25   60.91   49.35
    20: sp|Q5P5G5|APCD_AROAE             54.25   51.39   51.24   51.54   52.12   52.86   52.71   52.27   73.06   73.06   73.06   73.65   72.08   73.39   73.54   80.12   82.75   82.89   85.67  100.00   93.27   86.26   82.75   84.50   84.65   84.06   58.13   58.13   58.63   59.59   57.08   58.44   57.86   55.72   57.04   56.45   57.77   57.04   62.80   59.24   58.21   56.73   56.14   56.58   56.58   58.95   58.27   56.81   50.82   57.83   57.39   59.44   59.00   57.77   58.04   57.69   56.52   58.32   61.48   46.75
    21: UPI00145EC1DF                    54.11   51.24   51.10   51.39   52.27   52.71   52.86   52.56   73.21   73.21   72.91   73.50   70.61   72.51   72.66   80.26   83.04   82.16   85.82   93.27  100.00   85.38   83.04   84.80   85.53   84.80   58.71   58.27   58.19   59.74   57.52   57.71   58.15   55.72   56.60   56.30   58.06   56.89   62.36   58.80   57.75   57.02   56.14   56.73   56.73   58.79   58.13   56.66   50.82   57.39   57.25   59.88   59.74   57.48   57.16   57.54   56.52   58.17   61.10   46.75
    22: UPI00286ABEAF                    53.96   50.07   49.93   51.39   51.83   52.56   52.71   51.68   72.18   72.18   71.74   71.60   71.78   72.51   72.66   80.99   81.73   83.19   83.04   86.26   85.38  100.00   83.04   85.67   86.11   86.99   58.57   58.27   58.19   59.74   57.37   57.56   60.21   57.62   58.36   58.06   59.82   58.06   63.46   60.41   56.53   57.75   56.29   55.85   55.85   58.31   57.54   56.08   49.18   56.95   56.66   58.13   58.27   56.89   56.58   56.08   55.49   56.95   60.72   48.05
    23: tr|A0A939B116|A0A939B116_9GAMM   54.40   50.37   50.22   51.10   51.39   52.27   52.27   51.39   70.72   70.86   71.74   71.45   70.18   72.08   72.22   79.68   79.97   81.73   80.70   82.75   83.04   83.04  100.00   85.53   87.87   86.70   57.83   59.00   58.92   60.91   57.96   58.15   59.91   58.94   58.94   59.38   58.65   57.92   64.99   60.12   56.84   57.89   56.14   56.43   56.58   58.63   57.98   56.22   50.82   57.39   57.25   58.42   57.83   57.92   55.99   57.10   56.08   59.08   61.48   48.05
    24: UPI001D02FF12                    54.99   50.95   50.81   50.51   51.98   52.86   53.15   51.98   71.30   71.30   71.74   72.62   71.49   74.85   74.42   80.70   82.89   83.48   81.14   84.50   84.80   85.67   85.53  100.00   87.87   88.45   57.54   58.42   58.92   59.44   56.64   56.98   58.74   57.33   57.48   57.33   58.06   57.77   63.24   59.09   56.99   57.89   55.70   57.16   57.31   59.11   58.42   56.95   50.82   57.83   57.54   59.44   59.15   57.62   56.73   56.52   55.49   57.56   60.34   48.05
    25: UPI0021AA7FC6                    53.52   50.07   50.07   49.93   50.51   51.54   51.39   51.10   71.45   71.45   71.60   71.30   71.05   71.93   72.22   81.58   81.29   82.60   83.33   84.65   85.53   86.11   87.87   87.87  100.00   90.35   57.10   58.27   57.31   59.59   56.93   57.86   58.74   56.60   57.18   57.18   57.92   57.33   63.02   58.50   56.53   57.89   55.41   55.41   55.99   57.99   57.10   55.64   47.54   56.81   56.95   58.27   57.83   57.62   56.43   56.22   55.49   57.56   60.72   49.35
    26: UPI0024E05A94                    54.25   50.95   50.81   50.37   51.10   51.54   53.15   52.12   71.89   71.89   71.60   71.89   72.22   73.25   73.54   81.73   82.16   83.19   82.60   84.06   84.80   86.99   86.70   88.45   90.35  100.00   57.98   59.00   57.75   60.18   56.78   56.98   58.88   57.33   57.92   58.21   58.50   58.36   62.36   59.53   56.53   57.60   56.43   56.43   57.02   58.79   57.98   56.37   49.18   57.69   57.69   59.00   58.86   57.62   56.58   56.66   55.49   57.86   60.91   49.35
    27: UPI001A8D8B6F                    56.95   54.39   54.53   54.97   55.12   55.56   56.87   56.73   57.46   57.46   57.46   57.60   56.35   55.77   55.33   56.81   57.96   58.39   56.81   58.13   58.71   58.57   57.83   57.54   57.10   57.98  100.00   63.01   62.48   65.06   55.23   55.87   55.43   56.95   57.10   57.10   57.69   57.83   62.45   56.37   64.04   61.61   62.19   62.34   62.34   62.84   62.72   60.38   62.30   62.13   62.57   60.38   59.94   59.88   59.71   58.63   59.21   59.15   63.45   61.04
    28: tr|A0A2E9PSH6|A0A2E9PSH6_9CHLR   56.66   56.29   56.14   55.85   56.58   56.14   57.60   57.31   56.73   56.73   56.50   56.64   56.35   56.50   56.64   59.00   59.12   60.58   58.27   58.13   58.27   58.27   59.00   58.42   58.27   59.00   63.01  100.00   79.59   83.09   58.09   59.59   59.88   58.77   59.06   59.06   59.21   59.80   66.45   59.65   61.15   62.34   58.54   62.34   62.48   63.22   62.77   60.73   57.38   63.50   63.94   61.75   61.61   62.57   59.85   61.17   60.44   61.04   64.08   57.14
    29: tr|A0A9D8JUQ2|A0A9D8JUQ2_UNCCH   56.73   56.35   56.20   55.47   57.08   56.79   57.08   58.10   57.81   57.81   58.83   58.25   56.12   57.00   56.85   59.06   59.33   59.62   57.75   58.63   58.19   58.19   58.92   58.92   57.31   57.75   62.48   79.59  100.00   84.11   57.79   57.83   58.57   58.33   58.48   59.06   58.63   59.06   64.92   60.23   61.97   63.27   58.31   61.66   61.66   63.06   62.34   60.15   54.10   62.48   62.77   61.61   61.75   62.13   59.48   60.29   60.44   60.27   63.89   54.55
    30: tr|A0A3D0CVP2|A0A3D0CVP2_UNCCH   58.27   57.31   57.16   57.46   58.77   57.75   58.77   58.92   58.48   58.48   58.39   58.25   56.50   56.50   56.50   59.30   59.27   60.29   58.86   59.59   59.74   59.74   60.91   59.44   59.59   60.18   65.06   83.09   84.11  100.00   59.85   60.76   60.91   59.36   60.53   60.67   59.65   59.65   66.88   60.96   64.19   63.36   61.46   63.21   63.07   64.49   63.50   61.46   52.46   64.53   64.38   62.04   61.75   63.01   61.61   60.73   61.02   61.49   64.84   54.55
    31: tr|A0A964PN37|A0A964PN37_9GAMM   52.06   51.55   51.55   52.14   52.43   52.87   51.40   52.87   56.11   56.11   55.74   55.74   53.68   54.71   54.71   56.05   56.62   56.62   56.05   57.08   57.52   57.37   57.96   56.64   56.93   56.78   55.23   58.09   57.79   59.85  100.00   73.68   75.88   67.79   68.82   68.09   67.21   67.35   77.63   68.04   56.73   59.56   53.09   53.97   54.41   52.88   52.65   51.03   51.72   52.94   53.38   57.21   56.47   56.70   54.71   56.03   55.15   55.83   59.13   50.00
    32: tr|A0A946DL65|A0A946DL65_UNCPS   51.69   52.20   52.20   53.67   52.79   52.79   51.03   52.05   56.45   56.60   57.69   57.39   55.78   56.81   56.52   55.95   58.27   58.42   58.44   58.44   57.71   57.56   58.15   56.98   57.86   56.98   55.87   59.59   57.83   60.76   73.68  100.00   83.75   67.06   68.52   68.08   66.76   66.18   78.65   68.33   56.62   56.52   53.59   56.81   56.52   56.39   56.08   54.03   54.10   56.66   56.81   57.98   57.54   56.89   56.95   55.78   55.20   56.18   61.25   49.35
    33: tr|A0A962RU65|A0A962RU65_9GAMM   52.42   52.05   51.91   52.49   53.23   52.93   52.20   52.49   56.60   56.60   58.27   57.98   56.22   57.25   57.25   57.42   57.10   57.83   58.59   57.86   58.15   60.21   59.91   58.74   58.74   58.88   55.43   59.88   58.57   60.91   75.88   83.75  100.00   68.52   69.25   68.96   68.23   67.20   78.43   70.23   55.40   57.25   55.34   57.98   57.69   56.71   56.52   54.61   55.74   56.52   56.95   57.10   56.95   57.48   57.25   56.37   55.78   55.88   60.49   50.65
    34: tr|A0A511D905|A0A511D905_9PSEU   51.91   50.66   50.66   52.27   51.68   52.56   51.83   51.39   56.66   56.66   55.70   56.58   54.68   55.85   55.70   56.89   57.89   57.60   55.87   55.72   55.72   57.62   58.94   57.33   56.60   57.33   56.95   58.77   58.33   59.36   67.79   67.06   68.52  100.00   95.76   96.49   88.60   87.43   78.87   71.89   55.78   58.48   57.60   57.16   57.60   56.78   56.14   54.39   50.82   56.14   56.58   56.87   56.43   55.05   58.48   58.19   56.43   58.99   62.76   55.84
    35: tr|F4D1X7|F4D1X7_PSEUX           52.35   51.39   51.39   52.42   51.68   53.29   52.27   52.12   56.52   56.52   55.70   56.58   55.70   55.56   55.70   57.33   58.04   58.19   56.30   57.04   56.60   58.36   58.94   57.48   57.18   57.92   57.10   59.06   58.48   60.53   68.82   68.52   69.25   95.76  100.00   97.81   88.89   86.99   78.87   72.04   56.69   58.48   57.02   57.89   58.33   57.42   57.16   55.41   55.74   57.16   57.46   57.31   56.87   55.78   58.63   57.75   56.58   58.84   62.19   53.25
    36: UPI001E51083A                    53.08   51.54   51.54   52.71   51.83   53.00   52.27   51.98   56.66   56.52   55.85   56.73   55.56   55.41   55.56   57.48   58.19   58.19   56.60   56.45   56.30   58.06   59.38   57.33   57.18   58.21   57.10   59.06   59.06   60.67   68.09   68.08   68.96   96.49   97.81  100.00   89.04   88.01   79.08   72.33   56.53   58.33   57.31   58.04   58.48   57.74   57.31   55.41   54.10   57.46   57.60   57.46   57.02   55.64   58.33   58.04   56.58   59.15   62.38   54.55
    37: tr|A0A4R1HZC3|A0A4R1HZC3_PSEEN   53.37   51.68   51.68   53.00   52.86   54.47   52.86   52.71   58.13   58.13   57.75   58.48   56.14   56.87   57.02   57.77   58.92   58.48   57.33   57.77   58.06   59.82   58.65   58.06   57.92   58.50   57.69   59.21   58.63   59.65   67.21   66.76   68.23   88.60   88.89   89.04  100.00   89.04   77.56   70.13   56.69   57.31   56.43   58.33   58.77   57.26   57.16   55.70   57.38   57.02   57.31   56.87   56.87   55.78   59.94   57.46   55.70   57.77   62.38   54.55
    38: UPI001C49EAB0                    54.11   51.39   51.39   53.00   52.56   54.03   53.29   52.42   57.39   57.39   56.73   57.60   55.70   56.29   56.43   57.18   58.63   58.77   56.45   57.04   56.89   58.06   57.92   57.77   57.33   58.36   57.83   59.80   59.06   59.65   67.35   66.18   67.20   87.43   86.99   88.01   89.04  100.00   78.87   71.16   55.78   57.75   56.87   58.33   58.77   58.53   58.19   56.58   55.74   58.33   58.48   57.16   57.02   55.49   59.06   57.31   55.99   58.08   62.19   57.14
    39: UPI00191089EE                    57.42   57.52   57.52   58.61   59.26   57.95   58.39   57.73   60.57   60.57   60.57   61.66   61.22   61.87   62.31   61.93   62.96   63.62   62.14   62.80   62.36   63.46   64.99   63.24   63.02   62.36   62.45   66.45   64.92   66.88   77.63   78.65   78.43   78.87   78.87   79.08   77.56   78.87  100.00   84.10   60.05   63.18   59.48   62.53   62.53   61.69   60.78   59.48   55.74   59.69   60.35   61.87   61.66   61.44   62.31   61.87   61.87   62.88   60.78   51.95
    40: UPI00200F6456                    51.03   51.68   51.68   52.56   52.56   52.27   53.00   52.56   57.83   57.69   58.33   58.33   56.29   56.29   56.43   60.12   58.33   59.21   59.09   59.24   58.80   60.41   60.12   59.09   58.50   59.53   56.37   59.65   60.23   60.96   68.04   68.33   70.23   71.89   72.04   72.33   70.13   71.16   84.10  100.00   55.78   59.65   55.12   57.16   57.46   55.82   55.70   53.80   55.74   56.43   56.58   57.31   56.87   56.95   57.75   57.02   57.16   58.84   63.14   54.55
    41: tr|A0A7V0MFI9|A0A7V0MFI9_UNCDE   56.69   57.36   57.21   57.21   57.36   57.81   57.81   58.12   55.84   55.84   55.08   55.08   56.97   55.61   55.45   57.29   59.09   58.79   57.75   58.21   57.75   56.53   56.84   56.99   56.53   56.53   64.04   61.15   61.97   64.19   56.73   56.62   55.40   55.78   56.69   56.53   56.69   55.78   60.05   55.78  100.00   62.88   63.18   64.55   64.24   62.90   62.97   60.39   62.86   63.28   62.82   59.33   58.73   59.27   59.24   60.39   60.24   57.23   62.43   62.75
    42: tr|A0A328VER5|A0A328VER5_9CHLR   57.89   55.91   55.91   55.47   57.23   57.08   57.23   57.08   55.91   55.77   56.20   57.23   54.37   53.79   53.79   55.70   57.00   58.16   54.68   56.73   57.02   57.75   57.89   57.89   57.89   57.60   61.61   62.34   63.27   63.36   59.56   56.52   57.25   58.48   58.48   58.33   57.31   57.75   63.18   59.65   62.88  100.00   61.08   63.41   63.85   62.58   62.63   60.88   63.93   61.75   62.04   65.11   64.82   68.27   66.03   65.84   65.84   65.30   69.38   70.13
    43: UPI00261084AD                    55.41   55.04   55.04   54.45   53.72   53.72   53.87   53.87   55.91   55.91   55.18   55.33   54.66   53.94   53.79   57.16   56.41   57.14   55.12   56.14   56.14   56.29   56.14   55.70   55.41   56.43   62.19   58.54   58.31   61.46   53.09   53.59   55.34   57.60   57.02   57.31   56.43   56.87   59.48   55.12   63.18   61.08  100.00   71.14   70.85   71.97   72.12   69.20   73.77   71.68   72.26   59.85   59.85   59.65   60.35   57.81   58.10   59.51   63.33   59.74
    44: tr|A0A653AHM9|A0A653AHM9_UNCDX   55.47   55.39   55.25   54.81   54.96   55.04   55.98   55.39   57.66   57.52   55.91   57.08   55.83   56.27   55.98   56.29   57.14   57.73   56.29   56.58   56.73   55.85   56.43   57.16   55.41   56.43   62.34   62.34   61.66   63.21   53.97   56.81   57.98   57.16   57.89   58.04   58.33   58.33   62.53   57.16   64.55   63.41   71.14  100.00   98.84   74.56   75.36   72.30   83.61   74.93   75.36   62.04   62.48   62.34   60.50   59.56   59.12   59.67   65.78   61.04
    45: UPI0004025B32                    55.62   55.54   55.39   54.96   54.81   55.33   56.12   55.83   57.96   57.81   55.91   57.23   55.98   56.27   55.98   56.43   57.73   58.31   56.29   56.58   56.73   55.85   56.58   57.31   55.99   57.02   62.34   62.48   61.66   63.07   54.41   56.52   57.69   57.60   58.33   58.48   58.77   58.77   62.53   57.46   64.24   63.85   70.85   98.84  100.00   74.72   75.51   72.74   83.61   75.07   75.51   61.75   62.19   62.34   60.50   59.85   59.12   59.67   65.97   61.04
    46: tr|A0A3D3X446|A0A3D3X446_UNCDE   56.94   55.41   55.41   54.78   53.82   54.55   54.46   54.30   57.26   57.26   57.01   57.48   56.05   56.05   55.73   58.31   58.60   59.87   58.15   58.95   58.79   58.31   58.63   59.11   57.99   58.79   62.84   63.22   63.06   64.49   52.88   56.39   56.71   56.78   57.42   57.74   57.26   58.53   61.69   55.82   62.90   62.58   71.97   74.56   74.72  100.00  100.00   95.71  100.00   96.18   97.14   61.46   61.15   62.10   60.19   59.55   59.24   59.24   66.53   75.00
    47: tr|A0A2E7ZKA3|A0A2E7ZKA3_UNCDE   56.73   55.33   55.33   55.04   54.16   55.12   55.04   54.74   56.58   56.58   56.06   56.50   55.18   55.62   55.33   57.69   57.81   58.98   57.83   58.27   58.13   57.54   57.98   58.42   57.10   57.98   62.72   62.77   62.34   63.50   52.65   56.08   56.52   56.14   57.16   57.31   57.16   58.19   60.78   55.70   62.97   62.63   72.12   75.36   75.51  100.00  100.00   96.06  100.00   95.48   96.36   61.17   61.02   62.19   60.58   60.73   60.00   59.97   66.35   67.53
    48: tr|A0A2D4TNB4|A0A2D4TNB4_UNCDE   54.39   53.14   53.14   52.85   51.97   53.07   52.70   52.55   55.26   55.26   54.31   54.89   53.72   54.01   53.72   55.93   56.20   57.37   56.22   56.81   56.66   56.08   56.22   56.95   55.64   56.37   60.38   60.73   60.15   61.46   51.03   54.03   54.61   54.39   55.41   55.41   55.70   56.58   59.48   53.80   60.39   60.88   69.20   72.30   72.74   95.71   96.06  100.00  100.00   91.69   92.57   59.42   59.27   60.44   59.27   58.98   58.25   57.99   65.03   67.53
    49: tr|A0A3D3X4Z9|A0A3D3X4Z9_UNCDE   54.10   54.10   54.10   57.38   57.38   60.66   60.66   59.02   49.18   49.18   45.90   45.90   45.90   50.82   50.82   50.82   49.18   49.18   54.10   50.82   50.82   49.18   50.82   50.82   47.54   49.18   62.30   57.38   54.10   52.46   51.72   54.10   55.74   50.82   55.74   54.10   57.38   55.74   55.74   55.74   62.86   63.93   73.77   83.61   83.61  100.00  100.00  100.00  100.00   88.52   88.52   59.02   60.66   63.93   65.57   73.77   68.85   75.76   65.57   65.57
    50: tr|A0A944R871|A0A944R871_UNCDE   56.87   54.74   54.74   54.89   53.72   54.09   54.16   54.45   56.87   56.87   55.77   56.35   55.33   55.47   55.18   57.25   57.96   58.39   57.10   57.83   57.39   56.95   57.39   57.83   56.81   57.69   62.13   63.50   62.48   64.53   52.94   56.66   56.52   56.14   57.16   57.46   57.02   58.33   59.69   56.43   63.28   61.75   71.68   74.93   75.07   96.18   95.48   91.69   88.52  100.00   97.38   60.88   60.73   62.19   61.46   60.29   59.71   59.82   65.97   64.94
    51: tr|A0A3D5HJA7|A0A3D5HJA7_UNCDE   56.87   55.04   55.04   54.74   53.72   54.24   54.31   54.45   56.58   56.58   55.77   56.35   55.47   55.77   55.47   57.39   57.81   58.54   57.69   57.39   57.25   56.66   57.25   57.54   56.95   57.69   62.57   63.94   62.77   64.38   53.38   56.81   56.95   56.58   57.46   57.60   57.31   58.48   60.35   56.58   62.82   62.04   72.26   75.36   75.51   97.14   96.36   92.57   88.52   97.38  100.00   61.31   61.17   62.34   61.61   60.73   60.29   60.12   66.73   67.53
    52: tr|A0A0U2UFI9|A0A0U2UFI9_9BACL   54.32   54.39   54.24   53.80   53.36   54.82   54.97   54.68   59.50   59.65   59.27   59.27   56.93   55.62   55.47   58.86   59.42   60.58   58.27   59.44   59.88   58.13   58.42   59.44   58.27   59.00   60.38   61.75   61.61   62.04   57.21   57.98   57.10   56.87   57.31   57.46   56.87   57.16   61.87   57.31   59.33   65.11   59.85   62.04   61.75   61.46   61.17   59.42   59.02   60.88   61.31  100.00   96.93   69.88   69.05   70.36   68.76   68.95   74.29   62.34
    53: tr|A0A940SYP6|A0A940SYP6_9BACL   54.61   53.80   53.65   53.80   52.92   54.53   54.82   54.24   59.80   59.94   58.83   59.12   56.79   55.77   55.62   58.86   59.56   60.58   58.57   59.00   59.74   58.27   57.83   59.15   57.83   58.86   59.94   61.61   61.75   61.75   56.47   57.54   56.95   56.43   56.87   57.02   56.87   57.02   61.66   56.87   58.73   64.82   59.85   62.48   62.19   61.15   61.02   59.27   60.66   60.73   61.17   96.93  100.00   69.88   68.61   69.93   68.32   68.19   74.29   63.64
    54: tr|A0A2W5ZUC2|A0A2W5ZUC2_9BACT   56.08   53.95   53.80   55.56   53.80   54.32   54.53   55.12   56.66   56.66   56.58   56.73   57.75   56.14   55.99   56.89   56.73   57.46   56.01   57.77   57.48   56.89   57.92   57.62   57.62   57.62   59.88   62.57   62.13   63.01   56.70   56.89   57.48   55.05   55.78   55.64   55.78   55.49   61.44   56.95   59.27   68.27   59.65   62.34   62.34   62.10   62.19   60.44   63.93   62.19   62.34   69.88   69.88  100.00   69.44   71.05   70.61   69.51   75.43   71.43
    55: tr|Q1AUX6|Q1AUX6_RUBXD           54.68   53.43   53.28   53.87   55.47   54.31   54.60   55.62   56.06   56.06   55.62   55.91   57.29   55.83   55.69   55.70   56.71   56.56   56.87   58.04   57.16   56.58   55.99   56.73   56.43   56.58   59.71   59.85   59.48   61.61   54.71   56.95   57.25   58.48   58.63   58.33   59.94   59.06   62.31   57.75   59.24   66.03   60.35   60.50   60.50   60.19   60.58   59.27   65.57   61.46   61.61   69.05   68.61   69.44  100.00   73.72   74.74   72.30   78.26   77.92
    56: tr|A0A9E7BZB0|A0A9E7BZB0_9ACTN   55.49   53.36   53.22   53.65   54.53   55.12   54.82   55.70   54.97   54.97   54.60   54.60   55.47   55.62   55.77   57.10   56.64   56.35   57.25   57.69   57.54   56.08   57.10   56.52   56.22   56.66   58.63   61.17   60.29   60.73   56.03   55.78   56.37   58.19   57.75   58.04   57.46   57.31   61.87   57.02   60.39   65.84   57.81   59.56   59.85   59.55   60.73   58.98   73.77   60.29   60.73   70.36   69.93   71.05   73.72  100.00   85.11   83.41   87.71   83.12
    57: UPI0004146AAD                    54.32   51.90   51.75   53.51   53.65   54.24   53.51   54.24   54.53   54.53   54.31   54.74   55.47   54.31   54.60   55.49   55.47   56.06   55.64   56.52   56.52   55.49   56.08   55.49   55.49   55.49   59.21   60.44   60.44   61.02   55.15   55.20   55.78   56.43   56.58   56.58   55.70   55.99   61.87   57.16   60.24   65.84   58.10   59.12   59.12   59.24   60.00   58.25   68.85   59.71   60.29   68.76   68.32   70.61   74.74   85.11  100.00   81.89   87.71   84.42
    58: tr|A0A950YLG5|A0A950YLG5_9ACTN   54.20   52.13   52.13   52.90   52.29   54.57   53.81   54.12   55.79   55.79   55.40   55.71   55.25   54.95   55.10   56.79   57.53   57.38   57.25   58.32   58.17   56.95   59.08   57.56   57.56   57.86   59.15   61.04   60.27   61.49   55.83   56.18   55.88   58.99   58.84   59.15   57.77   58.08   62.88   58.84   57.23   65.30   59.51   59.67   59.67   59.24   59.97   57.99   75.76   59.82   60.12   68.95   68.19   69.51   72.30   83.41   81.89  100.00  100.00  100.00
    59: tr|A0A950U8S6|A0A950U8S6_9ACTN   57.39   55.95   55.95   56.14   55.39   57.28   56.33   57.28   58.41   58.41   58.79   58.41   58.79   58.03   57.84   59.39   60.87   61.63   60.91   61.48   61.10   60.72   61.48   60.34   60.72   60.91   63.45   64.08   63.89   64.84   59.13   61.25   60.49   62.76   62.19   62.38   62.38   62.19   60.78   63.14   62.43   69.38   63.33   65.78   65.97   66.53   66.35   65.03   65.57   65.97   66.73   74.29   74.29   75.43   78.26   87.71   87.71  100.00  100.00  100.00
    60: tr|A0A950YR69|A0A950YR69_9ACTN   54.55   55.84   55.84   53.25   54.55   55.84   53.25   54.55   42.86   42.86   44.16   42.86   46.75   45.45   44.16   48.05   45.45   45.45   49.35   46.75   46.75   48.05   48.05   48.05   49.35   49.35   61.04   57.14   54.55   54.55   50.00   49.35   50.65   55.84   53.25   54.55   54.55   57.14   51.95   54.55   62.75   70.13   59.74   61.04   61.04   75.00   67.53   67.53   65.57   64.94   67.53   62.34   63.64   71.43   77.92   83.12   84.42  100.00  100.00  100.00
