#
#
#  Percent Identity  Matrix - created by Clustal2.1 
#
#

     1: WP_019463199|Roseomonas_sp_B5|No  100.00   49.65   47.16   47.52   48.23   48.94   49.82   48.41   48.41   50.35   49.65   49.29   50.89   51.77   49.47   49.29   47.87   47.16   49.29   47.52   48.58   48.58   46.45   52.84   50.35   51.06   51.24   51.06   48.94   48.06   49.82   49.82   49.47   48.58   53.00   47.87   49.29   47.87   53.19   48.23   50.35   50.35   50.88   48.23   50.71   52.86   53.36   42.48   51.06   52.13   52.88   56.58   55.87   54.29   55.00   56.47   52.84   52.48   53.57   54.96   55.67   53.90   54.61   54.61
     2: ZP_05876302|Vibrio_furnissii_CIP   49.65  100.00   61.48   62.92   65.07   63.88   54.68   57.89   56.70   56.22   56.94   56.94   56.35   57.69   59.57   59.33   58.85   58.85   57.89   58.61   58.13   59.09   58.13   57.42   61.72   58.13   59.81   60.53   60.05   57.89   59.09   59.09   60.77   59.81   59.57   56.94   56.70   57.42   59.33   59.09   58.85   59.57   57.66   58.13   60.53   44.09   47.37   40.98   47.92   48.28   54.68   54.45   54.80   55.36   55.00   53.96   50.17   47.99   51.07   49.83   50.34   51.01   50.67   50.67
     3: ZP_01014964|Rhodobacterales_bact   47.16   61.48  100.00   73.47   73.00   73.94   54.92   53.05   56.43   50.82   51.06   50.59   54.72   54.85   53.11   55.40   55.24   55.00   54.07   53.57   55.71   53.59   53.59   55.13   58.10   55.37   55.61   56.67   58.13   55.02   54.55   54.55   56.22   53.65   55.87   53.88   53.65   55.53   54.12   52.71   54.35   54.12   52.94   53.88   58.12   45.88   48.77   39.10   46.70   45.57   50.00   50.18   50.89   51.07   50.71   49.28   48.81   48.32   50.00   45.82   45.97   46.31   46.31   46.31
     4: WP_017385324|Acinetobacter_bayly   47.52   62.92   73.47  100.00   75.82   76.06   53.96   54.46   55.71   51.76   52.24   52.47   55.90   55.08   54.78   57.75   57.14   56.90   57.18   55.71   55.95   56.94   55.50   54.89   57.38   56.09   58.00   56.90   57.66   58.37   56.94   56.94   57.66   55.76   57.98   55.53   55.29   56.47   54.35   54.35   55.06   55.29   55.76   55.76   57.88   45.88   48.07   40.60   46.45   46.55   50.00   49.47   50.18   50.00   49.64   51.08   48.46   48.32   50.71   46.82   46.31   46.98   47.32   47.32
     5: YP_001238264|Bradyrhizobium_sp_B   48.23   65.07   73.00   75.82  100.00   89.67   56.59   56.34   57.62   55.53   55.29   55.53   57.55   57.68   56.46   57.51   57.38   57.14   56.70   56.43   56.67   57.66   57.42   56.32   58.81   57.52   59.19   59.76   58.61   57.42   56.22   56.22   58.85   55.76   59.15   56.24   55.29   56.94   55.76   56.47   56.71   57.18   56.00   56.94   60.00   46.95   49.12   42.11   48.90   47.78   52.52   53.38   53.38   53.21   53.21   53.24   50.51   49.66   51.79   49.83   50.00   50.67   50.67   50.67
     6: WP_008963747|Bradyrhizobium_sp_S   48.94   63.88   73.94   76.06   89.67  100.00   56.59   56.81   58.81   57.41   56.71   56.71   59.43   58.87   55.74   57.75   58.57   58.33   57.42   56.67   57.62   57.42   58.13   56.32   59.76   56.80   59.19   58.81   58.13   57.66   55.98   55.98   59.81   56.71   59.39   56.94   56.24   58.12   56.47   57.88   58.12   58.12   58.12   57.18   62.12   45.88   48.07   41.73   49.39   48.77   52.16   54.45   54.80   55.36   55.36   52.88   51.88   49.66   52.14   49.83   49.33   50.34   50.34   50.34
     7: BAD80871|Sphingomonas_paucimobil   49.82   54.68   54.92   53.96   56.59   56.59  100.00   55.40   57.79   56.59   57.07   56.59   57.69   58.55   57.07   59.71   57.79   58.03   58.75   58.27   58.51   56.83   58.51   55.88   59.23   57.31   58.03   58.03   57.07   55.64   55.16   55.40   57.66   57.79   60.67   57.55   58.27   59.47   59.47   58.03   60.43   59.95   56.12   61.15   58.03   45.32   48.59   41.51   48.04   48.89   53.79   54.29   54.29   56.27   55.56   53.07   49.66   49.83   52.69   53.36   52.53   53.20   53.20   53.54
     8: WP_007512588|Frankia_sp_CN3|Non    48.41   57.89   53.05   54.46   56.34   56.81   55.40  100.00   63.42   63.99   63.62   63.84   63.72   64.95   66.11   65.42   66.43   66.19   67.70   65.48   66.67   65.79   66.99   63.01   65.71   66.11   65.95   65.24   67.22   64.44   63.96   64.20   63.96   62.96   65.58   65.81   64.35   62.33   63.70   61.38   64.64   63.00   64.40   66.28   67.45   51.07   50.70   40.60   52.81   51.72   53.96   58.72   58.01   56.79   56.79   53.96   50.51   49.66   52.86   50.50   51.01   50.67   51.01   51.01
     9: WP_008833631|Sphingomonas_sp_LH1   48.41   56.70   56.43   55.71   57.62   58.81   57.79   63.42  100.00   66.19   65.00   65.00   65.87   66.51   67.06   66.67   68.33   69.05   66.75   67.62   67.14   67.46   68.90   61.58   65.71   64.20   63.81   65.48   66.27   65.39   64.92   64.92   69.69   66.19   64.61   67.62   65.71   61.19   63.10   63.10   62.14   61.19   62.95   67.62   66.67   48.57   48.95   40.60   50.12   49.51   57.19   56.23   55.52   58.57   58.21   56.47   51.88   54.03   53.93   53.51   52.68   52.68   53.02   53.36
    10: YP_003750357|Ralstonia_solanacea   50.35   56.22   50.82   51.76   55.53   57.41   56.59   63.99   66.19  100.00   92.74   92.97   81.25   84.42   64.35   66.04   63.57   63.33   64.59   62.38   63.10   64.83   64.59   63.96   63.33   64.20   64.92   65.48   64.59   62.68   62.20   62.44   69.14   65.36   65.03   65.26   67.59   66.13   67.91   67.35   68.76   68.76   66.90   68.76   70.16   49.10   50.18   42.11   50.49   49.39   58.27   58.72   58.36   59.64   59.64   56.12   56.66   54.70   57.86   55.52   55.70   55.70   56.04   56.04
    11: ZP_00944630|Ralstonia_solanacear   49.65   56.94   51.06   52.24   55.29   56.71   57.07   63.62   65.00   92.74  100.00   98.43   81.71   84.19   65.07   66.28   63.81   63.57   64.11   62.38   62.86   65.07   64.59   63.72   63.81   64.20   64.68   65.71   64.59   62.68   62.20   62.44   69.38   65.13   65.50   64.64   69.21   67.05   67.36   66.82   68.43   68.43   66.82   68.20   68.89   49.46   50.88   42.86   52.20   50.61   58.27   58.36   58.01   58.93   58.93   56.12   56.66   55.37   58.93   55.85   57.05   57.38   57.72   57.72
    12: YP_002255421|Ralstonia_solanacea   49.29   56.94   50.59   52.47   55.53   56.71   56.59   63.84   65.00   92.97   98.43  100.00   81.48   84.42   64.83   65.81   63.81   63.57   64.11   61.90   62.38   64.83   64.11   63.48   63.33   63.72   64.20   65.24   64.35   62.20   61.96   62.20   69.14   64.90   65.27   64.17   68.75   66.82   67.36   67.27   68.66   68.20   66.59   68.20   68.66   49.82   50.88   42.48   51.46   49.88   57.55   57.65   58.01   58.21   58.21   55.76   57.00   55.37   58.57   55.85   57.05   57.38   57.72   57.72
    13: WP_018006568|Cupriavidus_taiwane   50.89   56.35   54.72   55.90   57.55   59.43   57.69   63.72   65.87   81.25   81.71   81.48  100.00   86.25   64.99   66.20   64.68   64.20   65.47   63.01   64.92   64.75   65.47   63.16   64.68   65.79   64.83   64.20   64.51   62.83   62.11   62.35   69.30   64.80   64.49   64.86   65.65   67.13   66.12   65.50   67.06   66.59   66.35   67.76   68.71   49.64   51.06   43.02   50.86   48.28   57.76   57.86   57.86   57.71   57.71   59.21   55.48   56.57   58.06   54.36   53.87   53.87   53.87   53.87
    14: YP_585850|Ralstonia_metalliduran   51.77   57.69   54.85   55.08   57.68   58.87   58.55   64.95   66.51   84.42   84.19   84.42   86.25  100.00   65.87   67.06   65.31   64.59   65.14   62.68   63.88   65.62   67.07   64.75   66.03   67.15   66.43   66.75   66.59   63.46   63.22   63.46   67.55   65.11   64.87   65.72   67.37   67.45   68.63   66.51   68.16   67.92   68.40   68.87   69.81   50.18   51.23   43.23   50.73   49.14   57.19   57.65   58.72   58.93   58.93   58.27   57.34   55.03   58.21   55.18   55.03   54.36   54.36   54.36
    15: YP_002800264|Azotobacter_vinelan   49.47   59.57   53.11   54.78   56.46   55.74   57.07   66.11   67.06   64.35   65.07   64.83   64.99   65.87  100.00   74.64   76.79   76.56   79.43   78.47   77.51   77.75   77.99   71.77   73.68   72.97   73.27   73.92   72.73   70.71   71.67   71.90   68.02   67.46   68.02   67.46   67.70   64.11   63.88   62.92   64.11   63.88   65.95   69.14   68.42   47.14   48.25   40.60   49.88   49.01   56.83   54.80   55.52   56.07   56.07   53.60   49.49   49.66   52.14   50.17   49.33   48.99   49.66   49.66
    16: YP_572384|Chromohalobacter_salex   49.29   59.33   55.40   57.75   57.51   57.75   59.71   65.42   66.67   66.04   66.28   65.81   66.20   67.06   74.64  100.00   77.62   77.62   78.71   77.62   77.14   79.67   80.62   73.51   76.19   75.42   77.80   76.19   74.40   72.97   72.01   72.25   69.62   64.87   65.42   65.65   66.04   63.23   64.94   64.17   65.41   65.88   63.76   69.65   69.18   47.67   49.12   41.35   49.88   50.74   55.40   54.45   54.45   55.71   55.71   52.88   50.17   50.00   52.14   50.50   49.66   50.34   50.67   50.67
    17: YP_001748899|Pseudomonas_putida_   47.87   58.85   55.24   57.14   57.38   58.57   57.79   66.43   68.33   63.57   63.81   63.81   64.68   65.31   76.79   77.62  100.00   97.62   83.25   84.05   82.62   79.90   80.38   72.55   74.29   74.22   72.55   73.10   73.44   72.49   72.97   73.21   71.05   67.86   67.14   69.05   69.05   65.48   65.71   64.05   66.19   67.38   66.67   70.24   69.52   47.67   48.77   41.35   50.37   48.03   53.24   53.74   54.09   55.71   55.36   54.68   47.44   49.66   52.86   51.17   48.99   50.67   50.34   50.34
    18: NP_744666|Pseudomonas_putida_KT2   47.16   58.85   55.00   56.90   57.14   58.33   58.03   66.19   69.05   63.33   63.57   63.57   64.20   64.59   76.56   77.62   97.62  100.00   83.25   84.76   83.10   79.43   80.86   72.55   74.76   74.46   72.79   73.57   73.68   72.97   73.21   73.44   71.77   68.33   67.14   69.29   69.29   65.71   66.43   64.52   66.43   67.62   66.43   70.71   69.29   47.67   48.77   40.98   50.37   48.03   52.88   53.38   53.74   55.36   55.00   54.32   47.10   49.33   52.50   50.50   48.66   50.34   50.00   50.00
    19: YP_008113682|Pseudomonas_putida_   49.29   57.89   54.07   57.18   56.70   57.42   58.75   67.70   66.75   64.59   64.11   64.11   65.47   65.14   79.43   78.71   83.25   83.25  100.00   88.04   86.84   78.71   79.43   72.73   74.64   73.21   73.92   73.21   73.21   73.21   73.44   73.68   68.42   68.66   69.38   67.70   67.70   64.11   64.35   64.11   64.83   64.11   66.03   70.81   67.46   49.82   50.18   43.61   51.59   50.25   55.04   55.16   55.87   56.07   56.07   55.04   49.15   51.68   53.57   52.17   51.01   51.34   51.68   51.68
    20: WP_008063411|Pseudomonas_sp_GM78   47.52   58.61   53.57   55.71   56.43   56.67   58.27   65.48   67.62   62.38   62.38   61.90   63.01   62.68   78.47   77.62   84.05   84.76   88.04  100.00   91.43   78.71   81.10   71.60   74.29   72.55   72.08   74.52   72.97   71.53   72.25   72.49   68.42   67.62   67.14   66.19   67.14   62.86   63.81   63.81   63.57   63.57   65.00   69.05   67.86   48.03   48.77   41.35   50.86   49.75   55.40   54.09   55.16   56.79   56.79   54.32   47.78   50.34   52.50   51.51   49.66   51.01   51.01   51.01
    21: ZP_06460104|Pseudomonas_syringae   48.58   58.13   55.71   55.95   56.67   57.62   58.51   66.67   67.14   63.10   62.86   62.38   64.92   63.88   77.51   77.14   82.62   83.10   86.84   91.43  100.00   77.75   79.67   72.79   74.76   73.75   72.32   74.76   71.53   70.10   70.81   71.05   67.70   66.90   67.62   66.43   66.67   63.33   63.57   63.10   65.00   64.76   64.76   69.52   68.10   48.75   48.77   41.35   51.10   49.51   55.40   54.09   55.16   56.07   56.07   55.40   47.44   51.34   51.79   50.50   49.33   50.00   50.34   50.34
    22: WP_008373766|Pseudomonas_sp_M47T   48.58   59.09   53.59   56.94   57.66   57.42   56.83   65.79   67.46   64.83   65.07   64.83   64.75   65.62   77.75   79.67   79.90   79.43   78.71   78.71   77.75  100.00   82.30   73.21   73.68   77.51   75.36   76.79   74.40   72.01   73.68   73.92   68.18   68.66   66.75   67.46   67.46   65.31   65.55   64.59   66.75   66.51   66.03   70.33   67.94   46.95   48.77   41.35   50.37   49.01   54.68   53.74   52.67   55.71   55.71   53.96   47.78   48.99   53.57   51.84   50.34   51.34   51.34   51.34
    23: WP_010798211|Pseudomonas_sp_HPB0   46.45   58.13   53.59   55.50   57.42   58.13   58.51   66.99   68.90   64.59   64.59   64.11   65.47   67.07   77.99   80.62   80.38   80.86   79.43   81.10   79.67   82.30  100.00   72.97   76.79   76.56   75.36   77.27   77.51   72.73   72.01   72.25   70.10   69.38   68.18   68.90   68.42   66.03   66.27   64.11   65.79   65.55   66.51   70.10   70.33   46.59   48.07   41.35   49.88   49.75   54.32   53.74   53.74   56.07   56.07   53.24   49.49   50.00   53.21   51.17   49.66   51.01   50.67   50.67
    24: YP_003531302|Erwinia_amylovora_C   52.84   57.42   55.13   54.89   56.32   56.32   55.88   63.01   61.58   63.96   63.72   63.48   63.16   64.75   71.77   73.51   72.55   72.55   72.73   71.60   72.79   73.21   72.97  100.00   83.29   86.87   83.05   86.63   75.36   73.68   75.36   75.60   64.59   65.16   65.87   62.29   64.92   64.20   62.53   61.34   63.72   63.48   63.25   65.16   67.30   48.03   48.77   42.48   50.37   49.51   52.52   53.74   53.74   56.79   56.79   55.40   52.22   51.01   54.64   52.51   51.34   51.68   52.01   52.01
    25: YP_005402439|Rahnella_aquatilis_   50.35   61.72   58.10   57.38   58.81   59.76   59.23   65.71   65.71   63.33   63.81   63.33   64.68   66.03   73.68   76.19   74.29   74.76   74.64   74.29   74.76   73.68   76.79   83.29  100.00   85.68   85.20   86.90   78.47   76.56   78.23   78.47   67.22   66.90   67.14   64.76   66.90   67.38   65.00   63.81   66.19   65.00   65.48   69.76   68.57   47.31   48.77   41.73   49.88   49.51   56.47   55.16   55.87   57.86   57.86   55.76   50.17   52.01   53.57   51.84   51.34   51.01   51.34   51.34
    26: YP_003739931|Erwinia_billingiae_   51.06   58.13   55.37   56.09   57.52   56.80   57.31   66.11   64.20   64.20   64.20   63.72   65.79   67.15   72.97   75.42   74.22   74.46   73.21   72.55   73.75   77.51   76.56   86.87   85.68  100.00   85.20   88.78   78.95   75.12   76.32   76.56   65.31   66.11   65.87   63.72   66.11   65.16   63.25   62.05   64.44   64.44   64.44   67.78   68.26   49.82   50.53   41.35   50.61   48.52   54.32   54.80   53.74   56.07   56.07   54.32   50.17   51.34   53.57   53.18   51.68   52.01   52.35   52.35
    27: YP_007344394|Serratia_marcescens   51.24   59.81   55.61   58.00   59.19   59.19   58.03   65.95   63.81   64.92   64.68   64.20   64.83   66.43   73.27   77.80   72.55   72.79   73.92   72.08   72.32   75.36   75.36   83.05   85.20   85.20  100.00   88.78   75.60   75.89   75.66   75.89   65.87   66.83   66.67   62.77   66.59   64.20   63.48   62.05   65.39   65.87   66.19   68.26   68.74   49.64   50.35   42.48   50.86   50.25   54.32   56.23   55.52   58.57   58.57   55.40   52.56   51.01   53.93   53.18   52.01   52.01   52.35   52.35
    28: YP_001478327|Serratia_proteamacu   51.06   60.53   56.67   56.90   59.76   58.81   58.03   65.24   65.48   65.48   65.71   65.24   64.20   66.75   73.92   76.19   73.10   73.57   73.21   74.52   74.76   76.79   77.27   86.63   86.90   88.78   88.78  100.00   78.95   76.08   76.79   77.03   66.03   66.43   65.95   65.00   67.14   65.71   65.00   63.81   65.00   65.24   64.29   68.57   69.29   49.10   50.88   42.48   50.37   50.49   54.68   55.87   55.16   58.57   58.57   55.04   52.56   51.01   55.36   52.84   52.35   52.35   52.68   52.68
    29: CAZ90549|Enterobacter_helveticus   48.94   60.05   58.13   57.66   58.61   58.13   57.07   67.22   66.27   64.59   64.59   64.35   64.51   66.59   72.73   74.40   73.44   73.68   73.21   72.97   71.53   74.40   77.51   75.36   78.47   78.95   75.60   78.95  100.00   85.65   84.21   84.45   66.03   66.27   67.46   65.79   67.46   68.42   65.31   65.07   66.03   65.31   66.03   68.66   67.22   49.10   49.82   40.60   51.10   50.74   52.88   55.52   56.23   57.86   57.50   54.68   51.54   48.66   52.50   49.50   48.32   48.99   49.33   49.33
    30: YP_003366663|Citrobacter_rodenti   48.06   57.89   55.02   58.37   57.42   57.66   55.64   64.44   65.39   62.68   62.68   62.20   62.83   63.46   70.71   72.97   72.49   72.97   73.21   71.53   70.10   72.01   72.73   73.68   76.56   75.12   75.89   76.08   85.65  100.00   89.52   89.29   64.20   65.07   66.11   65.79   65.79   65.55   63.40   62.68   63.16   63.16   63.81   67.94   65.07   47.50   48.25   41.35   49.63   50.00   51.08   53.02   53.38   53.93   53.57   53.96   49.49   49.33   52.86   49.83   48.99   48.99   49.33   49.33
    31: YP_002235927|Klebsiella_pneumoni   49.82   59.09   54.55   56.94   56.22   55.98   55.16   63.96   64.92   62.20   62.20   61.96   62.11   63.22   71.67   72.01   72.97   73.21   73.44   72.25   70.81   73.68   72.01   75.36   78.23   76.32   75.66   76.79   84.21   89.52  100.00   99.76   64.92   65.55   65.63   64.35   65.55   64.83   63.64   62.92   63.40   63.64   64.76   67.94   64.35   47.50   49.30   41.35   49.88   50.49   52.88   53.38   53.74   53.93   53.93   55.40   49.49   49.66   53.93   49.83   49.33   49.33   49.66   49.66
    32: YP_001337701|Klebsiella_pneumoni   49.82   59.09   54.55   56.94   56.22   55.98   55.40   64.20   64.92   62.44   62.44   62.20   62.35   63.46   71.90   72.25   73.21   73.44   73.68   72.49   71.05   73.92   72.25   75.60   78.47   76.56   75.89   77.03   84.45   89.29   99.76  100.00   64.92   65.79   65.87   64.35   65.79   65.07   63.88   63.16   63.64   63.88   65.00   68.18   64.35   47.50   49.30   41.35   50.12   50.25   53.24   53.74   54.09   54.29   54.29   55.40   49.83   50.00   54.29   49.83   49.33   49.33   49.66   49.66
    33: ZP_04772305|Asticcacaulis_excent   49.47   60.77   56.22   57.66   58.85   59.81   57.66   63.96   69.69   69.14   69.38   69.14   69.30   67.55   68.02   69.62   71.05   71.77   68.42   68.42   67.70   68.18   70.10   64.59   67.22   65.31   65.87   66.03   66.03   64.20   64.92   64.92  100.00   67.46   67.06   67.70   72.73   66.27   66.99   66.99   67.46   68.90   67.78   70.10   71.53   48.57   50.00   44.36   52.32   51.48   56.83   57.65   57.65   56.79   56.43   56.47   53.58   54.03   55.00   54.18   52.68   54.03   54.03   54.03
    34: YP_004847937|Pseudogulbenkiania_   48.58   59.81   53.65   55.76   55.76   56.71   57.79   62.96   66.19   65.36   65.13   64.90   64.80   65.11   67.46   64.87   67.86   68.33   68.66   67.62   66.90   68.66   69.38   65.16   66.90   66.11   66.83   66.43   66.27   65.07   65.55   65.79   67.46  100.00   75.06   70.59   68.52   68.91   68.31   67.44   69.48   70.19   70.42   71.83   72.30   46.59   48.07   44.36   51.46   51.60   57.55   54.80   54.80   55.71   55.36   56.12   52.90   52.68   55.71   54.52   53.02   54.36   54.70   54.36
    35: WP_008618042|Magnetospirillum_sp   53.00   59.57   55.87   57.98   59.15   59.39   60.67   65.58   64.61   65.03   65.50   65.27   64.49   64.87   68.02   65.42   67.14   67.14   69.38   67.14   67.62   66.75   68.18   65.87   67.14   65.87   66.67   65.95   67.46   66.11   65.63   65.87   67.06   75.06  100.00   69.18   66.12   66.20   67.37   67.13   67.61   67.84   69.79   70.42   73.00   47.86   48.95   41.73   51.95   53.07   55.04   56.58   56.58   56.43   55.71   56.83   53.92   53.36   55.71   52.51   52.35   52.35   52.35   52.68
    36: WP_006299270|Hylemonella_gracili   47.87   56.94   53.88   55.53   56.24   56.94   57.55   65.81   67.62   65.26   64.64   64.17   64.86   65.72   67.46   65.65   69.05   69.29   67.70   66.19   66.43   67.46   68.90   62.29   64.76   63.72   62.77   65.00   65.79   65.79   64.35   64.35   67.70   70.59   69.18  100.00   68.71   66.59   66.98   66.74   67.21   66.28   69.95   72.83   72.60   48.39   49.82   43.23   52.08   52.71   54.32   56.94   56.58   57.50   57.50   55.76   52.22   53.69   56.43   52.51   52.68   52.35   52.68   52.68
    37: ZP_03542382|Comamonas_testostero   49.29   56.70   53.65   55.29   55.29   56.24   58.27   64.35   65.71   67.59   69.21   68.75   65.65   67.37   67.70   66.04   69.05   69.29   67.70   67.14   66.67   67.46   68.42   64.92   66.90   66.11   66.59   67.14   67.46   65.79   65.55   65.79   72.73   68.52   66.12   68.71  100.00   74.42   74.12   72.45   75.06   75.53   74.59   73.18   74.12   46.95   49.47   45.11   50.86   51.48   57.91   58.36   58.36   58.93   58.93   54.68   53.24   53.69   57.14   54.18   53.69   54.03   54.03   54.03
    38: WP_018439495|Burkholderia_sp_JPY   47.87   57.42   55.53   56.47   56.94   58.12   59.47   62.33   61.19   66.13   67.05   66.82   67.13   67.45   64.11   63.23   65.48   65.71   64.11   62.86   63.33   65.31   66.03   64.20   67.38   65.16   64.20   65.71   68.42   65.55   64.83   65.07   66.27   68.91   66.20   66.59   74.42  100.00   79.58   78.19   80.99   80.75   70.66   70.66   73.71   47.67   48.77   45.11   51.95   51.35   58.27   57.65   57.30   58.57   57.50   53.96   54.27   53.69   56.43   54.18   54.03   54.03   54.03   54.03
    39: YP_001862454|Burkholderia_phymat   53.19   59.33   54.12   54.35   55.76   56.47   59.47   63.70   63.10   67.91   67.36   67.36   66.12   68.63   63.88   64.94   65.71   66.43   64.35   63.81   63.57   65.55   66.27   62.53   65.00   63.25   63.48   65.00   65.31   63.40   63.64   63.88   66.99   68.31   67.37   66.98   74.12   79.58  100.00   80.09   79.49   80.88   69.84   68.43   71.43   45.88   48.42   44.36   50.73   51.11   56.47   57.30   57.30   58.57   57.50   55.04   55.63   53.69   55.36   52.84   53.69   52.35   52.68   52.68
    40: YP_004348165|Burkholderia_gladio   48.23   59.09   52.71   54.35   56.47   57.88   58.03   61.38   63.10   67.35   66.82   67.27   65.50   66.51   62.92   64.17   64.05   64.52   64.11   63.81   63.10   64.59   64.11   61.34   63.81   62.05   62.05   63.81   65.07   62.68   62.92   63.16   66.99   67.44   67.13   66.74   72.45   78.19   80.09  100.00   81.80   80.65   71.93   67.74   72.81   44.09   47.02   45.49   50.98   50.86   57.55   57.65   57.65   58.93   58.21   54.32   54.95   53.36   56.07   54.18   55.03   55.37   55.37   55.37
    41: YP_001585991|Burkholderia_multiv   50.35   58.85   54.35   55.06   56.71   58.12   60.43   64.64   62.14   68.76   68.43   68.66   67.06   68.16   64.11   65.41   66.19   66.43   64.83   63.57   65.00   66.75   65.79   63.72   66.19   64.44   65.39   65.00   66.03   63.16   63.40   63.64   67.46   69.48   67.61   67.21   75.06   80.99   79.49   81.80  100.00   91.71   71.23   70.28   73.50   45.88   48.77   46.99   50.98   49.63   57.19   57.30   57.30   59.29   58.57   55.40   56.31   52.68   57.86   55.52   55.70   55.70   55.70   55.70
    42: YP_367260|Burkholderia_sp_383|No   50.35   59.57   54.12   55.29   57.18   58.12   59.95   63.00   61.19   68.76   68.43   68.20   66.59   67.92   63.88   65.88   67.38   67.62   64.11   63.57   64.76   66.51   65.55   63.48   65.00   64.44   65.87   65.24   65.31   63.16   63.64   63.88   68.90   70.19   67.84   66.28   75.53   80.75   80.88   80.65   91.71  100.00   71.46   69.82   73.04   45.88   48.77   46.62   50.49   49.39   56.83   58.01   58.01   59.64   58.93   55.76   57.00   52.68   57.50   54.85   55.03   54.70   55.03   55.03
    43: YP_006852417|Acidovorax_sp_KKS10   50.88   57.66   52.94   55.76   56.00   58.12   56.12   64.40   62.95   66.90   66.82   66.59   66.35   68.40   65.95   63.76   66.67   66.43   66.03   65.00   64.76   66.03   66.51   63.25   65.48   64.44   66.19   64.29   66.03   63.81   64.76   65.00   67.78   70.42   69.79   69.95   74.59   70.66   69.84   71.93   71.23   71.46  100.00   74.71   74.48   48.21   50.70   45.11   51.71   51.84   57.55   58.36   58.72   59.64   59.29   55.76   53.92   53.02   56.07   53.85   54.03   53.69   53.69   53.69
    44: WP_007863799|Polaromonas_sp_CF31   48.23   58.13   53.88   55.76   56.94   57.18   61.15   66.28   67.62   68.76   68.20   68.20   67.76   68.87   69.14   69.65   70.24   70.71   70.81   69.05   69.52   70.33   70.10   65.16   69.76   67.78   68.26   68.57   68.66   67.94   67.94   68.18   70.10   71.83   70.42   72.83   73.18   70.66   68.43   67.74   70.28   69.82   74.71  100.00   76.73   48.03   50.18   45.11   54.15   52.33   57.55   58.36   58.01   58.93   58.93   55.76   53.24   54.03   56.79   54.52   54.36   54.36   54.70   54.70
    45: WP_004263690|Thauera_sp_63|Non     50.71   60.53   58.12   57.88   60.00   62.12   58.03   67.45   66.67   70.16   68.89   68.66   68.71   69.81   68.42   69.18   69.52   69.29   67.46   67.86   68.10   67.94   70.33   67.30   68.57   68.26   68.74   69.29   67.22   65.07   64.35   64.35   71.53   72.30   73.00   72.60   74.12   73.71   71.43   72.81   73.50   73.04   74.48   76.73  100.00   48.03   49.12   46.24   52.93   52.58   57.91   58.36   58.01   58.21   58.21   59.35   56.66   53.69   57.86   57.19   57.05   57.05   56.71   56.71
    46: YP_572385|Chromohalobacter_salex   52.86   44.09   45.88   45.88   46.95   45.88   45.32   51.07   48.57   49.10   49.46   49.82   49.64   50.18   47.14   47.67   47.67   47.67   49.82   48.03   48.75   46.95   46.59   48.03   47.31   49.82   49.64   49.10   49.10   47.50   47.50   47.50   48.57   46.59   47.86   48.39   46.95   47.67   45.88   44.09   45.88   45.88   48.21   48.03   48.03  100.00   85.77   43.98   55.20   53.05   53.96   53.41   53.05   52.33   52.33   50.72   51.61   55.20   53.41   52.69   53.05   53.05   53.41   53.41
    47: WP_020681586|Marinobacterium_rhi   53.36   47.37   48.77   48.07   49.12   48.07   48.59   50.70   48.95   50.18   50.88   50.88   51.06   51.23   48.25   49.12   48.77   48.77   50.18   48.77   48.77   48.77   48.07   48.77   48.77   50.53   50.35   50.88   49.82   48.25   49.30   49.30   50.00   48.07   48.95   49.82   49.47   48.77   48.42   47.02   48.77   48.77   50.70   50.18   49.12   85.77  100.00   44.74   55.44   54.04   54.32   53.38   54.45   53.57   53.21   53.60   53.00   56.89   58.21   56.18   56.54   56.18   56.54   56.54
    48: WP_010367447|Xanthomonas_campest   42.48   40.98   39.10   40.60   42.11   41.73   41.51   40.60   40.60   42.11   42.86   42.48   43.02   43.23   40.60   41.35   41.35   40.98   43.61   41.35   41.35   41.35   41.35   42.48   41.73   41.35   42.48   42.48   40.60   41.35   41.35   41.35   44.36   44.36   41.73   43.23   45.11   45.11   44.36   45.49   46.99   46.62   45.11   45.11   46.24   43.98   44.74  100.00   49.62   50.75   51.70   50.38   50.00   48.87   48.87   58.49   57.52   59.40   63.53   66.54   67.67   68.80   68.80   68.80
    49: YP_004304861|Polymorphum_gilvum_   51.06   47.92   46.70   46.45   48.90   49.39   48.04   52.81   50.12   50.49   52.20   51.46   50.86   50.73   49.88   49.88   50.37   50.37   51.59   50.86   51.10   50.37   49.88   50.37   49.88   50.61   50.86   50.37   51.10   49.63   49.88   50.12   52.32   51.46   51.95   52.08   50.86   51.95   50.73   50.98   50.98   50.49   51.71   54.15   52.93   55.20   55.44   49.62  100.00   82.31   69.42   70.46   69.75   68.93   69.64   65.83   62.80   64.77   67.14   65.89   64.43   65.77   66.11   66.11
    50: WP_007439241|Acetobacteraceae_ba   52.13   48.28   45.57   46.55   47.78   48.77   48.89   51.72   49.51   49.39   50.61   49.88   48.28   49.14   49.01   50.74   48.03   48.03   50.25   49.75   49.51   49.01   49.75   49.51   49.51   48.52   50.25   50.49   50.74   50.00   50.49   50.25   51.48   51.60   53.07   52.71   51.48   51.35   51.11   50.86   49.63   49.39   51.84   52.33   52.58   53.05   54.04   50.75   82.31  100.00   69.42   70.46   70.11   69.29   70.36   66.55   67.58   62.75   69.29   65.89   65.10   65.77   66.11   66.11
    51: WP_007876674|Herbaspirillum_sp_C   52.88   54.68   50.00   50.00   52.52   52.16   53.79   53.96   57.19   58.27   58.27   57.55   57.76   57.19   56.83   55.40   53.24   52.88   55.04   55.40   55.40   54.68   54.32   52.52   56.47   54.32   54.32   54.68   52.88   51.08   52.88   53.24   56.83   57.55   55.04   54.32   57.91   58.27   56.47   57.55   57.19   56.83   57.55   57.55   57.91   53.96   54.32   51.70   69.42   69.42  100.00   77.34   75.90   76.62   76.62   70.86   69.78   73.38   70.50   71.58   71.58   71.58   71.94   71.94
    52: ZP_06464515|Burkholderia_sp_CCGE   56.58   54.45   50.18   49.47   53.38   54.45   54.29   58.72   56.23   58.72   58.36   57.65   57.86   57.65   54.80   54.45   53.74   53.38   55.16   54.09   54.09   53.74   53.74   53.74   55.16   54.80   56.23   55.87   55.52   53.02   53.38   53.74   57.65   54.80   56.58   56.94   58.36   57.65   57.30   57.65   57.30   58.01   58.36   58.36   58.36   53.41   53.38   50.38   70.46   70.46   77.34  100.00   96.44   90.36   91.43   70.14   67.26   69.75   70.36   70.11   68.68   69.04   69.40   69.40
    53: ZP_02884490|Burkholderia_gramini   55.87   54.80   50.89   50.18   53.38   54.80   54.29   58.01   55.52   58.36   58.01   58.01   57.86   58.72   55.52   54.45   54.09   53.74   55.87   55.16   55.16   52.67   53.74   53.74   55.87   53.74   55.52   55.16   56.23   53.38   53.74   54.09   57.65   54.80   56.58   56.58   58.36   57.30   57.30   57.65   57.30   58.01   58.72   58.01   58.01   53.05   54.45   50.00   69.75   70.11   75.90   96.44  100.00   90.36   91.43   70.86   67.62   70.11   71.07   70.46   69.04   69.40   69.75   69.75
    54: YP_003607841|Burkholderia_sp_CCG   54.29   55.36   51.07   50.00   53.21   55.36   56.27   56.79   58.57   59.64   58.93   58.21   57.71   58.93   56.07   55.71   55.71   55.36   56.07   56.79   56.07   55.71   56.07   56.79   57.86   56.07   58.57   58.57   57.86   53.93   53.93   54.29   56.79   55.71   56.43   57.50   58.93   58.57   58.57   58.93   59.29   59.64   59.64   58.93   58.21   52.33   53.57   48.87   68.93   69.29   76.62   90.36   90.36  100.00   97.50   68.71   66.43   67.86   67.86   68.93   67.14   67.50   67.86   67.86
    55: ZP_03263969|Burkholderia_sp_H160   55.00   55.00   50.71   49.64   53.21   55.36   55.56   56.79   58.21   59.64   58.93   58.21   57.71   58.93   56.07   55.71   55.36   55.00   56.07   56.79   56.07   55.71   56.07   56.79   57.86   56.07   58.57   58.57   57.50   53.57   53.93   54.29   56.43   55.36   55.71   57.50   58.93   57.50   57.50   58.21   58.57   58.93   59.29   58.93   58.21   52.33   53.21   48.87   69.64   70.36   76.62   91.43   91.43   97.50  100.00   68.71   67.14   68.21   68.93   69.64   67.86   68.21   68.57   68.57
    56: WP_000101038|Acinetobacter_bauma   56.47   53.96   49.28   51.08   53.24   52.88   53.07   53.96   56.47   56.12   56.12   55.76   59.21   58.27   53.60   52.88   54.68   54.32   55.04   54.32   55.40   53.96   53.24   55.40   55.76   54.32   55.40   55.04   54.68   53.96   55.40   55.40   56.47   56.12   56.83   55.76   54.68   53.96   55.04   54.32   55.40   55.76   55.76   55.76   59.35   50.72   53.60   58.49   65.83   66.55   70.86   70.14   70.86   68.71   68.71  100.00   74.10   76.26   76.26   76.98   75.54   75.90   75.90   75.90
    57: YP_006965774|Sphingobium_fuligin   52.84   50.17   48.81   48.46   50.51   51.88   49.66   50.51   51.88   56.66   56.66   57.00   55.48   57.34   49.49   50.17   47.44   47.10   49.15   47.78   47.44   47.78   49.49   52.22   50.17   50.17   52.56   52.56   51.54   49.49   49.49   49.83   53.58   52.90   53.92   52.22   53.24   54.27   55.63   54.95   56.31   57.00   53.92   53.24   56.66   51.61   53.00   57.52   62.80   67.58   69.78   67.26   67.62   66.43   67.14   74.10  100.00   77.39   78.57   78.09   77.39   77.74   78.09   78.09
    58: WP_017525394|Pusillimonas_noerte   52.48   47.99   48.32   48.32   49.66   49.66   49.83   49.66   54.03   54.70   55.37   55.37   56.57   55.03   49.66   50.00   49.66   49.33   51.68   50.34   51.34   48.99   50.00   51.01   52.01   51.34   51.01   51.01   48.66   49.33   49.66   50.00   54.03   52.68   53.36   53.69   53.69   53.69   53.69   53.36   52.68   52.68   53.02   54.03   53.69   55.20   56.89   59.40   64.77   62.75   73.38   69.75   70.11   67.86   68.21   76.26   77.39  100.00   82.14   80.57   79.15   79.86   80.21   80.21
    59: WP_010805591|Pandoraea_sp_SD6-2|   53.57   51.07   50.00   50.71   51.79   52.14   52.69   52.86   53.93   57.86   58.93   58.57   58.06   58.21   52.14   52.14   52.86   52.50   53.57   52.50   51.79   53.57   53.21   54.64   53.57   53.57   53.93   55.36   52.50   52.86   53.93   54.29   55.00   55.71   55.71   56.43   57.14   56.43   55.36   56.07   57.86   57.50   56.07   56.79   57.86   53.41   58.21   63.53   67.14   69.29   70.50   70.36   71.07   67.86   68.93   76.26   78.57   82.14  100.00   82.50   82.50   82.86   82.86   82.86
    60: NP_636195|Xanthomonas_campestris   54.96   49.83   45.82   46.82   49.83   49.83   53.36   50.50   53.51   55.52   55.85   55.85   54.36   55.18   50.17   50.50   51.17   50.50   52.17   51.51   50.50   51.84   51.17   52.51   51.84   53.18   53.18   52.84   49.50   49.83   49.83   49.83   54.18   54.52   52.51   52.51   54.18   54.18   52.84   54.18   55.52   54.85   53.85   54.52   57.19   52.69   56.18   66.54   65.89   65.89   71.58   70.11   70.46   68.93   69.64   76.98   78.09   80.57   82.50  100.00   93.79   95.05   95.05   95.05
    61: ZP_02241946|Xanthomonas_oryzae_p   55.67   50.34   45.97   46.31   50.00   49.33   52.53   51.01   52.68   55.70   57.05   57.05   53.87   55.03   49.33   49.66   48.99   48.66   51.01   49.66   49.33   50.34   49.66   51.34   51.34   51.68   52.01   52.35   48.32   48.99   49.33   49.33   52.68   53.02   52.35   52.68   53.69   54.03   53.69   55.03   55.70   55.03   54.03   54.36   57.05   53.05   56.54   67.67   64.43   65.10   71.58   68.68   69.04   67.14   67.86   75.54   77.39   79.15   82.50   93.79  100.00   97.17   97.88   97.88
    62: NP_641230|Xanthomonas_axonopodis   53.90   51.01   46.31   46.98   50.67   50.34   53.20   50.67   52.68   55.70   57.38   57.38   53.87   54.36   48.99   50.34   50.67   50.34   51.34   51.01   50.00   51.34   51.01   51.68   51.01   52.01   52.01   52.35   48.99   48.99   49.33   49.33   54.03   54.36   52.35   52.35   54.03   54.03   52.35   55.37   55.70   54.70   53.69   54.36   57.05   53.05   56.18   68.80   65.77   65.77   71.58   69.04   69.40   67.50   68.21   75.90   77.74   79.86   82.86   95.05   97.17  100.00   98.99   99.33
    63: ZP_06729670|Xanthomonas_fuscans_   54.61   50.67   46.31   47.32   50.67   50.34   53.20   51.01   53.02   56.04   57.72   57.72   53.87   54.36   49.66   50.67   50.34   50.00   51.68   51.01   50.34   51.34   50.67   52.01   51.34   52.35   52.35   52.68   49.33   49.33   49.66   49.66   54.03   54.70   52.35   52.68   54.03   54.03   52.68   55.37   55.70   55.03   53.69   54.70   56.71   53.41   56.54   68.80   66.11   66.11   71.94   69.40   69.75   67.86   68.57   75.90   78.09   80.21   82.86   95.05   97.88   98.99  100.00   99.66
    64: ZP_06704385|Xanthomonas_fuscans_   54.61   50.67   46.31   47.32   50.67   50.34   53.54   51.01   53.36   56.04   57.72   57.72   53.87   54.36   49.66   50.67   50.34   50.00   51.68   51.01   50.34   51.34   50.67   52.01   51.34   52.35   52.35   52.68   49.33   49.33   49.66   49.66   54.03   54.36   52.68   52.68   54.03   54.03   52.68   55.37   55.70   55.03   53.69   54.70   56.71   53.41   56.54   68.80   66.11   66.11   71.94   69.40   69.75   67.86   68.57   75.90   78.09   80.21   82.86   95.05   97.88   99.33   99.66  100.00
