#
#
#  Percent Identity  Matrix - created by Clustal2.1 
#
#

     1: tr|A0A2D4SFT9|A0A2D4SFT9_9GAMM  100.00   71.17   71.62   59.48   59.64   59.94   56.47   58.09   56.95   58.72   58.90   57.53   59.36   58.14   58.45   60.43   59.82
     2: UPI0028849E6A                    71.17  100.00   92.13   62.12   61.27   61.57   56.99   58.38   57.77   59.39   59.82   57.08   59.97   59.51   60.18   60.49   61.09
     3: UPI002887FEB0                    71.62   92.13  100.00   62.12   60.97   61.42   56.99   58.84   57.62   59.08   59.51   57.38   60.27   59.51   60.64   60.79   61.25
     4: tr|A0A4R7P2Q6|A0A4R7P2Q6_9GAMM   59.48   62.12   62.12  100.00   79.55   79.70   61.15   64.63   60.98   62.60   61.64   62.86   63.01   62.56   63.43   64.44   64.13
     5: UPI0003B554B8                    59.64   61.27   60.97   79.55  100.00   97.90   59.73   63.41   62.50   63.97   63.47   62.25   62.56   62.71   63.37   64.59   63.83
     6: UPI002352BF2D                    59.94   61.57   61.42   79.70   97.90  100.00   60.03   63.87   62.65   64.12   63.77   62.40   63.01   63.01   63.83   65.05   64.29
     7: tr|A0A1D2S9H9|A0A1D2S9H9_9BURK   56.47   56.99   56.99   61.15   59.73   60.03  100.00   66.16   62.29   64.73   65.30   64.54   66.06   63.01   69.80   68.09   66.57
     8: tr|A0A938WEV2|A0A938WEV2_9GAMM   58.09   58.38   58.84   64.63   63.41   63.87   66.16  100.00   66.62   65.54   69.01   69.62   70.53   66.72   70.27   69.97   67.53
     9: tr|A0A916J5M5|A0A916J5M5_9PROT   56.95   57.77   57.62   60.98   62.50   62.65   62.29   66.62  100.00   84.73   67.28   64.07   63.61   64.83   66.41   69.16   68.70
    10: tr|A0A934GIY0|A0A934GIY0_9PROT   58.72   59.39   59.08   62.60   63.97   64.12   64.73   65.54   84.73  100.00   66.97   65.50   65.60   66.51   68.70   69.62   70.69
    11: UPI001D0339CB                    58.90   59.82   59.51   61.64   63.47   63.77   65.30   69.01   67.28   66.97  100.00   71.99   71.08   66.21   69.71   68.95   67.73
    12: UPI0021AB0846                    57.53   57.08   57.38   62.86   62.25   62.40   64.54   69.62   64.07   65.50   71.99  100.00   73.06   65.91   71.23   69.86   68.80
    13: UPI00235D8525                    59.36   59.97   60.27   63.01   62.56   63.01   66.06   70.53   63.61   65.60   71.08   73.06  100.00   68.04   73.21   72.30   71.69
    14: tr|A0A7V7E425|A0A7V7E425_9PROT   58.14   59.51   59.51   62.56   62.71   63.01   63.01   66.72   64.83   66.51   66.21   65.91   68.04  100.00   69.10   73.82   75.19
    15: UPI00286D15C4                    58.45   60.18   60.64   63.43   63.37   63.83   69.80   70.27   66.41   68.70   69.71   71.23   73.21   69.10  100.00   75.23   74.01
    16: sp|Q5P5G2|APCA_AROAE             60.43   60.49   60.79   64.44   64.59   65.05   68.09   69.97   69.16   69.62   68.95   69.86   72.30   73.82   75.23  100.00   87.08
    17: UPI00145FAED6                    59.82   61.09   61.25   64.13   63.83   64.29   66.57   67.53   68.70   70.69   67.73   68.80   71.69   75.19   74.01   87.08  100.00
