#
#
#  Percent Identity  Matrix - created by Clustal2.1 
#
#

     1: tr|A0A2D6G381|A0A2D6G381_9PROT  100.00   71.49   48.18   47.77   55.91   49.46   51.18   52.89   49.57   49.46   48.50   50.54   51.50   50.32   50.54   50.63   50.21   50.86   50.00   48.28   53.02   50.86   50.43   54.62   50.97   51.83   51.83   51.61   51.61   50.97   50.97   50.32   50.11   50.11   49.79   50.00   51.61   50.32   50.54   49.68   49.25   50.11   50.11   50.11   50.96   51.93   56.88   59.38   56.99   57.29   57.50   59.83   57.53   57.53   54.17   55.00   54.58   55.00   57.08   57.29   57.29   57.41   57.11   58.75   57.08   58.12   58.54   57.50   57.71   57.92   57.92   57.92   57.50   57.50   58.12   57.92   56.46   57.08   57.83   57.92   58.25   57.20   57.08   57.29   57.41   56.67   55.58   56.36   50.97   50.97   50.97   51.77   52.90   50.75   50.54   54.32   54.49   54.49   52.35   55.25   53.76   54.19   47.56   56.50   47.49   46.85   52.53   47.62   48.70   48.58   47.62   47.19   48.92   46.97   47.62   47.62   48.05   50.22   47.08   48.92   48.05   48.27   46.97   48.70   47.19   47.62   48.16   48.70   48.27   48.27   46.97   46.12   45.47   47.62   48.99   46.12   46.75   48.27   46.32   48.49   48.37   47.41   49.57   49.57   49.57   50.00   46.97   45.67   48.05   48.70   47.19   50.85   47.30   47.39   47.08   47.99   48.84   50.00   48.52   48.31   49.24   49.03   50.22   48.50   48.39   49.36   46.30   47.41
     2: tr|A0A2D6TAL2|A0A2D6TAL2_9PROT   71.49  100.00   45.40   47.22   56.65   49.03   48.82   52.25   49.79   47.97   49.57   49.89   49.14   49.46   49.25   49.37   48.61   48.50   47.64   46.14   48.92   47.84   49.57   49.89   47.74   47.74   48.60   48.60   50.11   49.46   49.03   47.96   47.96   47.96   47.85   47.85   48.17   47.31   47.31   46.02   46.02   46.88   46.88   47.10   46.25   47.42   51.59   55.63   54.89   55.63   55.84   55.11   55.32   53.19   50.96   51.80   51.38   51.38   54.78   54.99   54.99   54.99   54.04   54.56   54.56   54.56   55.41   53.72   53.72   53.50   56.69   54.99   55.63   55.63   55.63   55.84   53.50   53.72   55.20   55.84   56.26   54.35   54.14   55.41   55.41   54.56   50.21   55.13   49.25   49.25   48.39   49.12   50.97   48.82   49.04   50.11   48.50   48.50   47.86   50.96   50.54   52.26   48.51   55.53   43.57   46.85   49.26   46.32   46.10   46.41   45.67   44.81   46.75   46.32   45.67   45.67   46.75   48.27   46.44   47.19   45.89   46.10   46.32   46.75   46.10   45.89   46.00   46.97   46.75   46.75   45.45   44.61   44.61   46.75   47.20   44.83   46.10   46.75   45.89   45.91   47.94   45.04   47.40   47.40   47.40   47.62   45.24   44.37   46.97   47.62   44.59   47.46   45.57   44.78   44.49   46.88   47.10   48.27   47.20   46.98   46.44   47.73   47.20   47.42   47.53   46.88   46.35   46.98
     3: tr|A0A358U7D1|A0A358U7D1_9FIRM   48.18   45.40  100.00   71.13   52.56   53.65   53.65   54.06   52.89   54.91   53.32   54.08   55.67   56.84   54.72   53.00   55.53   56.75   55.67   53.96   56.99   55.27   53.96   58.15   53.65   53.22   53.22   54.08   49.57   51.50   51.93   51.93   50.21   50.21   50.54   50.32   51.50   51.72   53.65   51.50   52.79   52.58   52.58   52.36   53.85   54.60   54.99   55.20   53.19   55.20   54.78   55.53   55.32   53.83   54.14   55.20   54.35   53.93   56.05   54.99   54.99   54.99   54.68   56.90   56.48   56.69   56.69   56.48   56.69   56.69   54.78   54.14   55.20   55.20   55.20   55.20   56.48   56.05   55.63   56.90   56.48   56.48   56.90   55.63   55.63   56.69   56.32   59.19   57.73   57.73   56.65   57.62   60.52   53.85   54.27   58.85   59.06   59.06   59.70   61.32   61.80   62.66   50.00   50.11   47.61   56.34   56.26   54.08   53.65   54.00   53.65   53.00   55.36   55.36   53.43   53.43   53.65   54.29   55.03   55.15   53.00   54.08   55.36   54.29   54.72   54.94   54.82   54.72   54.51   54.51   55.58   57.05   56.84   57.51   58.76   55.98   54.51   57.30   58.37   56.62   56.34   54.70   56.87   56.87   56.87   56.87   56.22   55.36   56.44   57.94   54.08   61.02   56.75   56.90   56.53   57.05   56.41   59.66   61.03   60.39   57.60   60.60   57.26   59.70   57.26   58.55   57.48   60.26
     4: tr|A0A9E5NLR2|A0A9E5NLR2_9CHLR   47.77   47.22   71.13  100.00   51.69   52.58   53.43   53.21   50.11   52.14   51.39   52.36   53.32   53.42   51.93   49.75   52.34   53.53   52.46   50.54   54.84   54.41   54.18   55.58   50.43   50.86   51.07   51.07   49.14   50.86   50.86   50.21   50.43   50.43   50.75   50.54   51.29   51.07   51.50   50.21   51.07   51.29   51.29   51.07   53.63   54.18   54.95   56.00   52.95   53.68   54.11   55.70   54.64   53.80   54.11   53.47   54.32   53.68   55.37   56.00   56.00   56.00   53.59   55.58   55.58   54.95   55.79   55.16   55.16   55.16   55.37   54.32   54.53   54.53   54.53   54.74   55.58   55.79   55.16   56.21   55.79   54.74   55.16   55.16   55.16   55.58   58.46   58.69   56.87   56.87   54.72   55.63   58.58   52.99   53.85   57.72   58.85   58.85   58.64   60.04   59.44   59.44   50.64   47.54   43.91   55.70   58.44   55.79   54.72   55.08   55.36   55.36   56.44   57.51   56.44   56.44   55.79   56.65   55.67   57.73   55.15   55.36   55.58   56.44   55.36   56.87   55.89   56.44   56.65   56.65   57.30   55.98   55.77   58.15   59.42   56.20   55.15   57.73   57.73   56.20   56.34   54.49   56.65   56.65   56.65   57.73   56.65   54.72   57.73   57.30   56.44   64.41   57.60   56.47   56.10   57.63   58.26   58.80   59.66   59.87   59.10   60.39   57.48   60.77   60.90   59.19   57.63   60.47
     5: tr|A0A8I1R7B8|A0A8I1R7B8_9BURK   55.91   56.65   52.56   51.69  100.00   50.75   51.40   49.46   47.21   48.61   47.21   48.39   48.50   49.46   49.03   47.62   49.15   50.21   49.79   50.43   50.22   50.86   51.29   52.69   49.68   48.82   49.68   49.25   48.17   49.03   48.82   49.03   48.39   48.39   48.50   49.14   49.68   48.60   50.54   49.68   49.03   49.03   49.03   49.03   49.25   50.64   58.68   57.02   60.46   60.33   60.33   61.16   59.71   58.26   56.82   57.85   56.82   56.61   59.92   59.92   59.92   59.92   60.54   59.71   60.54   60.33   59.92   59.92   59.92   59.92   60.12   57.44   59.09   59.09   59.30   59.09   58.06   60.33   60.74   61.36   60.33   59.30   60.33   59.09   59.09   59.50   56.65   56.57   51.83   51.83   50.32   48.67   53.98   51.61   52.25   56.00   56.41   56.41   54.49   56.53   55.05   56.13   49.68   61.65   46.62   50.11   53.60   49.14   49.35   49.24   48.71   47.63   50.00   48.92   48.28   48.28   50.00   51.51   49.03   50.65   50.65   48.92   49.78   50.65   51.08   50.86   50.11   49.78   49.78   49.78   51.08   51.29   50.64   49.14   51.00   49.36   50.43   49.78   50.22   51.61   50.54   49.14   48.49   48.49   48.49   48.92   48.71   48.06   50.00   50.65   47.84   59.32   49.46   50.22   49.89   49.06   50.10   49.35   50.83   51.04   51.18   50.11   50.86   50.75   51.72   50.86   51.16   53.76
     6: tr|A0A2N6B9A7|A0A2N6B9A7_UNCDE   49.46   49.03   53.65   52.58   50.75  100.00   63.75   64.26   61.91   62.55   62.13   61.41   62.90   62.77   64.18   64.02   62.47   63.33   62.69   56.72   58.55   59.19   58.42   60.13   59.70   60.13   59.49   60.34   56.29   57.14   59.06   58.64   56.50   56.50   57.14   57.36   59.06   59.28   59.91   57.78   58.85   59.28   59.28   59.06   57.23   59.79   51.39   52.88   51.50   50.96   51.17   53.09   52.24   50.75   53.09   51.81   52.67   52.03   53.09   52.45   52.45   52.45   51.60   53.09   53.30   52.88   52.45   52.24   52.24   52.24   52.88   51.39   53.73   53.73   53.09   52.88   52.45   51.81   51.81   52.88   52.88   53.52   52.03   52.67   52.67   52.45   53.63   54.80   52.78   52.78   51.92   50.55   52.99   53.09   51.60   52.03   53.30   53.30   52.88   58.21   55.98   57.26   48.40   50.11   46.97   53.02   54.16   49.78   49.57   49.57   49.57   47.41   49.78   49.14   48.49   48.49   49.57   50.86   50.43   50.65   50.86   49.14   50.00   49.57   51.29   50.43   50.32   51.72   50.86   50.86   48.71   50.11   50.11   47.84   51.33   47.74   48.92   49.14   50.00   49.35   51.94   50.11   50.65   50.65   50.65   51.29   49.57   47.84   50.43   50.22   49.57   58.62   51.18   52.05   51.83   51.18   50.97   50.00   50.22   49.35   49.89   51.18   51.18   51.07   48.17   47.96   52.16   51.29
     7: tr|A0A8I2CT04|A0A8I2CT04_9BACT   51.18   48.82   53.65   53.43   51.40   63.75  100.00   70.00   67.45   70.00   70.64   71.00   72.92   73.19   72.07   71.71   72.92   73.77   72.92   58.21   64.32   61.11   64.61   65.88   64.39   64.18   64.61   64.61   60.13   62.47   62.26   61.41   62.05   62.05   62.47   62.69   62.47   62.90   63.11   62.05   63.33   63.54   63.54   63.33   64.04   64.68   53.09   53.30   51.07   51.39   51.60   53.94   53.94   52.03   50.53   51.81   51.81   51.60   54.58   54.37   54.37   54.37   53.30   54.58   53.73   53.30   52.88   52.45   52.67   52.45   55.65   53.52   54.58   54.58   53.73   53.52   54.16   53.94   53.52   53.73   53.73   53.09   53.52   53.73   53.73   53.94   55.34   55.01   53.42   53.42   53.21   52.97   55.34   53.09   49.25   52.45   54.16   54.16   54.80   57.36   58.33   60.04   47.12   50.11   45.67   54.31   53.94   51.94   50.86   51.08   51.08   49.78   52.80   51.94   50.86   50.86   51.72   53.66   53.23   55.82   53.88   52.80   54.53   54.53   54.96   54.53   53.76   54.53   53.45   53.66   51.72   52.26   51.61   51.51   54.89   51.61   51.51   53.66   54.96   53.66   55.60   53.33   53.66   53.66   53.66   55.60   51.51   50.86   53.45   54.09   52.16   63.79   54.19   54.64   54.41   53.33   53.33   54.31   53.66   53.88   53.98   54.19   55.91   53.22   51.61   50.75   52.16   54.53
     8: tr|A0A7C4T8A8|A0A7C4T8A8_9BACT   52.89   52.25   54.06   53.21   49.46   64.26   70.00  100.00   77.49   81.74   79.41   78.09   77.71   80.93   78.09   77.48   78.34   78.34   78.56   56.69   59.91   60.55   63.48   65.11   61.06   61.91   61.70   62.34   58.51   62.13   62.55   60.64   60.43   60.43   60.08   60.30   62.13   62.13   63.62   60.64   62.98   62.55   62.55   62.55   60.81   62.21   53.50   54.14   51.49   51.59   52.02   53.72   52.65   53.50   51.80   51.17   52.44   51.38   53.72   54.14   54.14   54.14   53.50   53.29   53.29   53.72   53.72   52.44   53.29   53.08   54.14   52.65   53.29   53.29   52.87   52.44   54.99   54.35   52.87   53.72   53.50   53.50   53.29   52.23   52.23   51.59   53.73   56.26   54.37   54.37   53.94   53.51   55.44   56.38   53.83   53.93   55.20   55.20   54.14   55.32   58.21   60.13   50.53   50.97   49.24   53.98   55.20   52.69   52.69   52.48   52.04   50.75   53.33   53.55   53.12   53.12   53.33   56.13   56.22   56.13   53.76   54.41   55.70   54.62   54.84   53.76   54.29   54.41   54.41   54.41   51.40   52.25   52.25   52.26   55.43   53.53   52.90   54.19   53.76   53.98   56.56   54.39   55.05   55.05   55.05   56.56   53.98   52.04   55.05   53.98   53.98   70.69   54.51   54.31   54.08   53.53   53.32   55.48   55.58   55.79   54.72   55.58   56.32   54.18   53.22   52.79   53.43   55.27
     9: tr|A0A971M4W8|A0A971M4W8_9BACT   49.57   49.79   52.89   50.11   47.21   61.91   67.45   77.49  100.00   80.04   83.86   81.91   79.15   81.32   80.21   80.45   80.85   80.85   80.21   56.60   59.28   59.70   61.06   63.19   59.57   60.64   60.00   61.06   57.23   59.36   59.15   60.00   58.72   58.72   58.30   58.51   59.57   59.79   61.49   58.51   60.64   60.21   60.21   59.79   59.87   60.08   51.49   51.49   49.04   50.21   50.00   51.28   51.06   50.64   51.70   51.70   52.55   51.28   52.98   51.91   51.91   51.91   52.13   52.13   51.70   52.98   52.34   51.70   52.13   52.34   52.98   52.98   52.55   52.55   52.34   52.13   53.40   51.70   52.77   52.77   53.40   52.98   52.34   52.55   52.55   51.70   51.60   54.04   52.67   52.67   51.81   52.19   53.30   51.91   51.91   52.34   53.62   53.62   52.34   55.53   54.80   56.50   49.15   48.92   46.44   51.18   53.62   47.10   47.53   47.30   46.45   45.81   49.68   49.03   49.46   49.46   50.11   50.32   50.97   50.97   49.03   49.89   49.46   50.54   49.46   49.68   49.57   50.11   50.11   50.11   48.39   48.28   48.07   48.60   51.44   48.93   49.03   50.32   50.32   50.11   51.61   49.79   51.18   51.18   51.18   53.12   48.60   47.10   50.75   50.32   49.25   63.79   51.50   51.51   51.29   50.64   50.43   53.33   51.18   51.40   51.07   53.00   53.65   51.61   47.42   47.85   50.11   52.04
    10: tr|A0A7C4IUR4|A0A7C4IUR4_UNCDU   49.46   47.97   54.91   52.14   48.61   62.55   70.00   81.74   80.04  100.00   83.23   82.13   81.28   84.08   82.34   82.43   83.44   84.26   83.19   57.66   62.69   61.19   62.34   65.53   61.91   62.55   62.13   62.98   58.72   61.28   61.49   61.06   60.43   60.43   60.43   60.85   61.28   61.70   63.19   61.91   63.62   63.19   63.19   62.98   61.78   62.63   53.29   52.87   50.85   51.80   52.02   52.65   53.08   53.50   51.38   52.23   53.50   52.02   53.72   53.08   53.08   53.08   53.72   52.87   53.08   54.14   52.44   52.02   52.44   52.65   53.93   53.50   53.72   53.72   53.08   52.87   54.56   53.50   52.44   53.08   53.29   53.08   52.87   53.08   53.08   52.44   52.55   54.47   53.30   53.30   52.24   52.63   54.58   54.56   51.38   53.93   54.56   54.56   54.35   56.90   58.00   59.06   50.32   49.24   47.52   52.69   54.35   50.21   51.50   50.97   50.00   49.36   53.22   52.79   53.00   53.00   53.22   53.65   54.94   54.94   53.22   54.29   54.51   54.51   54.29   54.94   54.82   55.15   55.36   55.36   52.15   52.89   52.68   52.58   54.32   53.75   51.93   52.58   52.79   53.43   53.55   53.32   54.08   54.08   54.08   55.79   53.22   51.29   54.29   53.22   53.22   72.88   54.39   54.53   54.60   53.32   53.75   54.29   54.51   54.72   53.53   55.03   55.25   53.85   51.61   51.61   51.72   54.94
    11: tr|A0A3N5QSK0|A0A3N5QSK0_9BACT   48.50   49.57   53.32   51.39   47.21   62.13   70.64   79.41   83.86   83.23  100.00   83.83   82.55   83.86   83.62   83.66   84.47   84.68   84.47   57.66   62.47   61.41   62.98   63.40   61.49   60.85   61.06   61.91   57.66   59.15   60.21   59.36   60.00   60.00   58.51   59.15   59.57   59.79   61.91   59.57   61.70   61.28   61.28   60.85   62.21   63.06   53.19   52.77   50.32   51.06   51.28   52.77   52.77   52.77   52.13   52.77   53.62   51.70   54.26   53.19   53.19   53.19   53.40   52.34   52.34   53.83   53.40   52.98   53.40   53.62   54.47   53.40   54.47   54.47   54.47   54.26   55.11   53.40   53.62   53.40   54.26   54.26   54.26   54.47   54.47   53.83   53.09   55.11   55.22   55.22   53.94   54.17   54.58   51.49   52.13   53.62   54.26   54.26   53.40   55.11   55.65   58.00   49.36   49.13   48.60   52.90   53.40   47.96   47.96   47.73   47.10   46.24   50.11   49.25   49.46   49.46   50.11   51.40   52.90   51.83   50.75   50.97   51.40   52.26   50.75   51.18   51.50   51.18   50.97   50.97   50.11   50.64   50.43   49.46   52.77   50.86   50.32   50.54   51.40   50.75   53.12   51.50   53.12   53.12   53.12   53.33   50.32   49.68   51.40   52.47   50.97   65.52   52.58   52.59   52.36   50.64   50.21   53.12   50.97   51.18   51.72   52.79   53.86   52.03   49.57   49.14   49.46   51.61
    12: tr|A0A8I1ZTX5|A0A8I1ZTX5_9BACT   50.54   49.89   54.08   52.36   48.39   61.41   71.00   78.09   81.91   82.13   83.83  100.00   84.89   85.74   85.53   85.89   86.38   85.74   85.96   57.78   62.39   59.83   59.91   65.46   59.91   60.34   60.55   60.98   57.14   59.28   59.06   59.28   60.13   60.13   59.49   59.91   60.98   60.98   61.83   60.34   62.69   62.05   62.05   61.62   61.28   61.28   52.24   51.81   49.36   49.89   50.11   51.81   51.17   51.17   49.89   50.75   51.39   50.32   53.09   52.45   52.45   52.45   52.67   52.45   52.24   52.03   52.24   51.81   52.03   52.24   53.94   52.67   52.45   52.45   52.24   52.03   53.30   52.03   51.81   52.24   52.88   52.67   53.09   52.88   52.88   52.24   53.21   54.80   54.49   54.49   54.49   54.29   54.91   51.81   50.32   54.16   53.52   53.52   53.30   54.80   55.77   57.48   50.53   48.16   47.62   52.80   53.94   49.78   49.57   49.78   49.35   48.49   53.23   51.29   51.72   51.72   52.37   52.59   53.88   53.45   51.94   52.80   53.23   53.45   53.02   52.80   52.04   53.23   52.59   52.80   51.51   52.26   51.61   52.59   53.78   51.83   51.08   53.02   53.23   51.51   53.23   53.12   53.88   53.88   53.88   55.17   51.29   50.22   52.37   53.45   50.86   60.34   53.12   54.00   53.76   52.04   52.04   54.53   52.80   53.45   53.98   53.55   55.05   52.36   50.32   50.97   50.22   52.80
    13: tr|A0A7V0Z058|A0A7V0Z058_UNCDE   51.50   49.14   55.67   53.32   48.50   62.90   72.92   77.71   79.15   81.28   82.55   84.89  100.00   91.08   88.94   88.61   90.66   91.30   90.66   58.09   65.17   64.10   64.47   65.88   63.54   63.75   63.54   64.39   59.70   62.26   61.83   61.83   61.62   61.62   61.28   61.70   63.11   62.69   63.54   62.47   64.18   63.75   63.75   63.33   61.78   63.40   54.04   54.04   50.96   50.64   50.85   52.55   52.98   53.62   52.13   52.77   54.47   52.77   54.68   54.26   54.26   54.26   53.19   54.04   53.19   54.47   53.62   53.19   53.62   53.83   55.32   54.47   54.04   54.04   53.83   53.62   55.53   54.26   52.98   53.40   54.26   54.68   54.04   54.89   54.89   53.83   54.49   54.26   54.91   54.91   54.70   54.73   55.13   54.16   52.45   55.11   54.89   54.89   55.11   56.93   56.62   58.97   52.13   48.05   50.00   53.88   55.11   50.00   50.00   49.78   49.35   48.28   52.37   51.72   51.29   51.29   52.59   53.02   53.12   54.09   52.16   52.16   53.23   52.80   52.59   52.80   52.69   52.80   52.37   52.59   51.29   52.79   52.15   52.16   54.89   53.43   50.86   52.80   53.02   52.59   54.09   53.00   53.66   53.66   53.66   54.96   51.94   51.08   53.02   54.09   51.72   70.69   53.76   54.21   53.98   51.93   52.36   54.09   52.69   53.12   54.62   54.19   55.58   54.72   51.83   52.04   51.61   54.31
    14: tr|A0A7Y8IVE5|A0A7Y8IVE5_UNCSY   50.32   49.46   56.84   53.42   49.46   62.77   73.19   80.93   81.32   84.08   83.86   85.74   91.08  100.00   90.21   90.10   92.57   92.99   92.36   59.24   64.82   62.90   63.06   65.32   62.98   63.19   63.19   63.83   59.36   61.49   61.49   61.70   61.28   61.28   60.93   61.36   62.34   62.13   63.19   61.91   63.83   63.40   63.40   62.98   61.44   63.27   53.93   53.72   51.06   51.38   51.59   53.08   53.50   53.93   50.74   51.38   52.87   51.17   54.35   53.72   53.72   53.72   53.72   53.50   53.29   54.35   52.87   52.23   52.65   52.87   54.56   53.72   53.50   53.50   53.29   53.08   55.20   54.14   53.50   53.93   53.72   53.72   53.29   53.50   53.50   53.50   54.37   54.99   54.37   54.37   53.73   53.07   55.65   53.62   52.98   55.41   55.41   55.41   55.20   57.87   57.36   60.34   49.89   48.38   50.11   54.19   55.20   49.89   49.89   49.68   49.25   48.60   52.90   52.04   52.04   52.04   53.12   52.90   53.86   54.41   52.04   52.26   53.33   53.76   52.90   52.90   52.79   52.90   52.26   52.26   52.04   52.46   51.82   52.90   55.21   52.89   50.97   52.26   53.76   53.12   54.84   53.32   53.55   53.55   53.55   55.48   52.47   51.18   53.55   54.41   51.83   68.97   54.08   54.74   54.51   52.25   52.89   54.62   54.08   54.51   54.08   55.36   56.10   54.18   52.15   52.79   51.93   55.27
    15: tr|A0A938R959|A0A938R959_UNCDE   50.54   49.25   54.72   51.93   49.03   64.18   72.07   78.09   80.21   82.34   83.62   85.53   88.94   90.21  100.00  100.00   94.04   93.62   94.26   58.42   64.96   62.82   62.26   66.31   62.90   63.54   63.11   64.18   59.70   61.83   62.05   62.26   62.26   62.26   60.77   61.62   63.75   63.33   64.39   62.69   64.18   64.18   64.18   63.75   62.34   63.62   52.24   53.09   49.79   50.53   50.32   52.03   52.67   52.24   50.53   51.39   52.03   51.17   53.52   53.09   53.09   53.09   52.24   52.45   51.81   52.88   52.24   51.17   51.60   51.81   53.30   53.09   52.67   52.67   52.45   52.24   53.94   52.88   52.45   52.45   52.45   53.09   52.24   52.24   52.24   52.24   56.20   55.01   54.91   54.91   54.70   54.29   55.77   54.16   54.16   55.65   54.80   54.80   55.86   58.21   57.26   60.26   50.53   49.46   50.00   54.96   55.65   50.65   50.43   50.22   49.57   48.71   51.94   50.86   50.86   50.86   52.37   53.02   53.88   54.09   51.72   51.94   51.94   53.02   53.02   52.59   52.69   53.23   52.16   52.37   52.37   52.47   51.83   52.59   54.22   52.90   51.72   51.51   52.37   52.16   54.74   52.47   53.88   53.88   53.88   55.39   51.51   50.22   52.59   53.66   52.16   70.69   53.12   54.43   54.19   51.83   52.47   54.31   52.59   53.02   53.98   55.27   56.13   53.22   50.97   51.18   51.72   53.66
    16: tr|A0A938UWJ6|A0A938UWJ6_UNCDE   50.63   49.37   53.00   49.75   47.62   64.02   71.71   77.48   80.45   82.43   83.66   85.89   88.61   90.10  100.00  100.00   93.56   93.56   93.56   56.58   62.69   60.95   60.79   65.26   62.03   62.28   62.03   62.78   58.31   60.55   60.55   61.29   60.79   60.79   59.80   60.79   62.28   62.03   62.53   62.28   62.78   62.53   62.53   62.03   60.40   61.63   51.36   52.11   49.75   50.37   50.37   50.87   52.36   52.11   51.36   51.36   51.86   51.36   53.35   52.85   52.85   52.85   52.61   52.11   51.86   52.61   51.86   51.12   51.36   51.61   53.10   52.61   52.11   52.11   51.86   51.61   53.35   52.36   53.10   52.36   52.61   53.85   52.61   52.36   52.36   52.11   55.22   52.36   53.48   53.48   52.74   52.74   52.99   52.11   52.36   52.61   52.11   52.11   53.60   57.32   55.47   58.96   48.14   48.35   48.01   52.26   52.36   48.74   48.74   48.49   47.24   46.48   49.50   48.49   49.50   49.50   50.75   51.26   51.76   52.26   50.25   50.50   51.01   51.26   52.26   51.01   50.88   51.51   50.25   50.50   48.99   48.87   48.12   49.75   50.52   49.87   50.25   48.74   50.00   50.00   52.26   51.13   51.01   51.01   51.01   52.76   48.74   47.49   50.50   51.01   50.50    -nan   50.88   52.13   52.13   49.87   50.38   51.76   49.50   50.00   51.38   52.13   53.13   50.75   48.37   48.87   48.99   51.01
    17: tr|A0A942INY3|A0A942INY3_UNCSY   50.21   48.61   55.53   52.34   49.15   62.47   72.92   78.34   80.85   83.44   84.47   86.38   90.66   92.57   94.04   93.56  100.00   97.03   97.03   58.51   65.38   62.39   62.98   66.10   62.26   62.69   62.26   63.33   59.28   61.41   61.19   61.19   61.83   61.83   60.64   61.06   63.54   62.90   63.97   61.62   63.33   62.90   62.90   62.69   61.78   63.19   52.72   53.33   49.48   50.63   50.42   52.75   53.60   53.18   50.10   50.83   51.87   50.63   53.44   53.12   53.12   53.57   52.75   52.50   51.46   52.71   52.29   51.25   51.67   51.88   53.33   52.71   52.29   52.29   52.08   51.88   54.18   53.12   52.73   52.71   52.94   53.15   52.08   52.08   52.52   52.08   55.65   55.74   54.70   54.70   53.85   53.63   55.98   54.26   53.62   56.05   55.84   55.84   56.26   58.09   56.20   59.40   51.27   49.14   50.00   54.31   54.98   50.54   50.97   50.87   50.11   49.46   52.69   51.83   52.04   52.04   52.69   53.55   53.86   54.41   52.47   52.47   53.12   53.55   52.90   53.55   53.43   53.55   52.90   53.12   52.26   52.89   52.25   53.33   55.11   53.32   51.61   52.04   53.33   52.03   54.53   52.46   53.76   53.76   53.76   55.48   52.04   51.18   53.12   53.76   52.47   69.49   53.65   54.43   54.08   52.03   52.89   54.41   53.43   53.65   54.29   55.58   55.67   54.16   51.28   51.49   52.35   55.03
    18: tr|A0A1F9BVF4|A0A1F9BVF4_9DELT   50.86   48.50   56.75   53.53   50.21   63.33   73.77   78.34   80.85   84.26   84.68   85.74   91.30   92.99   93.62   93.56   97.03  100.00   96.82   59.36   66.45   64.10   63.83   65.88   63.75   63.97   63.75   64.82   59.70   62.26   62.05   61.83   61.83   61.83   61.70   62.13   63.54   63.33   64.61   62.69   64.39   63.97   63.97   63.75   62.63   63.62   54.26   54.89   50.96   51.91   51.70   53.19   55.11   54.26   52.34   53.19   54.04   52.77   55.32   55.11   55.11   55.11   53.83   54.47   53.40   54.68   54.04   53.19   53.62   53.83   55.32   54.68   54.26   54.26   54.04   53.83   55.96   54.89   54.26   54.47   54.47   55.11   54.04   54.26   54.26   54.26   56.41   55.53   55.13   55.13   54.27   54.29   56.62   54.58   53.73   56.38   56.17   56.17   56.81   59.70   58.12   60.04   51.70   49.78   50.00   54.31   55.96   51.08   51.51   51.30   50.22   49.35   52.80   52.80   52.16   52.16   53.66   53.23   54.19   54.74   52.37   52.16   53.23   53.88   53.66   53.45   53.33   53.45   52.80   53.02   52.59   52.79   52.15   53.23   56.00   53.00   51.29   52.80   54.53   53.45   54.74   52.79   53.45   53.45   53.45   55.39   51.94   51.08   53.23   54.96   53.02   72.41   53.55   54.64   54.41   52.36   53.22   54.96   54.41   54.84   54.84   56.56   56.22   54.94   52.47   53.12   52.90   56.03
    19: tr|A0A942FME2|A0A942FME2_UNCDE   50.00   47.64   55.67   52.46   49.79   62.69   72.92   78.56   80.21   83.19   84.47   85.96   90.66   92.36   94.26   93.56   97.03   96.82  100.00   58.30   65.60   63.03   63.62   65.46   63.11   63.11   62.69   63.75   58.42   60.98   61.19   60.98   61.19   61.19   60.64   61.06   62.69   62.47   64.18   62.05   63.75   63.54   63.54   63.33   61.78   63.40   53.83   53.62   50.32   51.28   51.06   52.55   54.26   53.62   51.49   52.34   53.19   51.49   54.26   54.04   54.04   54.04   53.19   53.40   52.34   54.04   53.40   52.55   52.98   53.19   54.68   53.62   53.62   53.62   53.40   53.19   55.11   54.26   53.19   53.40   53.40   53.62   53.40   53.62   53.62   53.62   55.56   54.47   54.70   54.70   53.85   54.07   56.20   54.16   53.30   56.17   55.53   55.53   56.17   58.00   56.41   59.40   51.28   48.70   50.00   54.09   55.53   50.22   50.65   50.43   49.78   49.78   52.80   51.72   51.51   51.51   52.16   52.59   53.12   53.66   52.16   51.51   52.59   53.02   52.80   53.02   52.90   53.02   52.37   52.59   51.94   52.58   51.93   52.37   54.44   53.00   51.29   51.94   53.66   52.59   54.53   52.79   53.45   53.45   53.45   54.96   51.94   51.29   52.59   54.53   52.37   70.69   53.12   54.64   54.41   52.15   52.58   54.31   53.55   53.98   54.62   55.91   56.22   54.51   51.40   52.26   52.47   54.96
    20: tr|D8WWJ0|D8WWJ0_9FIRM           48.28   46.14   53.96   50.54   50.43   56.72   58.21   56.69   56.60   57.66   57.66   57.78   58.09   59.24   58.42   56.58   58.51   59.36   58.30  100.00   66.10   65.25   63.56   65.96   62.13   62.34   62.55   63.19   60.43   61.91   61.06   61.49   61.91   61.91   62.00   62.00   61.49   60.85   61.91   61.49   62.77   62.34   62.34   62.34   63.06   63.83   51.91   51.28   52.88   53.19   53.40   53.19   51.91   51.49   50.21   51.06   50.85   50.21   53.40   53.19   53.19   53.19   51.70   53.19   52.77   52.55   52.34   52.13   51.91   52.13   51.70   51.06   52.34   52.34   51.91   51.70   52.34   52.55   52.13   52.13   51.70   53.19   51.28   52.34   52.34   52.13   55.13   55.53   53.85   53.85   53.21   53.19   57.69   53.73   52.03   55.32   57.23   57.23   55.11   59.06   59.62   60.90   45.11   48.92   48.05   53.23   53.62   47.84   48.92   48.27   48.28   48.28   50.65   50.00   48.71   48.71   48.92   49.57   49.25   48.92   50.00   48.71   49.57   49.35   50.43   49.14   49.25   49.57   49.57   49.57   48.92   50.21   50.43   50.43   51.56   49.57   49.35   50.00   51.08   49.78   52.59   50.43   50.65   50.65   50.65   52.80   50.43   49.78   50.65   52.16   48.71   62.07   50.75   50.76   50.54   50.86   50.64   51.72   52.90   52.90   51.61   53.12   53.00   52.36   51.61   51.18   52.04   53.88
    21: tr|A0A942MMR6|A0A942MMR6_UNCCL   53.02   48.92   56.99   54.84   50.22   58.55   64.32   59.91   59.28   62.69   62.47   62.39   65.17   64.82   64.96   62.69   65.38   66.45   65.60   66.10  100.00   76.55   72.49   73.99   68.02   68.02   67.80   68.66   66.52   68.87   68.02   67.80   66.74   66.74   66.74   67.16   68.66   68.02   67.80   68.02   68.44   67.80   67.80   67.80   71.22   72.49   54.70   55.13   56.32   56.20   56.20   56.84   55.77   55.13   52.35   52.35   53.85   52.99   55.34   55.98   55.98   55.98   54.06   56.41   55.56   56.20   55.13   54.70   54.70   54.91   54.27   54.06   55.34   55.34   55.34   55.13   54.91   55.77   54.70   55.13   54.91   54.70   54.70   55.56   55.56   54.70   60.47   59.19   58.55   58.55   57.05   56.70   60.68   56.41   56.62   60.26   59.62   59.62   59.62   61.97   63.68   65.81   51.07   50.22   49.13   53.45   57.26   51.94   51.94   51.95   50.43   50.43   54.09   53.88   52.59   52.59   53.45   53.66   52.70   53.66   53.45   51.94   53.23   52.37   53.02   53.66   54.09   54.09   53.45   53.45   52.37   53.88   53.66   53.88   54.89   53.45   52.59   52.59   54.09   54.53   53.88   52.37   54.31   54.31   54.31   53.88   53.02   51.72   53.23   55.82   53.45   68.97   54.09   53.68   53.45   54.53   54.96   56.90   55.29   55.29   54.53   57.33   56.68   55.27   51.72   53.88   54.00   55.29
    22: tr|A0A3C1YFA9|A0A3C1YFA9_UNCFI   50.86   47.84   55.27   54.41   50.86   59.19   61.11   60.55   59.70   61.19   61.41   59.83   64.10   62.90   62.82   60.95   62.39   64.10   63.03   65.25   76.55  100.00   78.04   71.43   68.23   67.59   68.23   68.02   64.82   67.16   66.95   66.52   66.31   66.31   66.10   66.31   66.10   66.31   67.80   68.02   68.66   68.23   68.23   68.23   68.66   71.22   55.56   55.34   56.75   56.20   56.41   57.26   55.56   55.98   53.42   52.99   53.42   52.78   55.77   55.34   55.34   55.34   54.06   56.41   55.56   57.05   55.77   55.98   55.77   55.77   55.77   54.27   55.34   55.34   55.34   55.56   55.34   56.20   55.13   55.56   55.56   54.70   55.56   55.77   55.77   55.34   58.97   57.48   60.04   60.04   57.91   59.12   60.04   55.98   55.34   58.76   59.40   59.40   58.33   59.83   64.32   64.96   50.43   50.22   50.65   50.00   58.97   52.59   51.51   51.08   50.22   50.00   53.02   53.66   51.72   51.72   51.72   51.72   51.62   52.59   52.37   50.65   53.02   51.72   51.94   51.29   52.59   52.37   51.94   52.16   52.16   53.23   53.02   51.29   55.78   53.23   51.72   52.80   52.80   53.02   53.23   51.72   52.37   52.37   52.37   53.02   52.16   51.51   51.51   54.53   52.59   65.52   52.59   52.81   52.59   52.80   53.66   53.88   55.51   55.51   55.17   55.82   56.03   54.41   51.72   54.09   52.27   55.08
    23: tr|A0A972APD2|A0A972APD2_UNCFI   50.43   49.57   53.96   54.18   51.29   58.42   64.61   63.48   61.06   62.34   62.98   59.91   64.47   63.06   62.26   60.79   62.98   63.83   63.62   63.56   72.49   78.04  100.00   70.00   68.30   67.66   67.66   67.45   64.26   67.02   67.23   65.32   64.68   64.68   64.76   64.33   65.96   65.96   66.60   66.17   67.23   67.23   67.23   67.45   67.52   68.51   53.40   52.98   54.58   54.47   54.68   53.83   52.98   53.19   52.13   52.34   53.19   52.34   54.68   54.47   54.47   54.47   52.98   54.89   53.83   54.89   54.68   53.83   54.04   54.26   54.47   52.77   54.68   54.68   54.04   53.83   54.04   53.62   54.26   54.89   54.68   53.83   53.40   54.68   54.68   53.83   57.05   55.74   56.84   56.84   55.13   56.04   57.26   53.30   54.37   55.53   57.45   57.45   57.45   57.57   60.47   61.75   50.21   49.35   49.13   54.31   56.81   52.16   52.37   51.95   51.29   50.86   52.80   52.80   51.51   51.51   52.16   54.09   53.98   54.53   53.45   53.23   54.09   53.23   53.88   53.02   54.41   53.88   53.23   53.45   52.59   54.29   54.29   54.31   57.11   54.51   53.88   54.09   53.45   53.66   55.39   52.58   55.17   55.17   55.17   55.82   54.31   54.09   54.31   56.68   52.59   65.52   55.27   55.08   54.84   53.86   54.94   55.82   54.84   54.62   55.05   55.27   55.58   55.36   51.83   53.12   53.98   56.47
    24: tr|A0A9D8JTK8|A0A9D8JTK8_UNCCH   54.62   49.89   58.15   55.58   52.69   60.13   65.88   65.11   63.19   65.53   63.40   65.46   65.88   65.32   66.31   65.26   66.10   65.88   65.46   65.96   73.99   71.43   70.00  100.00   72.13   72.34   72.98   72.55   70.64   72.34   72.34   72.55   71.49   71.49   72.13   72.13   73.19   72.55   74.04   72.13   72.98   72.77   72.77   72.77   72.98   73.40   58.85   57.14   56.84   57.57   57.57   58.21   55.86   57.57   55.86   55.44   57.14   55.86   58.21   58.00   58.00   58.00   57.78   58.64   58.42   58.42   57.78   57.57   57.36   57.57   58.00   57.57   57.57   57.57   57.57   57.78   58.21   58.00   58.00   58.42   58.21   57.36   57.36   56.72   56.72   56.93   60.47   61.62   60.68   60.68   60.90   60.22   61.97   59.06   57.36   61.62   63.11   63.11   62.05   63.75   65.60   68.16   53.09   51.19   51.95   55.17   60.98   52.80   53.66   53.03   52.80   51.94   54.09   53.23   52.37   52.37   52.59   53.88   53.66   54.74   53.45   52.37   53.66   52.80   54.31   54.53   53.98   54.31   54.09   54.09   54.31   55.91   55.27   56.47   56.00   54.19   54.96   54.53   54.74   54.53   56.47   54.84   56.03   56.03   56.03   57.76   55.60   54.53   56.03   55.60   54.74   62.07   54.41   55.72   55.48   55.70   56.56   56.68   56.25   55.82   54.62   56.13   56.77   56.01   52.04   56.34   55.39   55.60
    25: tr|A0A809S7G9|A0A809S7G9_9PROT   50.97   47.74   53.65   50.43   49.68   59.70   64.39   61.06   59.57   61.91   61.49   59.91   63.54   62.98   62.90   62.03   62.26   63.75   63.11   62.13   68.02   68.23   68.30   72.13  100.00   95.97   97.03   95.76   86.23   87.92   89.19   86.02   86.65   86.65   87.50   87.50   85.38   84.32   86.65   88.56   87.71   88.35   88.35   88.56   73.40   73.40   54.80   52.67   55.77   56.50   56.72   55.01   53.73   53.73   52.67   53.73   53.09   52.24   54.58   53.09   53.09   53.09   54.58   55.22   53.52   55.22   54.58   55.22   55.01   55.22   55.22   55.01   55.65   55.65   55.65   55.44   55.01   53.94   53.30   53.94   54.37   55.22   55.22   55.01   55.01   54.37   55.98   53.73   55.34   55.34   54.91   54.73   56.20   54.89   53.73   55.22   57.57   57.57   54.37   57.78   60.90   61.75   49.89   48.70   47.52   51.08   55.74   47.84   47.84   47.62   47.84   46.34   48.71   47.84   46.77   46.77   48.28   49.14   50.00   51.08   50.00   49.35   50.86   49.78   51.08   50.65   50.32   50.65   50.22   50.22   48.28   49.25   48.60   49.78   51.78   50.75   48.28   48.71   49.57   49.78   52.37   49.46   51.08   51.08   51.08   51.72   49.78   49.14   49.57   51.29   49.57   55.17   50.32   51.62   51.40   51.18   52.04   51.94   50.43   50.43   51.61   51.83   52.26   52.68   49.14   51.72   49.14   52.37
    26: tr|A0A936RRN7|A0A936RRN7_9RHOO   51.83   47.74   53.22   50.86   48.82   60.13   64.18   61.91   60.64   62.55   60.85   60.34   63.75   63.19   63.54   62.28   62.69   63.97   63.11   62.34   68.02   67.59   67.66   72.34   95.97  100.00   97.67   97.25   84.53   87.50   87.92   85.59   85.17   85.17   86.23   86.02   84.32   83.05   85.17   86.65   87.08   87.29   87.29   87.29   73.83   72.13   54.37   52.45   54.70   54.80   55.01   54.37   52.45   52.67   52.03   53.09   53.30   52.24   54.37   52.88   52.88   52.88   53.30   54.16   52.88   54.58   53.30   53.94   53.73   53.94   54.58   55.01   54.58   54.58   54.58   54.37   54.37   53.73   53.30   53.73   54.16   55.22   54.37   54.37   54.37   53.52   55.56   53.73   56.41   56.41   55.98   55.16   55.98   54.89   53.94   55.01   56.72   56.72   54.58   56.93   59.83   61.54   50.53   48.48   47.30   50.86   55.74   47.63   47.84   47.62   47.84   46.34   48.92   48.06   46.98   46.98   48.28   48.92   49.57   51.51   50.65   49.14   50.00   50.00   50.65   50.65   50.54   50.65   50.22   50.22   48.28   49.25   48.60   49.78   51.11   51.18   47.84   48.92   49.57   49.78   51.51   48.60   51.08   51.08   51.08   52.16   49.57   48.49   49.57   50.65   50.00   56.90   49.89   51.40   51.18   51.18   52.26   52.16   50.43   50.43   51.18   52.26   52.47   52.68   49.14   51.50   48.92   52.59
    27: tr|A0A7V7XM17|A0A7V7XM17_9RHOO   51.83   48.60   53.22   51.07   49.68   59.49   64.61   61.70   60.00   62.13   61.06   60.55   63.54   63.19   63.11   62.03   62.26   63.75   62.69   62.55   67.80   68.23   67.66   72.98   97.03   97.67  100.00   97.25   86.02   88.14   88.56   86.86   87.29   87.29   87.29   87.29   85.38   84.32   86.02   88.14   87.92   88.14   88.14   88.14   73.62   72.98   55.22   53.30   55.13   55.44   55.65   55.22   53.09   53.52   52.03   53.09   53.09   52.45   55.22   53.73   53.73   53.73   54.16   55.22   53.73   55.44   54.16   54.80   54.16   54.37   55.44   55.22   55.44   55.44   55.44   55.22   55.22   54.58   54.16   54.58   55.01   56.08   55.22   54.80   54.80   53.94   56.20   53.94   55.56   55.56   55.13   54.29   56.41   54.89   54.16   55.44   56.93   56.93   54.80   57.36   60.26   61.54   50.53   48.70   47.30   51.08   55.74   48.06   47.84   47.62   47.41   46.55   48.92   47.84   46.98   46.98   48.49   49.14   49.57   51.72   50.22   49.14   50.43   49.57   50.86   50.43   50.11   50.43   50.00   50.00   48.49   49.68   49.03   49.78   51.33   51.40   48.06   48.71   50.00   50.43   51.51   49.25   51.29   51.29   51.29   52.37   49.57   48.49   49.35   50.65   49.57   55.17   49.89   50.97   50.75   51.40   52.47   52.37   51.29   51.29   51.61   52.26   52.47   52.89   49.36   51.50   48.71   52.37
    28: tr|A0A933V1Z0|A0A933V1Z0_9RHOO   51.61   48.60   54.08   51.07   49.25   60.34   64.61   62.34   61.06   62.98   61.91   60.98   64.39   63.83   64.18   62.78   63.33   64.82   63.75   63.19   68.66   68.02   67.45   72.55   95.76   97.25   97.25  100.00   85.17   87.29   87.71   86.02   85.38   85.38   86.02   86.02   84.75   83.47   85.81   86.65   86.86   87.08   87.08   87.08   73.40   72.13   54.16   52.24   54.27   54.37   54.58   54.16   52.45   52.67   51.39   52.67   52.88   51.81   54.37   52.88   52.88   52.88   53.09   54.58   53.09   54.58   53.52   53.73   53.52   53.73   54.58   55.01   54.58   54.58   54.58   54.37   54.16   53.52   53.09   53.52   53.94   55.01   54.16   54.16   54.16   53.30   55.56   53.94   56.41   56.41   55.56   54.73   56.62   54.68   53.73   55.22   56.93   56.93   54.80   56.93   59.83   61.32   50.32   48.70   47.52   51.08   55.96   47.84   48.06   47.84   47.63   46.55   49.14   48.49   46.98   46.98   48.49   49.35   49.14   51.08   50.00   48.71   50.00   49.14   50.43   50.00   49.89   50.00   49.57   49.57   48.71   49.25   48.60   50.00   51.56   51.18   48.06   48.71   50.22   50.43   51.51   49.46   50.86   50.86   50.86   52.16   50.00   48.28   49.57   50.22   49.78   56.90   49.68   50.54   50.32   51.40   52.26   52.59   51.51   51.51   51.18   52.90   52.69   53.10   49.14   51.72   49.35   52.59
