#
#
#  Percent Identity  Matrix - created by Clustal2.1 
#
#

     1: WP_010140558|Oceanicola_sp_S124|  100.00   86.74   45.29   51.97   51.25   51.61   48.03   48.03   48.03   47.31   47.84   47.48   47.12   46.59   45.52   49.10   48.39   49.46   49.82   46.24   49.46   50.54   49.82   48.20   46.40   46.04   49.28   49.28   50.18   50.00   49.82   48.39   44.96   49.82   48.92   46.40   45.68   47.12   46.04
     2: WP_007755301|Rhizobium_sp_CF080|   86.74  100.00   44.77   50.18   50.36   52.14   47.50   48.03   46.95   46.59   48.03   48.39   48.03   44.64   45.71   48.39   47.50   48.93   48.38   46.24   49.10   52.33   49.64   48.56   46.40   46.24   47.84   47.84   47.14   49.28   49.64   48.93   45.88   49.45   48.75   46.04   46.04   48.56   47.84
     3: YP_003060964|Hirschia_baltica_AT   45.29   44.77  100.00   44.20   47.65   47.65   50.54   50.72   50.72   49.28   52.35   51.62   51.26   48.74   47.65   46.01   45.13   48.01   48.18   46.38   52.54   47.83   52.71   49.82   50.55   50.72   52.73   53.45   50.90   52.00   51.62   53.43   48.55   48.88   50.72   51.27   50.55   52.73   52.00
     4: WP_008593090|Nitratireductor_pac   51.97   50.18   44.20  100.00   53.05   50.54   47.31   47.31   46.59   45.88   46.76   46.76   46.76   47.31   48.39   49.10   46.24   47.67   47.65   46.59   49.10   48.03   55.20   47.48   48.20   48.92   52.16   52.52   49.12   49.28   49.10   49.46   44.24   49.45   48.20   45.32   45.32   43.53   45.68
     5: WP_019621376|Amphritea_japonica|   51.25   50.36   47.65   53.05  100.00   69.75   50.53   49.46   51.97   51.25   54.29   52.86   53.57   51.60   51.60   50.54   49.47   49.82   53.43   50.54   53.76   55.91   61.43   53.24   55.40   54.48   60.07   59.71   53.21   56.83   55.00   56.07   50.18   54.24   56.99   53.24   53.60   52.52   54.32
     6: WP_019530228|Dasania_marina|Non    51.61   52.14   47.65   50.54   69.75  100.00   52.67   50.90   51.61   51.61   52.50   51.07   50.71   50.18   51.96   50.18   48.40   50.89   52.71   50.18   54.84   56.63   61.43   53.24   54.68   53.41   57.91   58.27   52.14   53.96   55.71   56.79   50.54   52.77   54.84   53.60   53.60   52.52   54.68
     7: YP_004836884|Sphingobium_sp_SYK-   48.03   47.50   50.54   47.31   50.53   52.67  100.00   71.33   70.61   73.12   60.35   58.95   58.95   54.26   53.55   55.91   54.61   55.67   56.68   52.69   56.27   58.06   60.36   61.15   61.87   60.93   61.87   62.23   61.07   62.59   62.50   62.50   58.42   63.10   61.29   60.07   59.35   61.15   61.87
     8: YP_496513|Novosphingobium_aromat   48.03   48.03   50.72   47.31   49.46   50.90   71.33  100.00   75.27   74.91   56.12   55.40   55.04   50.54   50.54   53.76   49.82   51.25   53.43   49.46   51.97   55.91   56.27   58.27   57.55   57.19   56.47   56.83   56.63   59.35   60.57   58.78   55.40   59.04   60.07   59.35   59.71   59.35   58.63
     9: YP_718043|Sphingomonas_sp_KA1|No   48.03   46.95   50.72   46.59   51.97   51.61   70.61   75.27  100.00   80.29   58.99   57.55   57.19   51.97   51.25   51.25   50.54   52.33   52.71   50.18   54.48   56.27   58.06   61.87   60.79   59.71   60.79   61.51   57.35   58.63   61.65   59.14   56.83   62.73   60.79   60.07   60.07   59.71   58.63
    10: YP_004538829|Novosphingobium_sp_   47.31   46.59   49.28   45.88   51.25   51.61   73.12   74.91   80.29  100.00   60.43   58.63   58.99   53.05   51.97   51.97   51.97   52.69   54.51   52.33   54.48   56.27   58.06   61.87   61.51   61.15   61.15   61.87   60.22   61.87   63.08   61.29   58.99   63.84   61.87   60.07   59.71   61.15   62.95
    11: YP_484682|Rhodopseudomonas_palus   47.84   48.03   52.35   46.76   54.29   52.50   60.35   56.12   58.99   60.43  100.00   94.04   92.98   50.53   52.31   52.16   51.25   53.02   52.17   50.36   56.83   56.83   59.14   60.65   61.01   60.79   63.54   63.54   61.29   58.84   62.01   61.65   58.27   61.85   60.79   61.01   60.65   60.29   61.37
    12: YP_001990214|Rhodopseudomonas_pa   47.48   48.39   51.62   46.76   52.86   51.07   58.95   55.40   57.55   58.63   94.04  100.00   97.54   50.89   52.67   52.88   51.60   54.45   51.45   51.08   56.12   56.12   58.06   59.21   59.57   59.35   62.09   62.45   59.86   58.48   60.93   61.29   57.19   61.85   60.43   59.21   58.84   59.93   60.65
    13: ZP_06358638|Rhodopseudomonas_pal   47.12   48.03   51.26   46.76   53.57   50.71   58.95   55.04   57.19   58.99   92.98   97.54  100.00   50.89   52.67   53.24   51.96   54.45   51.45   51.44   56.12   56.12   58.78   59.57   59.93   59.71   62.82   62.45   59.86   59.21   60.57   60.93   56.83   61.48   60.79   58.84   58.48   59.57   60.29
    14: YP_004480368|Marinomonas_posidon   46.59   44.64   48.74   47.31   51.60   50.18   54.26   50.54   51.97   53.05   50.53   50.89   50.89  100.00   80.85   70.97   68.44   66.31   67.15   67.03   65.23   54.84   59.64   56.47   55.40   54.48   54.32   54.68   56.07   57.19   57.14   55.36   52.33   56.46   59.50   55.40   55.40   58.99   58.63
    15: YP_001342770|Marinomonas_sp_MWYL   45.52   45.71   47.65   48.39   51.60   51.96   53.55   50.54   51.25   51.97   52.31   52.67   52.67   80.85  100.00   69.53   69.15   68.09   68.23   66.31   65.95   55.56   60.36   54.32   52.52   52.33   56.47   56.83   55.71   56.47   57.14   55.00   51.61   55.35   57.71   55.04   54.68   57.55   56.83
    16: WP_020681608|Marinobacterium_rhi   49.10   48.39   46.01   49.10   50.54   50.18   55.91   53.76   51.25   51.97   52.16   52.88   53.24   70.97   69.53  100.00   84.59   73.48   67.15   65.23   65.59   53.05   58.42   53.60   53.24   53.60   53.24   53.24   53.05   54.68   54.48   53.76   52.52   57.20   57.55   54.32   54.32   55.04   55.04
    17: ZP_01115419|Reinekea_sp_MED297|N   48.39   47.50   45.13   46.24   49.47   48.40   54.61   49.82   50.54   51.97   51.25   51.60   51.96   68.44   69.15   84.59  100.00   72.34   66.79   63.80   65.59   52.69   58.21   54.68   53.96   53.05   53.24   52.88   53.93   54.32   52.50   51.07   49.82   53.14   54.84   50.72   50.00   52.52   52.88
    18: YP_001342752|Marinomonas_sp_MWYL   49.46   48.93   48.01   47.67   49.82   50.89   55.67   51.25   52.33   52.69   53.02   54.45   54.45   66.31   68.09   73.48   72.34  100.00   74.37   65.23   69.18   56.27   58.57   55.04   55.40   55.56   52.88   52.88   53.93   54.32   53.57   54.29   52.69   58.30   58.78   53.60   52.88   55.76   55.04
    19: ZP_05876316|Vibrio_furnissii_CIP   49.82   48.38   48.18   47.65   53.43   52.71   56.68   53.43   52.71   54.51   52.17   51.45   51.45   67.15   68.23   67.15   66.79   74.37  100.00   73.29   75.09   58.84   63.54   54.35   53.62   53.62   55.07   55.07   55.23   59.06   58.12   55.96   54.35   57.62   59.78   56.16   56.88   57.25   59.06
    20: YP_005025018|Vibrio_sp_EJY3|Non    46.24   46.24   46.38   46.59   50.54   50.18   52.69   49.46   50.18   52.33   50.36   51.08   51.44   67.03   66.31   65.23   63.80   65.23   73.29  100.00   78.49   53.41   60.57   55.04   55.04   55.40   53.96   54.32   53.05   55.76   56.27   55.91   53.60   57.20   60.07   52.16   52.52   57.91   58.27
    21: ZP_01984563|Vibrio_harveyi_HY01|   49.46   49.10   52.54   49.10   53.76   54.84   56.27   51.97   54.48   54.48   56.83   56.12   56.12   65.23   65.95   65.59   65.59   69.18   75.09   78.49  100.00   56.99   64.52   60.07   59.35   60.43   56.83   56.83   58.42   59.35   61.29   60.93   54.68   60.52   61.15   54.32   54.32   57.91   58.99
    22: ZP_01015960|Rhodobacterales_bact   50.54   52.33   47.83   48.03   55.91   56.63   58.06   55.91   56.27   56.27   56.83   56.12   56.12   54.84   55.56   53.05   52.69   56.27   58.84   53.41   56.99  100.00   64.16   57.55   55.76   54.68   57.19   56.83   55.91   56.47   57.35   55.91   53.24   56.46   58.63   53.60   53.24   57.55   55.04
    23: YP_004986251|Azospirillum_brasil   49.82   49.64   52.71   55.20   61.43   61.43   60.36   56.27   58.06   58.06   59.14   58.06   58.78   59.64   60.36   58.42   58.21   58.57   63.54   60.57   64.52   64.16  100.00   63.67   62.23   62.01   66.19   66.55   60.36   65.11   61.43   64.29   58.42   60.52   64.16   60.07   59.71   60.07   59.71
    24: WP_008613680|Magnetospirillum_sp   48.20   48.56   49.82   47.48   53.24   53.24   61.15   58.27   61.87   61.87   60.65   59.21   59.57   56.47   54.32   53.60   54.68   55.04   54.35   55.04   60.07   57.55   63.67  100.00   89.57   88.49   68.71   67.99   65.83   68.71   70.50   70.14   60.79   69.00   70.14   62.95   62.95   66.19   64.75
    25: YP_419621|Magnetospirillum_magne   46.40   46.40   50.55   48.20   55.40   54.68   61.87   57.55   60.79   61.51   61.01   59.57   59.93   55.40   52.52   53.24   53.96   55.40   53.62   55.04   59.35   55.76   62.23   89.57  100.00   94.96   68.71   68.35   65.47   69.42   71.94   71.22   63.31   69.37   70.14   62.23   62.23   64.75   65.47
    26: ZP_00208061|Magnetospirillum_mag   46.04   46.24   50.72   48.92   54.48   53.41   60.93   57.19   59.71   61.15   60.79   59.35   59.71   54.48   52.33   53.60   53.05   55.56   53.62   55.40   60.43   54.68   62.01   88.49   94.96  100.00   68.35   67.63   66.31   70.14   70.97   70.97   63.08   70.48   69.18   61.51   61.51   64.75   65.47
    27: YP_001204443|Bradyrhizobium_sp_O   49.28   47.84   52.73   52.16   60.07   57.91   61.87   56.47   60.79   61.15   63.54   62.09   62.82   54.32   56.47   53.24   53.24   52.88   55.07   53.96   56.83   57.19   66.19   68.71   68.71   68.35  100.00   97.48   70.50   71.94   69.42   71.58   62.95   67.53   66.91   67.99   67.63   64.75   66.19
    28: YP_001238778|Bradyrhizobium_sp_B   49.28   47.84   53.45   52.52   59.71   58.27   62.23   56.83   61.51   61.87   63.54   62.45   62.45   54.68   56.83   53.24   52.88   52.88   55.07   54.32   56.83   56.83   66.55   67.99   68.35   67.63   97.48  100.00   70.86   71.94   70.50   71.58   63.67   67.53   66.55   67.99   67.63   64.75   66.91
    29: YP_001792718|Leptothrix_cholodni   50.18   47.14   50.90   49.12   53.21   52.14   61.07   56.63   57.35   60.22   61.29   59.86   59.86   56.07   55.71   53.05   53.93   53.93   55.23   53.05   58.42   55.91   60.36   65.83   65.47   66.31   70.50   70.86  100.00   75.18   68.57   69.29   63.80   67.53   67.38   65.47   65.83   66.55   67.63
    30: WP_009550663|Burkholderiales_bac   50.00   49.28   52.00   49.28   56.83   53.96   62.59   59.35   58.63   61.87   58.84   58.48   59.21   57.19   56.47   54.68   54.32   54.32   59.06   55.76   59.35   56.47   65.11   68.71   69.42   70.14   71.94   71.94   75.18  100.00   72.30   74.10   70.86   73.43   75.54   70.14   69.78   70.50   74.10
    31: WP_004259997|Thauera_sp_63|Non     49.82   49.64   51.62   49.10   55.00   55.71   62.50   60.57   61.65   63.08   62.01   60.93   60.57   57.14   57.14   54.48   52.50   53.57   58.12   56.27   61.29   57.35   61.43   70.50   71.94   70.97   69.42   70.50   68.57   72.30  100.00   83.93   65.95   76.01   72.04   66.55   66.91   70.50   70.50
    32: YP_934026|Azoarcus_sp_BH72|Non     48.39   48.93   53.43   49.46   56.07   56.79   62.50   58.78   59.14   61.29   61.65   61.29   60.93   55.36   55.00   53.76   51.07   54.29   55.96   55.91   60.93   55.91   64.29   70.14   71.22   70.97   71.58   71.58   69.29   74.10   83.93  100.00   70.61   77.86   73.48   69.78   69.78   69.06   71.58
    33: YP_521580|Rhodoferax_ferrireduce   44.96   45.88   48.55   44.24   50.18   50.54   58.42   55.40   56.83   58.99   58.27   57.19   56.83   52.33   51.61   52.52   49.82   52.69   54.35   53.60   54.68   53.24   58.42   60.79   63.31   63.08   62.95   63.67   63.80   70.86   65.95   70.61  100.00   72.32   73.05   74.73   74.73   78.37   78.29
    34: WP_019575095|Curvibacter_lanceol   49.82   49.45   48.88   49.45   54.24   52.77   63.10   59.04   62.73   63.84   61.85   61.85   61.48   56.46   55.35   57.20   53.14   58.30   57.62   57.20   60.52   56.46   60.52   69.00   69.37   70.48   67.53   67.53   67.53   73.43   76.01   77.86   72.32  100.00   80.07   71.96   71.96   75.65   78.60
    35: WP_006296240|Hylemonella_gracili   48.92   48.75   50.72   48.20   56.99   54.84   61.29   60.07   60.79   61.87   60.79   60.43   60.79   59.50   57.71   57.55   54.84   58.78   59.78   60.07   61.15   58.63   64.16   70.14   70.14   69.18   66.91   66.55   67.38   75.54   72.04   73.48   73.05   80.07  100.00   75.44   75.80   80.07   81.85
    36: YP_001561945|Delftia_acidovorans   46.40   46.04   51.27   45.32   53.24   53.60   60.07   59.35   60.07   60.07   61.01   59.21   58.84   55.40   55.04   54.32   50.72   53.60   56.16   52.16   54.32   53.60   60.07   62.95   62.23   61.51   67.99   67.99   65.47   70.14   66.55   69.78   74.73   71.96   75.44  100.00   97.86   80.07   84.34
    37: WP_016452070|Delftia_acidovorans   45.68   46.04   50.55   45.32   53.60   53.60   59.35   59.71   60.07   59.71   60.65   58.84   58.48   55.40   54.68   54.32   50.00   52.88   56.88   52.52   54.32   53.24   59.71   62.95   62.23   61.51   67.63   67.63   65.83   69.78   66.91   69.78   74.73   71.96   75.80   97.86  100.00   80.07   84.34
    38: YP_982956|Polaromonas_naphthalen   47.12   48.56   52.73   43.53   52.52   52.52   61.15   59.35   59.71   61.15   60.29   59.93   59.57   58.99   57.55   55.04   52.52   55.76   57.25   57.91   57.91   57.55   60.07   66.19   64.75   64.75   64.75   64.75   66.55   70.50   70.50   69.06   78.37   75.65   80.07   80.07   80.07  100.00   87.54
    39: WP_010464378|Acidovorax_radicis|   46.04   47.84   52.00   45.68   54.32   54.68   61.87   58.63   58.63   62.95   61.37   60.65   60.29   58.63   56.83   55.04   52.88   55.04   59.06   58.27   58.99   55.04   59.71   64.75   65.47   65.47   66.19   66.91   67.63   74.10   70.50   71.58   78.29   78.60   81.85   84.34   84.34   87.54  100.00
