#
#
#  Percent Identity  Matrix - created by Clustal2.1 
#
#

     1: UPI002B4B88F2                   100.00   46.16   51.21   53.12   53.26   52.27   51.70   46.97   50.07   49.01   49.09   49.23   50.42   50.56   50.00   48.87   48.87   50.14   51.13   49.58   49.51   49.65   50.35   50.78   50.56   50.42   51.27   50.71   50.71   50.70   51.41   50.42   50.23   49.28   51.41   49.44   49.23   48.52   48.80   48.80   48.80   48.66   51.84   50.49   50.63   52.75   51.93   49.50   49.08   49.50   48.65   50.85   49.72   49.79   49.86   51.07   52.49   51.64   54.52   52.17   51.75   52.31   52.03
     2: UPI0026026E8B                    46.16  100.00   69.56   69.42   69.56   70.41   70.13   55.40   55.32   55.18   54.89   55.04   55.46   55.18   56.17   56.60   56.61   54.91   53.91   52.92   54.05   54.05   54.91   55.05   55.41   53.98   54.12   53.56   54.77   53.84   55.40   53.56   52.64   53.71   54.84   58.24   56.31   57.45   57.16   57.16   57.16   57.16   59.89   56.74   56.74   58.01   58.54   58.49   58.06   58.35   57.06   59.26   58.40   60.31   59.52   58.92   59.49   58.77   47.37   51.77   52.06   52.06   52.20
     3: UPI000423EA07                    51.21   69.56  100.00   76.20   76.20   74.65   74.50   58.58   61.47   61.47   61.47   61.33   61.19   61.47   61.90   61.90   61.93   57.87   58.58   58.01   56.82   56.82   57.24   57.67   58.04   57.73   58.87   59.17   59.01   58.58   59.43   58.61   58.14   57.85   59.32   62.84   58.92   61.19   60.91   60.91   60.91   60.76   62.04   59.63   59.49   60.76   60.43   60.37   60.37   60.65   60.09   61.13   61.13   60.20   64.73   63.07   64.77   64.77   50.14   52.41   52.41   52.27   52.27
     4: tr|A0A2D4TN76|A0A2D4TN76_UNCDE   53.12   69.42   76.20  100.00   99.86   90.96   89.55   58.58   59.12   58.36   58.05   58.33   59.35   58.64   59.49   59.07   59.09   57.99   58.13   57.43   57.22   57.22   57.93   58.36   57.45   57.99   59.26   56.88   59.55   59.83   60.11   58.44   57.67   58.14   58.16   61.10   59.04   60.17   60.17   60.17   60.17   60.03   62.99   58.19   58.05   58.76   58.14   61.22   59.80   61.51   60.65   60.71   60.71   60.20   64.02   62.50   63.64   63.49   52.33   53.81   53.67   54.52   54.24
     5: tr|A0A2E7ZID2|A0A2E7ZID2_UNCDE   53.26   69.56   76.20   99.86  100.00   91.10   89.69   58.58   59.26   58.36   58.05   58.33   59.35   58.64   59.63   59.07   59.09   57.99   58.13   57.43   57.37   57.37   58.07   58.50   57.45   57.99   59.26   56.88   59.55   59.83   60.11   58.44   57.67   58.14   58.16   61.10   59.04   60.17   60.17   60.17   60.17   60.03   63.14   58.33   58.19   58.76   58.14   61.22   59.80   61.51   60.65   60.71   60.71   60.20   64.16   62.50   63.64   63.49   52.33   53.81   53.67   54.52   54.24
     6: tr|A0A3D5HGT1|A0A3D5HGT1_UNCDE   52.27   70.41   74.65   90.96   91.10  100.00   94.92   58.58   59.83   58.22   58.05   58.33   59.35   59.21   58.78   58.36   58.38   57.43   57.14   56.44   57.22   57.22   57.79   58.78   58.44   58.27   59.69   57.16   59.69   60.40   60.54   58.58   57.52   58.58   58.72   61.10   58.90   60.17   60.31   60.31   60.31   60.17   62.43   58.19   58.05   57.91   58.57   61.51   59.38   60.51   60.65   61.13   59.29   59.92   63.74   61.93   63.49   62.22   50.92   54.38   54.38   54.80   54.66
     7: tr|A0A944R8F6|A0A944R8F6_UNCDE   51.70   70.13   74.50   89.55   89.69   94.92  100.00   58.16   59.41   57.79   57.63   57.91   58.64   58.78   58.36   58.64   58.66   57.00   56.86   56.01   57.37   57.37   58.22   58.92   57.87   57.43   59.12   56.31   59.26   59.41   59.41   57.73   56.90   57.99   58.30   60.82   58.47   59.32   59.46   59.46   59.46   59.32   61.44   57.77   57.63   57.63   57.86   61.36   59.94   60.94   60.51   60.71   58.87   59.49   64.02   61.93   62.50   62.50   50.78   55.08   55.08   55.79   55.65
     8: tr|A0A962RU89|A0A962RU89_9GAMM   46.97   55.40   58.58   58.58   58.58   58.58   58.16  100.00   73.50   73.08   73.08   72.94   73.63   74.06   74.33   71.95   71.87   62.04   63.31   62.46   62.38   62.38   62.94   62.66   63.31   64.53   64.66   63.50   65.01   63.41   63.27   64.34   64.08   64.43   66.53   58.29   57.46   58.30   58.86   58.86   58.86   58.72   61.05   57.40   57.54   59.24   59.29   60.51   60.23   60.80   60.09   60.71   59.29   58.64   62.61   61.51   63.64   62.07   49.58   50.49   50.77   50.91   50.77
     9: UPI0023657286                    50.07   55.32   61.47   59.12   59.26   59.83   59.41   73.50  100.00   85.79   85.67   86.09   84.44   86.19   76.48   75.14   75.07   60.17   62.29   61.30   61.46   61.33   60.71   59.95   62.19   62.90   61.52   61.22   64.41   62.62   62.29   64.13   63.65   62.46   62.74   60.14   58.77   59.06   59.06   59.06   59.06   58.92   63.42   59.25   59.39   62.03   61.06   57.59   58.72   59.15   57.59   59.77   58.64   57.85   61.53   62.84   63.69   62.70   49.58   51.47   51.33   51.19   51.05
    10: tr|A0A511D931|A0A511D931_9PSEU   49.01   55.18   61.47   58.36   58.36   58.22   57.79   73.08   85.79  100.00   96.03   96.71   87.17   88.12   78.03   75.97   75.90   60.40   61.39   61.39   60.52   60.39   61.29   60.86   61.17   63.54   63.54   60.89   64.36   64.09   63.35   64.91   63.50   61.76   63.38   59.81   58.49   59.81   59.39   59.39   59.39   59.25   62.94   58.78   58.92   60.85   60.06   58.72   59.01   59.15   58.30   59.49   59.35   59.41   62.52   61.70   63.69   62.27   49.65   52.24   51.68   51.68   51.96
    11: tr|F4D1X6|F4D1X6_PSEUX           49.09   54.89   61.47   58.05   58.05   58.05   57.63   73.08   85.67   96.03  100.00   97.29   86.62   87.57   77.89   75.14   75.07   60.17   60.61   60.70   60.22   60.08   61.09   60.79   61.23   63.03   62.76   61.23   63.97   63.71   62.70   64.38   63.65   62.04   63.15   59.26   58.02   59.92   59.09   59.09   59.09   58.95   63.13   58.63   58.77   60.39   59.49   58.44   58.72   59.15   58.16   60.20   59.63   59.55   62.38   60.99   62.98   61.84   49.72   52.43   52.16   51.88   52.16
    12: UPI001E556028                    49.23   55.04   61.33   58.33   58.33   58.33   57.91   72.94   86.09   96.71   97.29  100.00   86.76   87.57   77.46   75.00   74.93   59.75   60.89   60.98   59.81   59.67   60.54   60.38   60.82   62.48   62.35   60.41   63.69   63.57   62.57   63.97   63.35   61.61   62.47   58.98   58.42   59.37   58.95   58.95   58.95   58.82   62.29   58.63   58.77   61.09   60.06   58.30   58.16   58.87   57.87   59.49   59.21   59.55   61.81   61.70   63.12   61.42   49.86   52.85   52.29   52.29   52.57
    13: UPI001C49F0D5                    50.42   55.46   61.19   59.35   59.35   59.35   58.64   73.63   84.44   87.17   86.62   86.76  100.00   88.18   76.62   76.38   76.32   62.23   63.65   62.94   61.22   61.08   62.27   62.12   62.34   64.81   64.12   62.62   66.20   65.37   64.67   65.69   65.71   63.68   63.88   59.25   58.76   59.10   58.68   58.68   58.68   58.68   63.22   58.61   58.89   60.99   59.91   59.86   59.01   60.00   58.87   58.92   58.64   58.84   62.94   61.84   64.26   63.12   48.80   50.70   50.56   50.42   50.14
    14: tr|A0A4R1HXN7|A0A4R1HXN7_PSEEN   50.56   55.18   61.47   58.64   58.64   59.21   58.78   74.06   86.19   88.12   87.57   87.57   88.18  100.00   77.75   75.66   75.59   61.67   63.79   62.80   62.19   62.33   62.88   63.30   62.92   65.01   64.18   62.78   66.90   65.42   64.96   66.81   65.56   63.97   65.42   60.17   59.81   60.50   59.94   59.94   59.94   59.81   63.22   58.73   58.73   60.42   60.49   58.30   59.29   60.00   58.44   59.63   59.77   59.83   63.08   62.41   63.97   62.98   49.79   51.40   51.68   51.40   51.26
    15: UPI00200D4F47                    50.00   56.17   61.90   59.49   59.63   58.78   58.36   74.33   76.48   78.03   77.89   77.46   76.62   77.75  100.00   82.68   82.63   62.80   64.07   63.37   64.12   64.12   64.41   63.70   63.65   66.29   64.88   65.06   65.06   65.59   65.02   65.77   66.10   65.75   64.78   60.23   59.01   60.99   60.56   60.56   60.56   60.42   63.51   59.58   59.86   60.99   61.06   60.57   60.57   60.57   60.14   59.92   59.49   59.69   63.79   63.55   65.53   63.55   50.64   50.28   50.28   50.42   50.28
    16: UPI0006FB2634                    48.87   56.60   61.90   59.07   59.07   58.36   58.64   71.95   75.14   75.97   75.14   75.00   76.38   75.66   82.68  100.00  100.00   62.80   62.38   61.39   61.08   61.08   62.14   61.14   61.65   64.81   64.67   62.62   64.64   63.70   63.42   63.46   63.58   62.96   63.60   58.09   57.46   59.52   59.66   59.66   59.66   59.52   61.53   58.33   58.47   59.86   59.77   60.99   60.99   61.13   60.28   59.35   59.49   57.85   64.64   63.12   64.54   64.40   49.93   49.02   49.44   49.44   49.44
    17: UPI00086ED211                    48.87   56.61   61.93   59.09   59.09   58.38   58.66   71.87   75.07   75.90   75.07   74.93   76.32   75.59   82.63  100.00  100.00   62.84   62.41   61.42   61.11   61.11   62.17   61.17   61.68   64.85   64.71   62.80   64.68   63.88   63.60   63.64   63.77   63.14   63.78   58.25   57.48   59.55   59.69   59.69   59.69   59.55   61.70   58.50   58.64   60.03   59.80   61.02   61.02   61.17   60.31   59.38   59.66   57.87   64.68   63.30   64.58   64.44   49.93   49.02   49.44   49.44   49.44
    18: tr|A0A2D4SFU5|A0A2D4SFU5_9GAMM   50.14   54.91   57.87   57.99   57.99   57.43   57.00   62.04   60.17   60.40   60.17   59.75   62.23   61.67   62.80   62.80   62.84  100.00   84.43   83.59   69.94   69.94   69.52   69.66   70.75   72.09   73.07   70.18   71.81   72.37   72.51   72.43   71.41   71.45   73.00   58.37   59.33   57.64   58.06   58.06   58.06   57.92   60.11   59.19   59.19   60.45   60.57   61.36   59.38   59.38   59.80   58.72   58.16   59.63   63.74   60.09   62.78   62.50   52.62   49.30   49.44   49.58   49.16
    19: UPI0028836E16                    51.13   53.91   58.58   58.13   58.13   57.14   56.86   63.31   62.29   61.39   60.61   60.89   63.65   63.79   64.07   62.38   62.41   84.43  100.00   95.52   69.99   69.85   69.51   69.65   70.73   72.21   72.49   71.99   71.37   72.35   71.79   72.97   72.64   71.45   73.25   60.06   59.61   58.12   57.70   57.70   57.70   57.70   60.56   59.10   59.38   59.80   61.14   60.09   59.38   58.81   58.95   58.01   58.87   59.21   62.32   61.36   63.21   62.36   51.63   49.72   49.44   49.86   49.44
    20: UPI0028839C1E                    49.58   52.92   58.01   57.43   57.43   56.44   56.01   62.46   61.30   61.39   60.70   60.98   62.94   62.80   63.37   61.39   61.42   83.59   95.52  100.00   68.58   68.44   68.21   68.21   69.71   70.91   71.33   70.97   70.07   71.19   70.91   71.95   71.41   70.43   72.37   59.35   58.63   57.28   57.00   57.00   57.00   57.00   59.66   58.40   58.68   59.10   60.14   60.09   59.66   59.09   59.23   58.16   58.44   59.21   61.76   60.94   62.50   61.79   51.06   49.72   49.30   49.58   49.44
    21: UPI0003B5EA71                    49.51   54.05   56.82   57.22   57.37   57.22   57.37   62.38   61.46   60.52   60.22   59.81   61.22   62.19   64.12   61.08   61.11   69.94   69.99   68.58  100.00   99.86   86.36   84.93   72.25   75.62   76.85   71.98   76.02   75.75   75.58   74.31   74.96   75.50   74.86   56.89   57.44   58.01   57.73   57.87   57.87   57.73   58.71   55.36   55.36   58.74   57.37   61.45   59.89   60.03   60.03   59.23   58.66   60.00   60.99   61.74   61.31   60.31   50.14   50.35   50.21   50.35   50.07
    22: UPI002357A1EF                    49.65   54.05   56.82   57.22   57.37   57.22   57.37   62.38   61.33   60.39   60.08   59.67   61.08   62.33   64.12   61.08   61.11   69.94   69.85   68.44   99.86  100.00   86.49   85.07   72.12   75.75   76.99   72.12   76.02   75.62   75.72   74.18   74.81   75.35   75.00   56.75   57.57   58.15   57.87   58.01   58.01   57.87   58.57   55.36   55.36   58.74   57.22   61.45   59.89   60.03   60.03   59.23   58.66   59.86   60.85   61.74   61.31   60.31   50.14   50.21   50.07   50.21   49.93
    23: tr|A0A4R7P478|A0A4R7P478_9GAMM   50.35   54.91   57.24   57.93   58.07   57.79   58.22   62.94   60.71   61.29   61.09   60.54   62.27   62.88   64.41   62.14   62.17   69.52   69.51   68.21   86.36   86.49  100.00   90.62   71.23   73.94   74.90   71.10   74.27   73.91   73.46   72.05   74.06   73.51   73.29   56.28   56.79   58.46   58.46   58.32   58.32   58.18   58.46   56.18   56.18   58.46   57.37   61.02   59.17   60.17   60.17   57.81   58.38   59.01   61.42   59.74   61.02   60.46   50.71   49.65   49.93   49.93   49.79
    24: UPI0025EE43C8                    50.78   55.05   57.67   58.36   58.50   58.78   58.92   62.66   59.95   60.86   60.79   60.38   62.12   63.30   63.70   61.14   61.17   69.66   69.65   68.21   84.93   85.07   90.62  100.00   71.10   74.86   75.14   70.82   74.13   74.18   73.60   72.74   73.30   73.80   73.70   56.51   57.03   58.18   58.46   58.46   58.46   58.32   59.24   56.46   56.46   57.90   57.22   60.31   59.74   59.60   59.32   57.81   57.53   58.16   61.28   58.75   59.89   59.17   50.99   50.07   50.35   50.21   50.49
    25: tr|A0A1D2S9I0|A0A1D2S9I0_9BURK   50.56   55.41   58.04   57.45   57.45   58.44   57.87   63.31   62.19   61.17   61.23   60.82   62.34   62.92   63.65   61.65   61.68   70.75   70.73   69.71   72.25   72.12   71.23   71.10  100.00   76.99   77.53   77.91   79.97   78.77   78.63   79.70   80.51   80.00   81.64   59.22   57.91   58.59   58.45   58.45   58.45   58.31   59.05   58.73   58.87   59.80   60.46   60.54   59.69   59.97   59.54   60.46   59.03   60.51   61.93   61.97   62.25   61.97   51.63   49.44   49.58   50.14   49.58
    26: tr|A0A916NHY0|A0A916NHY0_9PROT   50.42   53.98   57.73   57.99   57.99   58.27   57.43   64.53   62.90   63.54   63.03   62.48   64.81   65.01   66.29   64.81   64.85   72.09   72.21   70.91   75.62   75.75   73.94   74.86   76.99  100.00   89.69   78.90   80.73   82.95   83.33   80.82   82.05   81.16   81.92   59.06   58.63   58.90   58.48   58.34   58.34   58.21   59.53   59.53   59.67   60.89   61.00   59.94   60.23   60.37   59.38   60.85   59.86   59.35   64.16   62.93   63.64   62.36   51.06   49.30   49.03   49.16   48.61
    27: tr|A0A934GGM7|A0A934GGM7_9PROT   51.27   54.12   58.87   59.26   59.26   59.69   59.12   64.66   61.52   63.54   62.76   62.35   64.12   64.18   64.88   64.67   64.71   73.07   72.49   71.33   76.85   76.99   74.90   75.14   77.53   89.69  100.00   79.04   81.56   81.99   82.51   80.00   81.75   81.44   82.74   59.75   58.63   60.00   59.86   59.72   59.72   59.72   60.08   58.85   58.98   60.34   60.43   61.51   60.80   61.51   59.80   62.13   60.43   59.63   64.73   62.50   63.64   63.21   51.49   50.28   49.86   50.14   50.00
    28: tr|A0A939B2H5|A0A939B2H5_9GAMM   50.71   53.56   59.17   56.88   56.88   57.16   56.31   63.50   61.22   60.89   61.23   60.41   62.62   62.78   65.06   62.62   62.80   70.18   71.99   70.97   71.98   72.12   71.10   70.82   77.91   78.90   79.04  100.00   80.67   79.32   80.41   79.59   82.05   83.85   84.09   58.95   57.63   56.79   56.79   56.79   56.79   56.79   57.92   57.91   58.05   58.82   59.60   60.40   60.26   61.40   59.54   59.60   61.31   59.80   61.08   61.68   63.68   62.25   49.79   47.63   47.21   47.77   47.49
    29: tr|A0A7V7E429|A0A7V7E429_9PROT   50.71   54.77   59.01   59.55   59.55   59.69   59.26   65.01   64.41   64.36   63.97   63.69   66.20   66.90   65.06   64.64   64.68   71.81   71.37   70.07   76.02   76.02   74.27   74.13   79.97   80.73   81.56   80.67  100.00   88.97   89.80   81.65   83.93   82.75   83.61   60.34   61.71   60.08   59.66   59.66   59.66   59.52   60.56   59.94   59.94   61.06   60.14   61.51   61.36   60.65   61.08   59.86   60.71   60.34   64.16   62.50   64.06   62.64   51.34   49.58   49.72   49.72   49.72
    30: UPI00145C7576                    50.70   53.84   58.58   59.83   59.83   60.40   59.41   63.41   62.62   64.09   63.71   63.57   65.37   65.42   65.59   63.70   63.88   72.37   72.35   71.19   75.75   75.62   73.91   74.18   78.77   82.95   81.99   79.32   88.97  100.00   93.03   81.92   84.01   82.86   83.84   59.34   58.22   58.21   57.66   57.66   57.66   57.52   60.84   58.57   58.57   60.34   59.43   60.51   59.09   59.23   59.23   59.15   59.57   59.63   63.60   61.36   62.93   61.79   51.34   48.89   49.03   49.30   49.16
    31: sp|Q5P5G4|APCC_AROAE             51.41   55.40   59.43   60.11   60.11   60.54   59.41   63.27   62.29   63.35   62.70   62.57   64.67   64.96   65.02   63.42   63.60   72.51   71.79   70.91   75.58   75.72   73.46   73.60   78.63   83.33   82.51   80.41   89.80   93.03  100.00   82.60   83.56   83.57   84.93   59.75   59.67   59.53   59.12   59.12   59.12   58.98   61.68   59.26   59.26   61.17   60.29   61.51   60.51   60.09   60.37   60.43   60.57   60.62   63.88   62.36   63.78   62.64   51.77   49.58   49.44   49.72   49.58
    32: UPI001D00F3EC                    50.42   53.56   58.61   58.44   58.44   58.58   57.73   64.34   64.13   64.91   64.38   63.97   65.69   66.81   65.77   63.46   63.64   72.43   72.97   71.95   74.31   74.18   72.05   72.74   79.70   80.82   80.00   79.59   81.65   81.92   82.60  100.00   84.16   83.99   84.91   59.36   58.60   58.86   59.56   59.42   59.42   59.42   61.57   58.46   58.60   60.92   60.46   61.68   61.11   60.40   59.54   60.31   59.74   60.23   62.50   63.25   63.82   62.54   50.92   50.56   49.86   50.14   50.14
    33: UPI00286CE7DF                    50.23   52.64   58.14   57.67   57.67   57.52   56.90   64.08   63.65   63.50   63.65   63.35   65.71   65.56   66.10   63.58   63.77   71.41   72.64   71.41   74.96   74.81   74.06   73.30   80.51   82.05   81.75   82.05   83.93   84.01   83.56   84.16  100.00   85.67   87.16   58.66   57.47   60.27   59.97   59.97   59.97   59.82   59.91   59.67   59.82   61.48   60.62   60.56   60.56   60.56   59.78   60.47   59.84   58.98   62.85   61.49   62.73   61.34   50.77   48.55   48.55   48.70   48.70
    34: UPI0021AA5A5F                    49.28   53.71   57.85   58.14   58.14   58.58   57.99   64.43   62.46   61.76   62.04   61.61   63.68   63.97   65.75   62.96   63.14   71.45   71.45   70.43   75.50   75.35   73.51   73.80   80.00   81.16   81.44   83.85   82.75   82.86   83.57   83.99   85.67  100.00   89.22   58.49   57.08   58.29   58.43   58.43   58.43   58.43   59.80   58.87   59.01   60.55   59.59   61.43   60.26   60.12   59.39   60.03   59.01   59.51   61.83   61.72   63.32   62.45   50.80   49.28   49.14   49.43   49.14
    35: UPI00235D3A0D                    51.41   54.84   59.32   58.16   58.16   58.72   58.30   66.53   62.74   63.38   63.15   62.47   63.88   65.42   64.78   63.60   63.78   73.00   73.25   72.37   74.86   75.00   73.29   73.70   81.64   81.92   82.74   84.09   83.61   83.84   84.93   84.91   87.16   89.22  100.00   60.06   57.63   59.42   59.14   59.14   59.14   59.00   60.59   58.60   58.73   60.22   60.46   62.11   61.11   60.68   59.97   61.17   60.31   60.65   63.21   62.96   64.67   63.39   51.35   49.02   49.58   49.72   49.58
    36: tr|A0A328VFE2|A0A328VFE2_9CHLR   49.44   58.24   62.84   61.10   61.10   61.10   60.82   58.29   60.14   59.81   59.26   58.98   59.25   60.17   60.23   58.09   58.25   58.37   60.06   59.35   56.89   56.75   56.28   56.51   59.22   59.06   59.75   58.95   60.34   59.34   59.75   59.36   58.66   58.49   60.06  100.00   65.57   64.35   63.79   63.79   63.93   63.93   66.95   61.88   62.02   63.87   64.57   61.22   60.37   60.94   59.66   61.70   62.41   62.04   64.45   63.07   65.62   64.77   50.35   51.95   51.81   52.51   51.81
    37: tr|A0A2W5YBL3|A0A2W5YBL3_9BACT   49.23   56.31   58.92   59.04   59.04   58.90   58.47   57.46   58.77   58.49   58.02   58.42   58.76   59.81   59.01   57.46   57.48   59.33   59.61   58.63   57.44   57.57   56.79   57.03   57.91   58.63   58.63   57.63   61.71   58.22   59.67   58.60   57.47   57.08   57.63   65.57  100.00   69.09   69.37   69.37   69.37   69.23   68.72   65.29   65.43   66.90   66.76   58.58   58.44   58.30   58.72   60.48   60.48   59.55   60.68   61.56   61.99   61.84   50.56   51.88   51.88   51.88   51.74
    38: tr|A0A940T0H1|A0A940T0H1_9BACL   48.52   57.45   61.19   60.17   60.17   60.17   59.32   58.30   59.06   59.81   59.92   59.37   59.10   60.50   60.99   59.52   59.55   57.64   58.12   57.28   58.01   58.15   58.46   58.18   58.59   58.90   60.00   56.79   60.08   58.21   59.53   58.86   60.27   58.29   59.42   64.35   69.09  100.00   96.43   96.43   96.57   96.43   71.01   65.06   65.19   65.97   66.62   61.70   61.99   61.28   61.56   61.90   61.61   60.68   64.50   63.26   62.98   62.70   51.13   51.88   51.60   51.46   51.60
    39: UPI0008920092                    48.80   57.16   60.91   60.17   60.17   60.31   59.46   58.86   59.06   59.39   59.09   58.95   58.68   59.94   60.56   59.66   59.69   58.06   57.70   57.00   57.73   57.87   58.46   58.46   58.45   58.48   59.86   56.79   59.66   57.66   59.12   59.56   59.97   58.43   59.14   63.79   69.37   96.43  100.00   99.86   99.73   99.59   70.73   65.33   65.47   65.83   66.48   61.28   61.42   60.71   61.28   61.90   60.91   59.83   63.93   62.55   62.84   62.41   51.13   51.74   51.60   51.32   51.46
    40: UPI0021184A04                    48.80   57.16   60.91   60.17   60.17   60.31   59.46   58.86   59.06   59.39   59.09   58.95   58.68   59.94   60.56   59.66   59.69   58.06   57.70   57.00   57.87   58.01   58.32   58.46   58.45   58.34   59.72   56.79   59.66   57.66   59.12   59.42   59.97   58.43   59.14   63.79   69.37   96.43   99.86  100.00   99.86   99.73   70.73   65.33   65.47   65.83   66.48   61.28   61.42   60.71   61.28   61.90   60.91   59.83   63.93   62.55   62.84   62.41   51.13   51.88   51.60   51.32   51.46
    41: tr|A0A0U2IM36|A0A0U2IM36_9BACL   48.80   57.16   60.91   60.17   60.17   60.31   59.46   58.86   59.06   59.39   59.09   58.95   58.68   59.94   60.56   59.66   59.69   58.06   57.70   57.00   57.87   58.01   58.32   58.46   58.45   58.34   59.72   56.79   59.66   57.66   59.12   59.42   59.97   58.43   59.14   63.93   69.37   96.57   99.73   99.86  100.00   99.86   70.87   65.47   65.61   65.97   66.62   61.28   61.42   60.71   61.28   61.90   61.05   59.83   63.93   62.55   62.84   62.41   51.13   51.88   51.60   51.32   51.46
    42: UPI0010AF6075                    48.66   57.16   60.76   60.03   60.03   60.17   59.32   58.72   58.92   59.25   58.95   58.82   58.68   59.81   60.42   59.52   59.55   57.92   57.70   57.00   57.73   57.87   58.18   58.32   58.31   58.21   59.72   56.79   59.52   57.52   58.98   59.42   59.82   58.43   59.00   63.93   69.23   96.43   99.59   99.73   99.86  100.00   70.87   65.33   65.47   65.83   66.62   61.28   61.28   60.85   61.13   61.76   60.91   59.69   63.79   62.41   62.70   62.27   50.99   51.88   51.60   51.32   51.46
    43: tr|Q1AUX5|Q1AUX5_RUBXD           51.84   59.89   62.04   62.99   63.14   62.43   61.44   61.05   63.42   62.94   63.13   62.29   63.22   63.22   63.51   61.53   61.70   60.11   60.56   59.66   58.71   58.57   58.46   59.24   59.05   59.53   60.08   57.92   60.56   60.84   61.68   61.57   59.91   59.80   60.59   66.95   68.72   71.01   70.73   70.73   70.87   70.87  100.00   70.45   70.59   72.13   70.76   60.85   61.13   60.71   60.85   62.75   60.34   60.11   64.45   61.99   64.82   63.55   52.40   53.65   53.65   53.51   53.23
    44: tr|A0A950UA40|A0A950UA40_9ACTN   50.49   56.74   59.63   58.19   58.33   58.19   57.77   57.40   59.25   58.78   58.63   58.63   58.61   58.73   59.58   58.33   58.50   59.19   59.10   58.40   55.36   55.36   56.18   56.46   58.73   59.53   58.85   57.91   59.94   58.57   59.26   58.46   59.67   58.87   58.60   61.88   65.29   65.06   65.33   65.33   65.47   65.33   70.45  100.00   99.59   82.71   82.31   57.73   57.87   58.01   56.88   58.22   56.66   57.00   61.95   59.29   61.70   60.85   50.14   50.76   50.90   50.90   50.76
    45: tr|A0A950YPB1|A0A950YPB1_9ACTN   50.63   56.74   59.49   58.05   58.19   58.05   57.63   57.54   59.39   58.92   58.77   58.77   58.89   58.73   59.86   58.47   58.64   59.19   59.38   58.68   55.36   55.36   56.18   56.46   58.87   59.67   58.98   58.05   59.94   58.57   59.26   58.60   59.82   59.01   58.73   62.02   65.43   65.19   65.47   65.47   65.61   65.47   70.59   99.59  100.00   82.98   82.45   57.73   58.01   58.01   56.88   58.36   56.80   57.00   62.09   59.43   61.84   60.99   50.14   50.90   51.04   51.04   50.90
    46: tr|A0A9E7BZG4|A0A9E7BZG4_9ACTN   52.75   58.01   60.76   58.76   58.76   57.91   57.63   59.24   62.03   60.85   60.39   61.09   60.99   60.42   60.99   59.86   60.03   60.45   59.80   59.10   58.74   58.74   58.46   57.90   59.80   60.89   60.34   58.82   61.06   60.34   61.17   60.92   61.48   60.55   60.22   63.87   66.90   65.97   65.83   65.83   65.97   65.83   72.13   82.71   82.98  100.00   84.31   60.00   59.57   59.86   59.72   61.05   59.07   58.27   62.52   62.98   62.98   63.55   50.28   51.75   51.19   52.03   51.61
    47: UPI0004104371                    51.93   58.54   60.43   58.14   58.14   58.57   57.86   59.29   61.06   60.06   59.49   60.06   59.91   60.49   61.06   59.77   59.80   60.57   61.14   60.14   57.37   57.22   57.37   57.22   60.46   61.00   60.43   59.60   60.14   59.43   60.29   60.46   60.62   59.59   60.46   64.57   66.76   66.62   66.48   66.48   66.62   66.62   70.76   82.31   82.45   84.31  100.00   59.86   58.57   60.43   58.43   59.49   57.92   57.92   62.00   63.57   63.29   63.71   49.79   51.50   50.64   51.21   51.07
    48: tr|A0A953TQ93|A0A953TQ93_9BACT   49.50   58.49   60.37   61.22   61.22   61.51   61.36   60.51   57.59   58.72   58.44   58.30   59.86   58.30   60.57   60.99   61.02   61.36   60.09   60.09   61.45   61.45   61.02   60.31   60.54   59.94   61.51   60.40   61.51   60.51   61.51   61.68   60.56   61.43   62.11   61.22   58.58   61.70   61.28   61.28   61.28   61.28   60.85   57.73   57.73   60.00   59.86  100.00   85.39   85.96   86.24   75.89   76.88   77.16   63.35   63.83   65.53   64.11   51.63   51.63   51.63   52.34   52.06
    49: tr|A0A953Q5S6|A0A953Q5S6_9BACT   49.08   58.06   60.37   59.80   59.80   59.38   59.94   60.23   58.72   59.01   58.72   58.16   59.01   59.29   60.57   60.99   61.02   59.38   59.38   59.66   59.89   59.89   59.17   59.74   59.69   60.23   60.80   60.26   61.36   59.09   60.51   61.11   60.56   60.26   61.11   60.37   58.44   61.99   61.42   61.42   61.42   61.28   61.13   57.87   58.01   59.57   58.57   85.39  100.00   87.09   87.52   77.30   77.45   77.59   63.21   63.40   64.82   63.12   52.34   50.92   50.64   51.49   51.35
    50: tr|A0A2V9SFQ4|A0A2V9SFQ4_UNCAI   49.50   58.35   60.65   61.51   61.51   60.51   60.94   60.80   59.15   59.15   59.15   58.87   60.00   60.00   60.57   61.13   61.17   59.38   58.81   59.09   60.03   60.03   60.17   59.60   59.97   60.37   61.51   61.40   60.65   59.23   60.09   60.40   60.56   60.12   60.68   60.94   58.30   61.28   60.71   60.71   60.71   60.85   60.71   58.01   58.01   59.86   60.43   85.96   87.09  100.00   88.65   75.74   77.02   76.88   64.35   63.69   63.69   63.26   51.63   52.06   50.78   51.91   51.35
    51: tr|A0A2V9Y7J3|A0A2V9Y7J3_UNCAI   48.65   57.06   60.09   60.65   60.65   60.65   60.51   60.09   57.59   58.30   58.16   57.87   58.87   58.44   60.14   60.28   60.31   59.80   58.95   59.23   60.03   60.03   60.17   59.32   59.54   59.38   59.80   59.54   61.08   59.23   60.37   59.54   59.78   59.39   59.97   59.66   58.72   61.56   61.28   61.28   61.28   61.13   60.85   56.88   56.88   59.72   58.43   86.24   87.52   88.65  100.00   75.89   75.89   76.31   62.93   62.70   64.40   63.12   51.77   51.35   50.78   51.63   51.06
    52: tr|A0A933CVX7|A0A933CVX7_UNCDE   50.85   59.26   61.13   60.71   60.71   61.13   60.71   60.71   59.77   59.49   60.20   59.49   58.92   59.63   59.92   59.35   59.38   58.72   58.01   58.16   59.23   59.23   57.81   57.81   60.46   60.85   62.13   59.60   59.86   59.15   60.43   60.31   60.47   60.03   61.17   61.70   60.48   61.90   61.90   61.90   61.90   61.76   62.75   58.22   58.36   61.05   59.49   75.89   77.30   75.74   75.89  100.00   79.18   78.05   64.68   63.69   64.68   63.26   52.41   53.97   54.11   54.53   53.97
    53: tr|A0A2V9EIR9|A0A2V9EIR9_UNCAI   49.72   58.40   61.13   60.71   60.71   59.29   58.87   59.29   58.64   59.35   59.63   59.21   58.64   59.77   59.49   59.49   59.66   58.16   58.87   58.44   58.66   58.66   58.38   57.53   59.03   59.86   60.43   61.31   60.71   59.57   60.57   59.74   59.84   59.01   60.31   62.41   60.48   61.61   60.91   60.91   61.05   60.91   60.34   56.66   56.80   59.07   57.92   76.88   77.45   77.02   75.89   79.18  100.00   82.58   64.40   62.84   62.70   61.56   52.41   52.55   52.27   52.97   52.83
    54: tr|A0A953P8X0|A0A953P8X0_9BACT   49.79   60.31   60.20   60.20   60.20   59.92   59.49   58.64   57.85   59.41   59.55   59.55   58.84   59.83   59.69   57.85   57.87   59.63   59.21   59.21   60.00   59.86   59.01   58.16   60.51   59.35   59.63   59.80   60.34   59.63   60.62   60.23   58.98   59.51   60.65   62.04   59.55   60.68   59.83   59.83   59.83   59.69   60.11   57.00   57.00   58.27   57.92   77.16   77.59   76.88   76.31   78.05   82.58  100.00   62.61   62.13   63.83   61.42   52.48   53.47   52.90   53.75   53.18
    55: UPI001A8C684A                    49.86   59.52   64.73   64.02   64.16   63.74   64.02   62.61   61.53   62.52   62.38   61.81   62.94   63.08   63.79   64.64   64.68   63.74   62.32   61.76   60.99   60.85   61.42   61.28   61.93   64.16   64.73   61.08   64.16   63.60   63.88   62.50   62.85   61.83   63.21   64.45   60.68   64.50   63.93   63.93   63.93   63.79   64.45   61.95   62.09   62.52   62.00   63.35   63.21   64.35   62.93   64.68   64.40   62.61  100.00   68.18   68.89   68.04   53.82   54.46   54.17   54.46   54.46
    56: tr|A0A2E9PSP5|A0A2E9PSP5_9CHLR   51.07   58.92   63.07   62.50   62.50   61.93   61.93   61.51   62.84   61.70   60.99   61.70   61.84   62.41   63.55   63.12   63.30   60.09   61.36   60.94   61.74   61.74   59.74   58.75   61.97   62.93   62.50   61.68   62.50   61.36   62.36   63.25   61.49   61.72   62.96   63.07   61.56   63.26   62.55   62.55   62.55   62.41   61.99   59.29   59.43   62.98   63.57   63.83   63.40   63.69   62.70   63.69   62.84   62.13   68.18  100.00   83.55   81.70   51.77   53.62   52.62   52.77   53.05
    57: tr|A0A3D0CVN9|A0A3D0CVN9_UNCCH   52.49   59.49   64.77   63.64   63.64   63.49   62.50   63.64   63.69   63.69   62.98   63.12   64.26   63.97   65.53   64.54   64.58   62.78   63.21   62.50   61.31   61.31   61.02   59.89   62.25   63.64   63.64   63.68   64.06   62.93   63.78   63.82   62.73   63.32   64.67   65.62   61.99   62.98   62.84   62.84   62.84   62.70   64.82   61.70   61.84   62.98   63.29   65.53   64.82   63.69   64.40   64.68   62.70   63.83   68.89   83.55  100.00   86.38   52.91   53.62   52.62   52.62   52.48
    58: tr|A0A9D8JU00|A0A9D8JU00_UNCCH   51.64   58.77   64.77   63.49   63.49   62.22   62.50   62.07   62.70   62.27   61.84   61.42   63.12   62.98   63.55   64.40   64.44   62.50   62.36   61.79   60.31   60.31   60.46   59.17   61.97   62.36   63.21   62.25   62.64   61.79   62.64   62.54   61.34   62.45   63.39   64.77   61.84   62.70   62.41   62.41   62.41   62.27   63.55   60.85   60.99   63.55   63.71   64.11   63.12   63.26   63.12   63.26   61.56   61.42   68.04   81.70   86.38  100.00   52.06   51.63   51.49   52.06   51.77
    59: tr|A0A1F8Q3Y0|A0A1F8Q3Y0_9CHLR   54.52   47.37   50.14   52.33   52.33   50.92   50.78   49.58   49.58   49.65   49.72   49.86   48.80   49.79   50.64   49.93   49.93   52.62   51.63   51.06   50.14   50.14   50.71   50.99   51.63   51.06   51.49   49.79   51.34   51.34   51.77   50.92   50.77   50.80   51.35   50.35   50.56   51.13   51.13   51.13   51.13   50.99   52.40   50.14   50.14   50.28   49.79   51.63   52.34   51.63   51.77   52.41   52.41   52.48   53.82   51.77   52.91   52.06  100.00   56.06   56.62   56.34   56.20
    60: UPI000289D7EF                    52.17   51.77   52.41   53.81   53.81   54.38   55.08   50.49   51.47   52.24   52.43   52.85   50.70   51.40   50.28   49.02   49.02   49.30   49.72   49.72   50.35   50.21   49.65   50.07   49.44   49.30   50.28   47.63   49.58   48.89   49.58   50.56   48.55   49.28   49.02   51.95   51.88   51.88   51.74   51.88   51.88   51.88   53.65   50.76   50.90   51.75   51.50   51.63   50.92   52.06   51.35   53.97   52.55   53.47   54.46   53.62   53.62   51.63   56.06  100.00   95.01   95.01   95.01
    61: UPI00285350BA                    51.75   52.06   52.41   53.67   53.67   54.38   55.08   50.77   51.33   51.68   52.16   52.29   50.56   51.68   50.28   49.44   49.44   49.44   49.44   49.30   50.21   50.07   49.93   50.35   49.58   49.03   49.86   47.21   49.72   49.03   49.44   49.86   48.55   49.14   49.58   51.81   51.88   51.60   51.60   51.60   51.60   51.60   53.65   50.90   51.04   51.19   50.64   51.63   50.64   50.78   50.78   54.11   52.27   52.90   54.17   52.62   52.62   51.49   56.62   95.01  100.00   96.95   96.81
    62: UPI000C0BCE78                    52.31   52.06   52.27   54.52   54.52   54.80   55.79   50.91   51.19   51.68   51.88   52.29   50.42   51.40   50.42   49.44   49.44   49.58   49.86   49.58   50.35   50.21   49.93   50.21   50.14   49.16   50.14   47.77   49.72   49.30   49.72   50.14   48.70   49.43   49.72   52.51   51.88   51.46   51.32   51.32   51.32   51.32   53.51   50.90   51.04   52.03   51.21   52.34   51.49   51.91   51.63   54.53   52.97   53.75   54.46   52.77   52.62   52.06   56.34   95.01   96.95  100.00   98.34
    63: UPI0028122C3D                    52.03   52.20   52.27   54.24   54.24   54.66   55.65   50.77   51.05   51.96   52.16   52.57   50.14   51.26   50.28   49.44   49.44   49.16   49.44   49.44   50.07   49.93   49.79   50.49   49.58   48.61   50.00   47.49   49.72   49.16   49.58   50.14   48.70   49.14   49.58   51.81   51.74   51.60   51.46   51.46   51.46   51.46   53.23   50.76   50.90   51.61   51.07   52.06   51.35   51.35   51.06   53.97   52.83   53.18   54.46   53.05   52.48   51.77   56.20   95.01   96.81   98.34  100.00
