#
#
#  Percent Identity  Matrix - created by Clustal2.1 
#
#

     1: BAG06223|Nocardioides_sp_DF412|D  100.00   98.73   97.68   97.89   35.89   36.84   37.94   37.67   37.44
     2: BAG80733|Rhodococcus_sp_YK2|Dbf    98.73  100.00   98.10   98.31   35.65   36.84   38.17   37.91   37.67
     3: ACC85677|Rhodococcus_sp_HA01|Dbf   97.68   98.10  100.00   99.79   35.41   36.84   37.94   38.14   37.91
     4: BAG80728|Terrabacter_sp_YK1|Dbf    97.89   98.31   99.79  100.00   35.41   36.60   37.94   38.14   37.91
     5: YP_003590130|Bacillus_tusciae_DS   35.89   35.65   35.41   35.41  100.00   76.33   50.12   54.88   55.12
     6: BAE53401|Paenibacillus_sp_YK5|Db   36.84   36.84   36.84   36.60   76.33  100.00   53.86   59.30   59.77
     7: ABV68886|Sphingomonas_sp_LB126|F   37.94   38.17   37.94   37.94   50.12   53.86  100.00   63.55   63.33
     8: BAB55886|Terrabacter_sp_DBF63|Db   37.67   37.91   38.14   38.14   54.88   59.30   63.55  100.00   98.65
     9: ACC85681|Rhodococcus_sp_HA01|Dbf   37.44   37.67   37.91   37.91   55.12   59.77   63.33   98.65  100.00
