#
#
#  Percent Identity  Matrix - created by Clustal2.1 
#
#

     1: tr|A0A5K8A291|A0A5K8A291_9BACT  100.00  100.00   79.83   76.36   76.36   75.62   76.86   76.98   61.54   57.62   55.51   56.13   55.64   53.54   55.96   56.70   55.46   55.96   54.96   56.45   62.50   58.24   56.20   55.58
     2: tr|A0A5K8AL11|A0A5K8AL11_9BACT  100.00  100.00   79.83   76.36   76.36   75.62   76.86   76.98   61.54   57.62   55.51   56.13   55.64   53.54   55.96   56.70   55.46   55.96   54.96   56.45   62.50   58.24   56.20   55.58
     3: tr|A0A934A2W4|A0A934A2W4_UNCDE   79.83   79.83  100.00   75.93   74.78   73.67   75.25   75.50   61.14   58.71   55.13   55.50   55.25   54.52   55.57   56.81   56.19   56.06   55.45   56.81   63.41   58.59   57.05   56.31
     4: tr|A0A975GTD9|A0A975GTD9_9BACT   76.36   76.36   75.93  100.00   76.14   77.13   77.35   77.60   60.02   57.41   55.80   56.05   56.42   53.71   56.37   55.01   56.74   56.74   55.38   55.01   56.63   58.02   56.98   57.35
     5: tr|A0A1H2JT01|A0A1H2JT01_9BACT   76.36   76.36   74.78   76.14  100.00   85.66   88.74   88.74   59.85   56.56   53.47   54.83   55.07   52.85   53.53   55.14   55.76   55.89   55.27   54.28   60.49   56.56   55.14   55.02
     6: tr|S0G2Y2|S0G2Y2_9BACT           75.62   75.62   73.67   77.13   85.66  100.00   88.86   88.86   60.22   56.56   56.81   57.67   57.43   53.35   55.39   56.38   56.51   56.88   56.13   54.40   62.96   57.05   57.00   56.75
     7: tr|A0A1H2E0F2|A0A1H2E0F2_9BACT   76.86   76.86   75.25   77.35   88.74   88.86  100.00   99.51   60.30   55.91   55.30   55.42   55.79   53.46   54.87   55.98   55.98   56.10   55.98   54.01   60.00   57.14   56.47   55.73
     8: tr|K0ND30|K0ND30_DESTT           76.98   76.98   75.50   77.60   88.74   88.86   99.51  100.00   60.55   56.03   55.54   55.79   55.91   53.70   55.12   56.23   55.98   56.10   56.23   54.38   60.00   57.02   56.60   55.86
     9: tr|A0A117SHS9|A0A117SHS9_9FIRM   61.54   61.54   61.14   60.02   59.85   60.22   60.30   60.55  100.00   62.42   60.32   59.58   59.21   57.00   60.77   60.77   60.15   60.27   61.01   59.41   65.85   64.77   63.49   63.00
    10: tr|A0A5K7ZHR9|A0A5K7ZHR9_9BACT   57.62   57.62   58.71   57.41   56.56   56.56   55.91   56.03   62.42  100.00   64.37   65.30   65.89   62.88   65.81   64.24   66.08   66.32   66.36   65.38   71.11   67.83   69.47   69.36
    11: tr|A0A101WT05|A0A101WT05_9FIRM   55.51   55.51   55.13   55.80   53.47   56.81   55.30   55.54   60.32   64.37  100.00   88.19   87.27   62.83   67.29   65.00   67.87   67.98   66.36   66.01   70.00   72.69   71.58   71.58
    12: tr|A0A0F2SCX8|A0A0F2SCX8_9FIRM   56.13   56.13   55.50   56.05   54.83   57.67   55.42   55.79   59.58   65.30   88.19  100.00   93.63   64.69   68.91   66.74   69.72   69.72   67.98   66.71   72.22   72.22   73.20   73.67
    13: tr|A0A101WIG0|A0A101WIG0_9FIRM   55.64   55.64   55.25   56.42   55.07   57.43   55.79   55.91   59.21   65.89   87.27   93.63  100.00   64.58   67.52   67.67   69.61   69.49   67.63   66.71   72.22   71.64   74.01   73.67
    14: tr|A0A661PRB4|A0A661PRB4_UNCDE   53.54   53.54   54.52   53.71   52.85   53.35   53.46   53.70   57.00   62.88   62.83   64.69   64.58  100.00   72.47   67.87   75.26   75.38   71.89   72.24   72.22   69.22   70.93   71.28
    15: tr|A0A5K8A0J5|A0A5K8A0J5_9BACT   55.96   55.96   55.57   56.37   53.53   55.39   54.87   55.12   60.77   65.81   67.29   68.91   67.52   72.47  100.00   72.44   76.80   76.91   79.95   74.59   80.00   71.64   72.59   71.89
    16: tr|A0A096ZNX3|A0A096ZNX3_9RHOO   56.70   56.70   56.81   55.01   55.14   56.38   55.98   56.23   60.77   64.24   65.00   66.74   67.67   67.87   72.44  100.00   74.42   74.53   74.07   76.63   81.11   69.07   70.78   70.20
    17: tr|A0A5K7ZEU1|A0A5K7ZEU1_9BACT   55.46   55.46   56.19   56.74   55.76   56.51   55.98   55.98   60.15   66.08   67.87   69.72   69.61   75.26   76.80   74.42  100.00   97.45   78.19   76.33   81.11   74.25   75.15   75.26
    18: tr|A0A5K8A334|A0A5K8A334_9BACT   55.96   55.96   56.06   56.74   55.89   56.88   56.10   56.10   60.27   66.32   67.98   69.72   69.49   75.38   76.91   74.53   97.45  100.00   78.54   77.03   81.11   74.13   75.96   75.49
    19: tr|A0A0A2HSK1|A0A0A2HSK1_9BACT   54.96   54.96   55.45   55.38   55.27   56.13   55.98   56.23   61.01   66.36   66.36   67.98   67.63   71.89   79.95   74.07   78.19   78.54  100.00   76.22   82.22   72.19   75.38   73.64
    20: tr|O68395|O68395_THAAR           56.45   56.45   56.81   55.01   54.28   54.40   54.01   54.38   59.41   65.38   66.01   66.71   66.71   72.24   74.59   76.63   76.33   77.03   76.22  100.00   86.67   72.16   75.49   73.64
    21: tr|A0A916IZU3|A0A916IZU3_9PROT   62.50   62.50   63.41   56.63   60.49   62.96   60.00   60.00   65.85   71.11   70.00   72.22   72.22   72.22   80.00   81.11   81.11   81.11   82.22   86.67  100.00   77.78   75.56   75.56
    22: tr|R4KCB7|R4KCB7_9FIRM           58.24   58.24   58.59   58.02   56.56   57.05   57.14   57.02   64.77   67.83   72.69   72.22   71.64   69.22   71.64   69.07   74.25   74.13   72.19   72.16   77.78  100.00   79.81   77.96
    23: tr|A0A0F2S8L2|A0A0F2S8L2_9FIRM   56.20   56.20   57.05   56.98   55.14   57.00   56.47   56.60   63.49   69.47   71.58   73.20   74.01   70.93   72.59   70.78   75.15   75.96   75.38   75.49   75.56   79.81  100.00   89.44
    24: tr|A0A101WCH5|A0A101WCH5_9FIRM   55.58   55.58   56.31   57.35   55.02   56.75   55.73   55.86   63.00   69.36   71.58   73.67   73.67   71.28   71.89   70.20   75.26   75.49   73.64   73.64   75.56   77.96   89.44  100.00
