#
#
#  Percent Identity  Matrix - created by Clustal2.1 
#
#

     1: tr|A8ZSU4|A8ZSU4_DESOH          100.00   60.08   65.00   29.91   32.97   34.56   34.56   28.90   27.80   27.80   29.68   30.00   29.55   27.15   28.51
     2: tr|A0A1W9PZU6|A0A1W9PZU6_9BACT   60.08  100.00   96.50   29.11   30.43   30.09   30.09   29.95   29.73   29.73   31.19   26.48   28.31   28.18   25.00
     3: tr|A0A661S5Y1|A0A661S5Y1_UNCDE   65.00   96.50  100.00   30.81   33.10   32.57   32.57   34.09   31.49   31.49   31.64   30.34   29.21   31.84   27.93
     4: tr|H9NNB0|H9NNB0_9PROT           29.91   29.11   30.81  100.00   34.64   32.21   31.73   28.71   29.91   29.91   30.95   29.38   28.44   28.30   26.89
     5: UPI00260FB00C                    32.97   30.43   33.10   34.64  100.00   69.35   69.35   34.24   36.41   36.41   36.41   34.43   32.24   33.15   32.07
     6: tr|A0A1B1YRM0|A0A1B1YRM0_9GAMM   34.56   30.09   32.57   32.21   69.35  100.00   96.40   28.50   32.71   32.71   32.71   32.39   30.05   32.24   32.24
     7: tr|A0A7D7KM19|A0A7D7KM19_9BACT   34.56   30.09   32.57   31.73   69.35   96.40  100.00   28.97   33.64   33.64   33.64   32.39   30.52   32.24   32.24
     8: tr|Q5NZU9|Q5NZU9_AROAE           28.90   29.95   34.09   28.71   34.24   28.50   28.97  100.00   54.79   54.79   57.53   54.59   51.38   55.25   53.88
     9: UPI00035C1DA8                    27.80   29.73   31.49   29.91   36.41   32.71   33.64   54.79  100.00   99.56   81.82   57.47   53.39   56.31   55.86
    10: UPI001D17D77F                    27.80   29.73   31.49   29.91   36.41   32.71   33.64   54.79   99.56  100.00   81.82   57.01   53.39   55.86   55.41
    11: UPI001FFDC472                    29.68   31.19   31.64   30.95   36.41   32.71   33.64   57.53   81.82   81.82  100.00   57.53   52.97   57.73   55.00
    12: UPI00145CCDE6                    30.00   26.48   30.34   29.38   34.43   32.39   32.39   54.59   57.47   57.01   57.53  100.00   72.85   63.80   62.90
    13: tr|Q5P5I3|Q5P5I3_AROAE           29.55   28.31   29.21   28.44   32.24   30.05   30.52   51.38   53.39   53.39   52.97   72.85  100.00   63.35   59.28
    14: tr|A0A916J4M4|A0A916J4M4_9PROT   27.15   28.18   31.84   28.30   33.15   32.24   32.24   55.25   56.31   55.86   57.73   63.80   63.35  100.00   68.47
    15: tr|A0A934GP35|A0A934GP35_9PROT   28.51   25.00   27.93   26.89   32.07   32.24   32.24   53.88   55.86   55.41   55.00   62.90   59.28   68.47  100.00
