#
#
#  Percent Identity  Matrix - created by Clustal2.1 
#
#

     1: ABC33894|Rhodococcus_sp_T104|Cum  100.00   97.25   36.87   37.74   37.50   40.54   42.12   39.90   41.98   41.91   43.20   43.69   43.20   43.60   40.92   44.12   40.67   40.57   41.04   41.91   43.48   44.07
     2: YP_002781826|Rhodococcus_opacus_   97.25  100.00   36.14   37.97   38.21   40.79   41.65   40.15   41.23   42.16   43.45   43.20   43.20   44.58   40.44   43.14   40.43   40.09   40.57   41.67   43.24   43.58
     3: NP_250773|Pseudomonas_aeruginosa   36.87   36.14  100.00   41.29   39.62   41.46   36.58   38.20   44.28   45.26   40.05   43.27   43.03   42.20   41.73   43.80   40.38   39.81   39.81   41.36   40.10   40.43
     4: ZP_04603799|Micromonospora_sp_AT   37.74   37.97   41.29  100.00   85.85   44.76   45.90   45.15   44.74   45.24   49.52   44.84   44.42   45.02   43.29   42.13   41.37   40.89   41.12   42.96   42.45   46.39
     5: YP_004403844|Verrucosispora_mari   37.50   38.21   39.62   85.85  100.00   47.43   44.58   43.66   42.79   44.77   49.04   44.34   44.10   45.48   44.23   41.95   40.24   39.44   41.08   42.44   41.97   45.67
     6: YP_004334302|Pseudonocardia_diox   40.54   40.79   41.46   44.76   47.43  100.00   45.65   46.49   47.67   49.64   49.15   49.15   50.00   47.51   47.16   43.51   43.27   44.58   44.82   42.99   45.17   43.69
     7: YP_006061644|Thermus_thermophilu   42.12   41.65   36.58   45.90   44.58   45.65  100.00   49.76   51.70   47.96   51.31   49.52   49.88   50.84   48.10   45.54   44.71   46.37   46.37   44.26   45.35   48.09
     8: WP_007921431|Ktedonobacter_racem   39.90   40.15   38.20   45.15   43.66   46.49   49.76  100.00   53.68   53.62   55.83   54.59   53.62   55.83   55.56   47.34   47.47   47.71   46.99   46.38   46.12   49.03
     9: WP_019509760|Mycobacterium_sp_VK   41.98   41.23   44.28   44.74   42.79   47.67   51.70   53.68  100.00   58.78   57.73   59.90   59.66   62.10   60.14   50.00   50.61   49.39   50.12   52.33   48.67   52.06
    10: WP_020498674|Sciscionella_marina   41.91   42.16   45.26   45.24   44.77   49.64   47.96   53.62   58.78  100.00   61.11   62.02   60.52   61.05   64.30   48.56   47.13   49.40   48.20   48.58   49.52   49.76
    11: WP_017987157|Amycolatopsis_metha   43.20   43.45   40.05   49.52   49.04   49.15   51.31   55.83   57.73   61.11  100.00   67.62   65.95   67.80   67.22   49.03   47.86   49.52   50.24   49.88   45.58   49.52
    12: WP_005141173|Mycobacterium_rhode   43.69   43.20   43.27   44.84   44.34   49.15   49.52   54.59   59.90   62.02   67.62  100.00   76.78   67.23   68.72   49.76   48.46   48.93   50.59   50.12   48.56   49.28
    13: WP_005623444|Mycobacterium_hassi   43.20   43.20   43.03   44.42   44.10   50.00   49.88   53.62   59.66   60.52   65.95   76.78  100.00   68.08   68.28   47.95   49.76   50.12   50.12   51.90   46.41   49.52
    14: WP_010593407|Rhodococcus_sp_P14|   43.60   44.58   42.20   45.02   45.48   47.51   50.84   55.83   62.10   61.05   67.80   67.23   68.08  100.00   72.54   49.76   50.96   51.81   51.33   49.16   48.06   51.70
    15: ZP_06473916|Frankia_symbiont_of_   40.92   40.44   41.73   43.29   44.23   47.16   48.10   55.56   60.14   64.30   67.22   68.72   68.28   72.54  100.00   49.40   51.30   51.90   49.76   49.29   44.15   48.80
    16: WP_008252799|gamma_proteobacteri   44.12   43.14   43.80   42.13   41.95   43.51   45.54   47.34   50.00   48.56   49.03   49.76   47.95   49.76   49.40  100.00   57.28   55.74   55.98   52.28   52.29   53.98
    17: BAA82116|Rhodopseudomonas_palust   40.67   40.43   40.38   41.37   40.24   43.27   44.71   47.47   50.61   47.13   47.86   48.46   49.76   50.96   51.30   57.28  100.00   57.94   58.88   51.91   47.04   50.00
    18: YP_557484|Burkholderia_xenovoran   40.57   40.09   39.81   40.89   39.44   44.58   46.37   47.71   49.39   49.40   49.52   48.93   50.12   51.81   51.90   55.74   57.94  100.00   82.95   53.48   47.75   51.42
    19: YP_001268212|Pseudomonas_putida_   41.04   40.57   39.81   41.12   41.08   44.82   46.37   46.99   50.12   48.20   50.24   50.59   50.12   51.33   49.76   55.98   58.88   82.95  100.00   54.68   48.23   52.61
    20: YP_001262258|Sphingomonas_wittic   41.91   41.67   41.36   42.96   42.44   42.99   44.26   46.38   52.33   48.58   49.88   50.12   51.90   49.16   49.29   52.28   51.91   53.48   54.68  100.00   50.48   55.31
    21: WP_020006750|Salinicoccus_albus|   43.48   43.24   40.10   42.45   41.97   45.17   45.35   46.12   48.67   49.52   45.58   48.56   46.41   48.06   44.15   52.29   47.04   47.75   48.23   50.48  100.00   62.56
    22: YP_007911044|Bacillus_sp_1NLA3E|   44.07   43.58   40.43   46.39   45.67   43.69   48.09   49.03   52.06   49.76   49.52   49.28   49.52   51.70   48.80   53.98   50.00   51.42   52.61   55.31   62.56  100.00
