#
#
#  Percent Identity  Matrix - created by Clustal2.1 
#
#

     1: tr|A0A445MV39|A0A445MV39_9BACT  100.00   99.88   56.82   55.78   53.79   53.79   55.03   54.41   52.80   52.80   53.17   53.29   53.54   58.28   51.76   54.41   55.53   54.78   54.79   52.85   52.85   52.85   52.61   52.18   51.80   51.80   51.80   50.50   52.34   51.79   52.11   52.11   52.48   52.48   54.43   54.04   56.03   56.03   56.03   56.03   56.03   56.03   56.03   56.03   56.03   56.03   56.03   56.03   56.03   56.03   56.03   56.03   56.03   56.03   54.04   54.04   54.53   54.53   55.28   52.17   52.17   53.29   54.22   53.54   57.79   51.30   51.30   51.12   55.83   52.42   51.80   51.80   50.42   52.55   45.54   53.21   53.79   53.91   54.69   53.91   53.17   52.17   53.91   54.00   54.86   54.19   53.91   53.12   54.04   48.72   55.13   51.18   52.30   46.20   46.20   53.42   52.80   52.17   52.17   56.49   52.17
     2: tr|A0A445MYT8|A0A445MYT8_9BACT   99.88  100.00   56.82   55.78   53.79   53.79   55.03   54.41   52.80   52.80   53.17   53.29   53.54   58.28   51.76   54.41   55.53   54.78   54.92   52.85   52.85   52.85   52.61   52.18   51.80   51.80   51.80   50.50   52.34   51.79   52.11   52.11   52.48   52.48   54.43   54.04   56.03   56.03   56.03   56.03   56.03   56.03   56.03   56.03   56.03   56.03   56.03   56.03   56.03   56.03   56.03   56.03   56.03   56.03   54.04   54.04   54.53   54.53   55.28   52.17   52.17   53.29   54.22   53.54   57.79   51.30   51.30   51.12   55.83   52.42   51.80   51.80   50.42   52.67   45.54   53.33   53.79   53.91   54.69   53.91   53.17   52.17   53.91   54.00   54.86   54.19   53.91   53.12   54.04   48.72   55.13   51.18   52.30   46.20   46.20   53.42   52.80   52.17   52.17   56.49   52.17
     3: tr|R4KI57|R4KI57_9FIRM           56.82   56.82  100.00   78.12   61.41   61.41   61.51   60.40   59.98   59.98   60.84   60.67   60.79   64.93   58.62   60.77   63.00   62.00   62.66   60.57   60.44   60.44   60.20   59.11   61.76   61.76   61.76   60.53   58.82   61.45   61.80   61.80   61.68   61.68   64.88   64.85   62.11   62.11   62.11   62.11   62.11   62.11   62.11   62.11   62.11   62.11   62.11   62.11   62.11   62.11   62.11   62.11   62.11   62.11   64.85   64.85   65.10   65.10   62.25   62.62   61.39   62.87   60.41   62.13   58.44   61.63   61.01   59.98   63.91   61.26   61.39   61.39   59.80   61.88   54.26   62.45   60.15   60.27   58.04   60.89   60.64   65.22   60.27   56.00   57.81   56.64   60.64   56.05   56.35   56.41   58.54   61.76   61.01   62.66   62.66   60.77   62.00   61.51   61.76   69.47   61.76
     4: tr|A0A117SHS9|A0A117SHS9_9FIRM   55.78   55.78   78.12  100.00   61.54   61.54   61.14   59.90   59.85   59.85   60.22   60.30   60.55   64.80   59.35   59.41   61.63   60.52   62.53   60.32   59.58   59.58   59.21   61.21   61.01   61.01   61.01   60.20   60.00   61.59   61.19   61.19   61.43   61.43   63.50   63.49   62.11   62.11   62.11   62.11   62.11   62.11   62.11   62.11   62.11   62.11   62.11   62.11   62.11   62.11   62.11   62.11   62.11   62.11   63.49   63.49   63.49   63.49   63.00   59.65   59.53   60.52   59.90   60.64   61.32   60.27   60.15   57.00   64.77   60.77   58.91   58.91   56.76   60.77   54.26   60.54   58.79   58.79   58.43   59.78   59.78   69.57   59.41   58.00   58.20   56.64   59.16   56.95   57.36   58.97   59.76   60.77   60.89   58.23   58.23   59.28   60.40   60.40   60.89   64.12   60.89
     5: tr|A0A5K8A291|A0A5K8A291_9BACT   53.79   53.79   61.41   61.54  100.00  100.00   79.83   76.36   76.36   76.36   75.62   76.86   76.98   65.84   54.20   55.33   57.69   56.58   57.71   55.39   56.01   56.01   55.51   55.35   54.84   54.84   54.84   53.90   52.73   56.12   56.38   56.38   55.64   55.64   56.63   56.33   57.20   57.20   57.20   57.20   57.20   57.20   57.20   57.20   57.20   57.20   57.20   57.20   57.20   57.20   57.20   57.20   57.20   57.20   56.33   56.33   56.08   56.08   55.46   55.58   55.21   55.46   55.47   55.58   54.92   55.83   55.33   53.42   58.12   55.83   54.22   54.22   53.21   56.70   48.58   56.47   55.58   55.46   56.25   55.83   55.58   60.87   56.33   60.00   58.37   57.27   56.20   56.25   57.58   58.97   55.00   55.33   55.46   56.33   56.33   55.21   56.20   55.58   55.71   59.54   55.71
     6: tr|A0A5K8AL11|A0A5K8AL11_9BACT   53.79   53.79   61.41   61.54  100.00  100.00   79.83   76.36   76.36   76.36   75.62   76.86   76.98   65.84   54.20   55.33   57.69   56.58   57.71   55.39   56.01   56.01   55.51   55.35   54.84   54.84   54.84   53.90   52.73   56.12   56.38   56.38   55.64   55.64   56.63   56.33   57.20   57.20   57.20   57.20   57.20   57.20   57.20   57.20   57.20   57.20   57.20   57.20   57.20   57.20   57.20   57.20   57.20   57.20   56.33   56.33   56.08   56.08   55.46   55.58   55.21   55.46   55.47   55.58   54.92   55.83   55.33   53.42   58.12   55.83   54.22   54.22   53.21   56.70   48.58   56.47   55.58   55.46   56.25   55.83   55.58   60.87   56.33   60.00   58.37   57.27   56.20   56.25   57.58   58.97   55.00   55.33   55.46   56.33   56.33   55.21   56.20   55.58   55.71   59.54   55.71
     7: tr|A0A934A2W4|A0A934A2W4_UNCDE   55.03   55.03   61.51   61.14   79.83   79.83  100.00   75.93   74.78   74.66   73.67   75.25   75.50   65.59   53.31   55.07   57.18   56.31   58.81   55.01   55.38   55.38   55.13   56.70   55.32   55.32   55.32   53.23   55.08   56.93   57.11   57.11   56.61   56.61   56.88   56.81   58.37   58.37   58.37   58.37   58.37   58.37   58.37   58.37   58.37   58.37   58.37   58.37   58.37   58.37   58.37   58.37   58.37   58.37   56.81   56.81   56.93   56.93   56.19   54.83   54.21   55.07   56.71   55.57   55.33   55.94   56.06   54.40   58.47   55.45   54.58   54.58   52.03   56.81   48.71   56.07   56.44   56.31   57.03   57.18   55.20   52.17   56.68   54.00   57.59   57.71   56.68   58.04   58.08   51.28   56.10   55.20   55.69   55.06   55.06   54.95   56.19   55.82   55.94   62.60   55.94
     8: tr|A0A975GTD9|A0A975GTD9_9BACT   54.41   54.41   60.40   59.90   76.36   76.36   75.93  100.00   76.14   76.02   77.13   77.35   77.60   66.21   53.76   55.25   55.50   55.13   57.50   55.68   55.93   55.93   56.30   58.12   55.25   55.25   55.25   55.39   55.47   56.16   56.67   56.67   56.17   56.17   57.62   56.98   57.20   57.20   57.20   57.20   57.20   57.20   57.20   57.20   57.20   57.20   57.20   57.20   57.20   57.20   57.20   57.20   57.20   57.20   56.98   56.98   56.86   56.86   57.23   52.29   52.29   55.87   54.29   54.76   55.74   56.61   56.61   53.59   57.90   56.24   55.01   55.01   54.05   55.01   48.99   55.23   54.02   54.14   53.91   55.13   54.88   52.17   54.88   56.00   55.64   54.19   54.76   54.91   55.56   56.41   49.40   54.64   54.51   55.70   55.70   54.26   55.87   55.25   55.75   59.54   55.75
     9: tr|A0A1H2JT01|A0A1H2JT01_9BACT   52.80   52.80   59.98   59.85   76.36   76.36   74.78   76.14  100.00   99.75   85.66   88.74   88.74   63.48   52.87   53.90   55.14   54.15   56.52   53.34   54.70   54.70   54.95   55.16   55.14   55.14   55.14   54.73   55.08   53.71   53.84   53.84   53.84   53.84   55.37   55.39   56.42   56.42   56.42   56.42   56.42   56.42   56.42   56.42   56.42   56.42   56.42   56.42   56.42   56.42   56.42   56.42   56.42   56.42   55.39   55.39   55.02   55.02   54.89   52.91   52.54   54.52   53.30   53.66   53.69   55.76   55.64   52.73   56.44   53.41   53.66   53.66   52.36   55.14   49.39   52.56   53.66   53.66   53.91   54.40   54.40   65.22   54.15   58.00   55.64   53.74   54.40   54.02   54.55   58.97   54.32   55.02   53.28   53.80   53.80   53.78   55.76   55.27   55.39   58.02   55.39
    10: tr|K0NM05|K0NM05_DESTT           52.80   52.80   59.98   59.85   76.36   76.36   74.66   76.02   99.75  100.00   85.54   88.61   88.61   63.48   52.87   53.90   55.14   54.15   56.52   53.47   54.70   54.70   54.95   55.16   55.14   55.14   55.14   54.73   55.08   53.71   53.84   53.84   53.84   53.84   55.37   55.39   56.42   56.42   56.42   56.42   56.42   56.42   56.42   56.42   56.42   56.42   56.42   56.42   56.42   56.42   56.42   56.42   56.42   56.42   55.39   55.39   55.02   55.02   54.89   52.79   52.42   54.52   53.05   53.53   53.28   55.76   55.64   52.73   56.44   53.41   53.53   53.53   52.20   55.14   49.39   52.56   53.66   53.66   53.91   54.40   54.40   65.22   54.15   58.00   55.64   53.74   54.40   54.02   54.55   58.97   54.32   55.02   53.28   53.80   53.80   53.78   55.76   55.27   55.39   58.02   55.39
    11: tr|S0G2Y2|S0G2Y2_9BACT           53.17   53.17   60.84   60.22   75.62   75.62   73.67   77.13   85.66   85.54  100.00   88.86   88.86   64.10   52.43   54.65   56.26   55.39   56.52   56.68   57.55   57.55   57.30   54.91   56.01   56.01   56.01   55.72   56.64   55.36   55.20   55.20   55.20   55.20   57.75   57.62   58.75   58.75   58.75   58.75   58.75   58.75   58.75   58.75   58.75   58.75   58.75   58.75   58.75   58.75   58.75   58.75   58.75   58.75   57.62   57.62   56.88   56.88   56.63   53.90   53.90   55.14   54.82   54.77   54.92   56.75   56.38   53.23   56.93   55.27   54.65   54.65   53.55   56.38   49.80   54.09   54.15   54.28   54.30   54.40   54.77   60.87   54.28   54.00   54.09   52.42   54.28   52.23   52.53   53.85   54.32   56.13   54.77   53.80   53.80   54.77   56.63   55.89   56.26   61.83   56.26
    12: tr|A0A1H2E0F2|A0A1H2E0F2_9BACT   53.29   53.29   60.67   60.30   76.86   76.86   75.25   77.35   88.74   88.61   88.86  100.00   99.51   64.10   52.78   55.12   55.36   54.75   56.00   55.17   55.30   55.30   55.67   55.62   55.86   55.86   55.86   55.89   54.69   54.88   55.05   55.05   55.17   55.17   57.38   56.72   57.20   57.20   57.20   57.20   57.20   57.20   57.20   57.20   57.20   57.20   57.20   57.20   57.20   57.20   57.20   57.20   57.20   57.20   56.72   56.72   56.35   56.35   55.61   53.39   53.02   54.87   54.20   54.87   53.69   55.98   55.86   53.33   57.02   54.75   54.01   54.01   53.72   55.98   49.87   53.82   54.01   54.13   53.91   54.01   54.50   60.87   53.88   56.00   53.70   51.98   53.76   53.12   54.04   56.41   52.50   55.49   54.38   55.70   55.70   54.25   55.98   55.98   55.98   58.78   55.98
    13: tr|K0ND30|K0ND30_DESTT           53.54   53.54   60.79   60.55   76.98   76.98   75.50   77.60   88.74   88.61   88.86   99.51  100.00   64.47   52.78   55.12   55.24   54.62   56.12   55.42   55.67   55.67   55.79   55.87   56.10   56.10   56.10   55.89   54.69   55.02   55.17   55.17   55.30   55.30   57.50   56.84   57.20   57.20   57.20   57.20   57.20   57.20   57.20   57.20   57.20   57.20   57.20   57.20   57.20   57.20   57.20   57.20   57.20   57.20   56.84   56.84   56.47   56.47   55.73   53.64   53.39   55.12   54.45   55.12   53.69   55.98   55.86   53.58   56.90   54.99   54.25   54.25   53.72   56.23   50.13   54.07   54.38   54.50   53.91   54.38   54.87   60.87   54.25   56.00   53.70   51.98   54.13   53.12   54.04   56.41   52.50   55.86   54.62   56.33   56.33   54.50   56.35   56.23   56.23   59.54   56.23
    14: tr|A0A8F0D5W2|A0A8F0D5W2_9BACT   58.28   58.28   64.93   64.80   65.84   65.84   65.59   66.21   63.48   63.48   64.10   64.10   64.47  100.00   56.55   59.18   61.41   60.67   59.93   58.36   58.36   58.36   58.86   58.08   57.20   57.20   57.20   55.06   54.69   59.28   59.36   59.36   58.74   58.74   59.88   59.55   57.98   57.98   57.98   57.98   57.98   57.98   57.98   57.98   57.98   57.98   57.98   57.98   57.98   57.98   57.98   57.98   57.98   57.98   59.55   59.55   58.93   58.93   59.31   55.71   56.33   57.82   58.02   57.32   56.15   57.69   57.94   56.15   60.59   56.70   56.58   56.58   53.38   60.55   51.29   58.13   58.44   58.56   57.42   58.81   58.81   60.87   58.93   58.00   57.59   55.51   59.06   55.36   55.56   56.41   55.00   58.68   58.44   60.13   60.13   57.94   60.55   60.30   60.30   67.18   60.30
    15: tr|A0A2N2DZG5|A0A2N2DZG5_9FIRM   51.76   51.76   58.62   59.35   54.20   54.20   53.31   53.76   52.87   52.87   52.43   52.78   52.78   56.55  100.00   77.84   82.83   81.02   64.39   65.15   65.28   65.28   65.70   57.40   65.01   65.01   65.01   66.06   67.30   68.42   65.56   65.56   66.94   66.94   69.34   68.28   73.11   73.11   73.11   73.11   73.11   73.11   73.11   73.11   73.11   73.11   73.11   73.11   73.11   73.11   73.11   73.11   73.11   73.11   68.28   68.28   69.25   69.25   68.98   63.76   62.79   64.73   66.06   64.87   68.53   66.67   66.80   62.88   70.26   63.62   65.84   65.84   66.89   64.04   63.97   67.27   63.76   63.62   65.02   64.18   63.21   60.87   64.04   60.00   64.39   62.39   64.32   62.34   60.49   66.67   31.58   64.59   65.01   65.38   65.38   63.35   65.01   63.90   63.76   64.29   63.76
    16: tr|D8WWC2|D8WWC2_9FIRM           54.41   54.41   60.77   59.41   55.33   55.33   55.07   55.25   53.90   53.90   54.65   55.12   55.12   59.18   77.84  100.00   86.43   85.50   62.81   66.24   67.17   67.17   66.36   59.42   66.78   66.78   66.78   68.25   68.82   70.47   68.33   68.33   68.21   68.21   73.76   71.78   74.62   74.62   74.62   74.62   74.62   74.62   74.62   74.62   74.62   74.62   74.62   74.62   74.62   74.62   74.62   74.62   74.62   74.62   71.78   71.78   71.78   71.78   71.54   64.00   62.49   66.90   70.32   67.60   70.92   67.13   67.36   63.88   72.04   64.69   67.48   67.48   68.50   64.96   58.55   68.78   66.55   66.55   66.16   66.90   65.74   65.22   67.25   64.00   65.15   63.25   67.25   64.50   62.93   69.23   63.33   66.43   67.99   69.18   69.18   66.20   67.33   67.21   66.98   75.57   66.98
    17: tr|A0A6I5ZSU2|A0A6I5ZSU2_9FIRM   55.53   55.53   63.00   61.63   57.69   57.69   57.18   55.50   55.14   55.14   56.26   55.36   55.24   61.41   82.83   86.43  100.00   96.40   66.20   68.45   69.61   69.61   69.14   61.40   69.11   69.11   69.11   69.23   70.34   71.81   70.42   70.42   70.19   70.19   74.13   72.36   75.38   75.38   75.38   75.38   75.38   75.38   75.38   75.38   75.38   75.38   75.38   75.38   75.38   75.38   75.38   75.38   75.38   75.38   72.36   72.36   73.40   73.40   73.17   65.85   64.58   67.36   69.83   67.60   71.31   69.92   69.80   65.74   74.83   67.48   68.64   68.64   69.00   67.87   60.84   70.93   68.52   68.41   69.20   68.64   67.02   69.57   68.41   68.00   68.94   67.52   68.87   67.53   66.34   74.36   67.78   68.99   69.73   70.44   70.44   67.36   70.35   69.53   69.53   77.10   69.53
    18: tr|A0A6I5ZT12|A0A6I5ZT12_9FIRM   54.78   54.78   62.00   60.52   56.58   56.58   56.31   55.13   54.15   54.15   55.39   54.75   54.62   60.67   81.02   85.50   96.40  100.00   65.61   67.40   68.21   68.21   67.75   60.94   67.83   67.83   67.83   67.76   69.20   70.87   69.49   69.49   69.37   69.37   72.65   70.85   73.48   73.48   73.48   73.48   73.48   73.48   73.48   73.48   73.48   73.48   73.48   73.48   73.48   73.48   73.48   73.48   73.48   73.48   70.85   70.85   71.89   71.89   71.66   64.92   63.76   66.09   68.61   66.43   69.72   68.87   68.76   64.34   74.13   66.32   68.18   68.18   68.17   66.36   59.69   69.86   67.25   67.13   67.30   67.60   66.20   69.57   67.25   68.00   66.67   64.96   67.71   64.94   63.90   71.79   64.44   67.71   68.45   69.18   69.18   66.55   69.07   68.37   68.37   75.57   68.37
    19: tr|A0A5K7ZHR9|A0A5K7ZHR9_9BACT   54.79   54.92   62.66   62.53   57.71   57.71   58.81   57.50   56.52   56.52   56.52   56.00   56.12   59.93   64.39   62.81   66.20   65.61  100.00   64.49   65.30   65.30   65.89   70.88   66.36   66.36   66.36   66.45   66.80   68.47   67.52   67.52   67.99   67.99   70.07   69.71   68.87   68.87   68.87   68.87   68.87   68.87   68.87   68.87   68.87   68.87   68.87   68.87   68.87   68.87   68.87   68.87   68.87   68.87   69.71   69.71   69.47   69.47   69.36   64.44   63.90   67.25   66.09   65.96   64.34   66.20   65.96   62.88   67.83   65.81   65.61   65.61   63.64   64.24   55.01   68.55   64.33   64.44   63.28   65.38   64.09   65.22   65.26   56.00   63.42   60.35   65.38   60.71   58.59   61.54   60.00   62.69   65.77   66.04   66.04   64.33   65.34   64.64   64.75   76.34   64.75
    20: tr|A0A101WT05|A0A101WT05_9FIRM   52.85   52.85   60.57   60.32   55.39   55.39   55.01   55.68   53.34   53.47   56.68   55.17   55.42   58.36   65.15   66.24   68.45   67.40   64.49  100.00   88.19   88.19   87.27   60.05   66.36   66.36   66.36   66.18   71.10   73.36   70.95   70.95   72.57   72.57   72.81   72.51   75.38   75.38   75.38   75.38   75.38   75.38   75.38   75.38   75.38   75.38   75.38   75.38   75.38   75.38   75.38   75.38   75.38   75.38   72.51   72.51   71.58   71.58   71.58   64.73   64.62   64.73   71.05   64.50   69.72   67.98   67.87   62.83   72.69   67.29   66.36   66.36   65.72   65.00   57.96   67.98   64.85   65.20   67.68   65.31   65.08   73.91   66.01   68.00   68.94   67.52   65.78   69.26   69.27   76.92   63.33   66.47   66.86   81.13   81.13   66.59   66.09   66.20   66.09   80.15   66.09
    21: tr|A0A0F2SCX8|A0A0F2SCX8_9FIRM   52.85   52.85   60.44   59.58   56.01   56.01   55.38   55.93   54.70   54.70   57.55   55.30   55.67   58.36   65.28   67.17   69.61   68.21   65.30   88.19  100.00  100.00   93.63   60.28   67.98   67.98   67.98   68.30   72.24   73.23   70.83   70.83   72.57   72.57   74.78   73.78   78.03   78.03   78.03   78.03   78.03   78.03   78.03   78.03   78.03   78.03   78.03   78.03   78.03   78.03   78.03   78.03   78.03   78.03   73.78   73.78   73.20   73.20   73.67   66.36   65.43   67.17   73.48   67.63   72.51   69.72   69.72   64.69   72.22   68.91   67.87   67.87   67.72   66.74   59.11   69.30   65.66   66.01   67.68   66.13   66.24   82.61   66.71   72.00   69.32   67.95   66.36   69.26   69.27   82.05   65.56   67.52   68.37   82.39   82.39   67.40   66.32   66.09   66.09   82.44   66.09
    22: tr|A0A358U9J2|A0A358U9J2_9FIRM   52.85   52.85   60.44   59.58   56.01   56.01   55.38   55.93   54.70   54.70   57.55   55.30   55.67   58.36   65.28   67.17   69.61   68.21   65.30   88.19  100.00  100.00   93.63   60.28   67.98   67.98   67.98   68.30   72.24   73.23   70.83   70.83   72.57   72.57   74.78   73.78   78.03   78.03   78.03   78.03   78.03   78.03   78.03   78.03   78.03   78.03   78.03   78.03   78.03   78.03   78.03   78.03   78.03   78.03   73.78   73.78   73.20   73.20   73.67   66.36   65.43   67.17   73.48   67.63   72.51   69.72   69.72   64.69   72.22   68.91   67.87   67.87   67.72   66.74   59.11   69.30   65.66   66.01   67.68   66.13   66.24   82.61   66.71   72.00   69.32   67.95   66.36   69.26   69.27   82.05   65.56   67.52   68.37   82.39   82.39   67.40   66.32   66.09   66.09   82.44   66.09
    23: tr|A0A101WIG0|A0A101WIG0_9FIRM   52.61   52.61   60.20   59.21   55.51   55.51   55.13   56.30   54.95   54.95   57.30   55.67   55.79   58.86   65.70   66.36   69.14   67.75   65.89   87.27   93.63   93.63  100.00   60.28   67.63   67.63   67.63   67.48   71.86   74.03   71.53   71.53   73.38   73.38   74.78   73.55   76.52   76.52   76.52   76.52   76.52   76.52   76.52   76.52   76.52   76.52   76.52   76.52   76.52   76.52   76.52   76.52   76.52   76.52   73.55   73.55   74.01   74.01   73.67   64.85   64.39   66.13   71.53   65.89   69.32   69.49   69.61   64.58   71.64   67.52   68.10   68.10   67.55   67.67   58.47   68.46   65.66   66.01   67.68   66.36   65.89   78.26   66.71   70.00   69.70   68.38   66.71   69.70   69.76   79.49   63.33   66.94   67.67   84.28   84.28   67.17   66.32   66.20   66.43   83.21   66.43
    24: tr|A0A5K7ZN43|A0A5K7ZN43_9BACT   52.18   52.18   59.11   61.21   55.35   55.35   56.70   58.12   55.16   55.16   54.91   55.62   55.87   58.08   57.40   59.42   61.40   60.94   70.88   60.05   60.28   60.28   60.28  100.00   61.10   61.10   61.10   61.65   61.72   65.36   64.14   64.14   63.33   63.33   65.46   64.33   65.37   65.37   65.37   65.37   65.37   65.37   65.37   65.37   65.37   65.37   65.37   65.37   65.37   65.37   65.37   65.37   65.37   65.37   64.33   64.33   63.74   63.74   64.09   60.00   59.23   62.92   62.62   62.11   64.34   62.11   62.22   59.72   63.29   62.19   61.05   61.05   59.76   61.08   53.08   62.41   60.35   60.47   62.50   60.58   59.65   78.26   60.70   58.00   62.26   59.47   60.70   58.04   56.06   58.97   55.56   60.12   60.14   61.01   61.01   60.12   61.83   61.01   61.01   74.05   61.01
    25: tr|A0A060GSE4|A0A060GSE4_9BACT   51.80   51.80   61.76   61.01   54.84   54.84   55.32   55.25   55.14   55.14   56.01   55.86   56.10   57.20   65.01   66.78   69.11   67.83   66.36   66.36   67.98   67.98   67.63   61.10  100.00  100.00  100.00  100.00  100.00   73.42   71.96   71.96   71.61   71.61   76.49   74.56   76.52   76.52   76.52   76.52   76.52   76.52   76.52   76.52   76.52   76.52   76.52   76.52   76.52   76.52   76.52   76.52   76.52   76.52   74.56   74.56   75.38   75.38   73.64   74.01   73.12   74.83   78.10   75.52   73.71   78.54   78.19   71.89   72.19   79.95   77.03   77.03   75.71   74.07   66.62   78.02   75.06   75.41   74.52   76.10   74.83   69.57   76.22   72.00   75.38   74.36   76.33   73.59   72.20   79.49   68.89   75.75   77.09   80.50   80.50   76.68   76.31   75.26   75.38   88.55   75.38
    26: tr|A0A0A2HSK1|A0A0A2HSK1_9BACT   51.80   51.80   61.76   61.01   54.84   54.84   55.32   55.25   55.14   55.14   56.01   55.86   56.10   57.20   65.01   66.78   69.11   67.83   66.36   66.36   67.98   67.98   67.63   61.10  100.00  100.00  100.00  100.00  100.00   73.42   71.96   71.96   71.61   71.61   76.49   74.56   76.52   76.52   76.52   76.52   76.52   76.52   76.52   76.52   76.52   76.52   76.52   76.52   76.52   76.52   76.52   76.52   76.52   76.52   74.56   74.56   75.38   75.38   73.64   74.01   73.12   74.83   78.10   75.52   73.71   78.54   78.19   71.89   72.19   79.95   77.03   77.03   75.71   74.07   66.62   78.02   75.06   75.41   74.52   76.10   74.83   69.57   76.22   72.00   75.38   74.36   76.33   73.59   72.20   79.49   68.89   75.75   77.09   80.50   80.50   76.68   76.31   75.26   75.38   88.55   75.38
    27: tr|A0A0A7H9B9|A0A0A7H9B9_9BACT   51.80   51.80   61.76   61.01   54.84   54.84   55.32   55.25   55.14   55.14   56.01   55.86   56.10   57.20   65.01   66.78   69.11   67.83   66.36   66.36   67.98   67.98   67.63   61.10  100.00  100.00  100.00  100.00  100.00   73.42   71.96   71.96   71.61   71.61   76.49   74.56   76.52   76.52   76.52   76.52   76.52   76.52   76.52   76.52   76.52   76.52   76.52   76.52   76.52   76.52   76.52   76.52   76.52   76.52   74.56   74.56   75.38   75.38   73.64   74.01   73.12   74.83   78.10   75.52   73.71   78.54   78.19   71.89   72.19   79.95   77.03   77.03   75.71   74.07   66.62   78.02   75.06   75.41   74.52   76.10   74.83   69.57   76.22   72.00   75.38   74.36   76.33   73.59   72.20   79.49   68.89   75.75   77.09   80.50   80.50   76.68   76.31   75.26   75.38   88.55   75.38
    28: tr|A2TBQ2|A2TBQ2_9BACT           50.50   50.50   60.53   60.20   53.90   53.90   53.23   55.39   54.73   54.73   55.72   55.89   55.89   55.06   66.06   68.25   69.23   67.76   66.45   66.18   68.30   68.30   67.48   61.65  100.00  100.00  100.00  100.00  100.00   72.71   73.69   73.69   72.88   72.88   76.14   75.98   76.52   76.52   76.52   76.52   76.52   76.52   76.52   76.52   76.52   76.52   76.52   76.52   76.52   76.52   76.52   76.52   76.52   76.52   75.98   75.98   76.80   76.80   74.67   73.69   72.55   74.18   75.79   75.82   73.71   79.08   78.76   72.18   72.39   81.05   76.14   76.14   75.71   73.04   73.41   77.98   75.16   75.65   74.52   76.80   74.18   69.57   76.96   72.00   75.38   74.36   76.96   73.59   72.20   79.49   31.58   75.33   77.12   79.43   79.43   76.96   75.00   74.67   74.67   87.18   74.67
    29: tr|U6A1P7|U6A1P7_9BACT           52.34   52.34   58.82   60.00   52.73   52.73   55.08   55.47   55.08   55.08   56.64   54.69   54.69   54.69   67.30   68.82   70.34   69.20   66.80   71.10   72.24   72.24   71.86   61.72  100.00  100.00  100.00  100.00  100.00   75.29   75.67   75.67   74.52   74.52   76.81   76.43   76.43   76.43   76.43   76.43   76.43   76.43   76.43   76.43   76.43   76.43   76.43   76.43   76.43   76.43   76.43   76.43   76.43   76.43   76.43   76.43   76.81   76.81   75.29   74.14   70.72   74.52   74.19   74.90   73.71   78.33   78.33   71.48   69.20   77.57   74.90   74.90   74.90   76.05   73.76   78.71   73.76   74.52   74.52   74.90   71.10   69.57   75.29   72.00   75.29   74.36   75.67   73.59   72.20   79.49   31.58   73.76   78.33   75.34   75.34   74.52   74.14   74.52   74.90   33.33   74.90
    30: tr|A4GKI7|A4GKI7_UNCXX           51.79   51.79   61.45   61.59   56.12   56.12   56.93   56.16   53.71   53.71   55.36   54.88   55.02   59.28   68.42   70.47   71.81   70.87   68.47   73.36   73.23   73.23   74.03   65.36   73.42   73.42   73.42   72.71   75.29  100.00   89.83   89.83   89.96   89.96   78.42   77.75   79.55   79.55   79.55   79.55   79.55   79.55   79.55   79.55   79.55   79.55   79.55   79.55   79.55   79.55   79.55   79.55   79.55   79.55   77.75   77.75   77.48   77.48   77.35   70.60   69.93   72.62   78.59   72.62   74.50   73.96   73.56   69.76   77.11   72.21   71.81   71.81   69.72   71.95   60.78   75.00   71.01   71.41   71.86   72.35   72.62   82.61   72.89   82.00   72.73   71.79   73.29   71.86   72.68   87.18   73.33   71.81   73.15   84.91   84.91   72.89   71.95   71.54   71.81   84.73   71.81
    31: tr|A0A101GT22|A0A101GT22_9FIRM   52.11   52.11   61.80   61.19   56.38   56.38   57.11   56.67   53.84   53.84   55.20   55.05   55.17   59.36   65.56   68.33   70.42   69.49   67.52   70.95   70.83   70.83   71.53   64.14   71.96   71.96   71.96   73.69   75.67   89.83  100.00  100.00   93.43   93.43   79.36   78.31   81.82   81.82   81.82   81.82   81.82   81.82   81.82   81.82   81.82   81.82   81.82   81.82   81.82   81.82   81.82   81.82   81.82   81.82   78.31   78.31   77.38   77.38   77.03   70.30   69.64   72.97   78.10   72.51   76.10   73.32   72.97   69.34   76.56   71.30   71.23   71.23   71.05   69.77   60.76   73.72   71.11   71.46   72.62   72.27   71.93   78.26   72.62   76.00   73.86   73.08   72.74   74.03   73.66   84.62   70.00   70.77   72.56   84.28   84.28   72.27   71.66   71.08   71.08   87.02   71.08
    32: tr|A0A359HCZ3|A0A359HCZ3_9FIRM   52.11   52.11   61.80   61.19   56.38   56.38   57.11   56.67   53.84   53.84   55.20   55.05   55.17   59.36   65.56   68.33   70.42   69.49   67.52   70.95   70.83   70.83   71.53   64.14   71.96   71.96   71.96   73.69   75.67   89.83  100.00  100.00   93.43   93.43   79.36   78.31   81.82   81.82   81.82   81.82   81.82   81.82   81.82   81.82   81.82   81.82   81.82   81.82   81.82   81.82   81.82   81.82   81.82   81.82   78.31   78.31   77.38   77.38   77.03   70.30   69.64   72.97   78.10   72.51   76.10   73.32   72.97   69.34   76.56   71.30   71.23   71.23   71.05   69.77   60.76   73.72   71.11   71.46   72.62   72.27   71.93   78.26   72.62   76.00   73.86   73.08   72.74   74.03   73.66   84.62   70.00   70.77   72.56   84.28   84.28   72.27   71.66   71.08   71.08   87.02   71.08
    33: tr|A0A101G5A0|A0A101G5A0_9FIRM   52.48   52.48   61.68   61.43   55.64   55.64   56.61   56.17   53.84   53.84   55.20   55.17   55.30   58.74   66.94   68.21   70.19   69.37   67.99   72.57   72.57   72.57   73.38   63.33   71.61   71.61   71.61   72.88   74.52   89.96   93.43   93.43  100.00  100.00   79.85   79.00   81.82   81.82   81.82   81.82   81.82   81.82   81.82   81.82   81.82   81.82   81.82   81.82   81.82   81.82   81.82   81.82   81.82   81.82   79.00   79.00   77.49   77.49   77.38   71.11   69.99   72.16   77.86   71.58   75.30   74.01   73.43   68.52   76.21   71.76   71.35   71.35   70.88   70.35   60.89   73.95   70.07   70.42   71.10   71.46   71.69   78.26   72.27   78.00   72.73   72.22   71.81   72.73   73.66   84.62   68.89   70.42   72.79   85.53   85.53   71.81   70.85   70.62   70.85   85.50   70.85
    34: tr|A0A349U615|A0A349U615_9FIRM   52.48   52.48   61.68   61.43   55.64   55.64   56.61   56.17   53.84   53.84   55.20   55.17   55.30   58.74   66.94   68.21   70.19   69.37   67.99   72.57   72.57   72.57   73.38   63.33   71.61   71.61   71.61   72.88   74.52   89.96   93.43   93.43  100.00  100.00   79.85   79.00   81.82   81.82   81.82   81.82   81.82   81.82   81.82   81.82   81.82   81.82   81.82   81.82   81.82   81.82   81.82   81.82   81.82   81.82   79.00   79.00   77.49   77.49   77.38   71.11   69.99   72.16   77.86   71.58   75.30   74.01   73.43   68.52   76.21   71.76   71.35   71.35   70.88   70.35   60.89   73.95   70.07   70.42   71.10   71.46   71.69   78.26   72.27   78.00   72.73   72.22   71.81   72.73   73.66   84.62   68.89   70.42   72.79   85.53   85.53   71.81   70.85   70.62   70.85   85.50   70.85
    35: tr|A0A060GLE5|A0A060GLE5_9BACT   54.43   54.43   64.88   63.50   56.63   56.63   56.88   57.62   55.37   55.37   57.75   57.38   57.50   59.88   69.34   73.76   74.13   72.65   70.07   72.81   74.78   74.78   74.78   65.46   76.49   76.49   76.49   76.14   76.81   78.42   79.36   79.36   79.85   79.85  100.00   98.02   98.11   98.11   98.11   98.11   98.11   98.11   98.11   98.11   98.11   98.11   98.11   98.11   98.11   98.11   98.11   98.11   98.11   98.11   98.02   98.02   86.90   86.90   86.65   74.01   73.14   76.73   78.84   76.86   78.49   76.86   76.24   72.61   79.85   73.39   74.26   74.26   72.21   72.15   63.49   77.78   74.26   74.63   73.00   75.87   74.75   78.26   76.11   76.00   73.86   73.08   76.24   72.73   72.20   82.05   75.00   73.64   76.61   83.65   83.65   75.12   74.26   74.13   73.89   88.55   73.89
    36: tr|A0A060GM51|A0A060GM51_9BACT   54.04   54.04   64.85   63.49   56.33   56.33   56.81   56.98   55.39   55.39   57.62   56.72   56.84   59.55   68.28   71.78   72.36   70.85   69.71   72.51   73.78   73.78   73.55   64.33   74.56   74.56   74.56   75.98   76.43   77.75   78.31   78.31   79.00   79.00   98.02  100.00  100.00  100.00  100.00  100.00  100.00  100.00  100.00  100.00  100.00  100.00  100.00  100.00  100.00  100.00  100.00  100.00  100.00  100.00  100.00  100.00   86.08   86.08   86.31   72.94   72.47   75.61   78.10   75.26   78.09   75.38   74.91   71.28   78.31   72.47   73.29   73.29   72.71   70.78   63.01   75.96   71.89   72.24   72.62   73.40   72.94   78.26   74.10   76.00   73.86   72.65   73.98   72.73   72.20   82.05   72.22   72.47   74.74   83.65   83.65   73.29   73.02   72.91   72.67   88.55   72.67
    37: tr|A0A075E6L8|A0A075E6L8_9FIRM   56.03   56.03   62.11   62.11   57.20   57.20   58.37   57.20   56.42   56.42   58.75   57.20   57.20   57.98   73.11   74.62   75.38   73.48   68.87   75.38   78.03   78.03   76.52   65.37   76.52   76.52   76.52   76.52   76.43   79.55   81.82   81.82   81.82   81.82   98.11  100.00  100.00  100.00  100.00  100.00  100.00  100.00  100.00  100.00  100.00  100.00  100.00  100.00  100.00  100.00  100.00  100.00  100.00  100.00  100.00  100.00   86.36   86.36   87.12   76.89   76.14   80.68   76.61   79.17   78.09   77.65   76.52   75.38   77.65   74.62   73.48   73.48   73.48   77.27   71.21   79.17   71.97   72.73   72.62   73.48   71.97   78.26   73.86   76.00   73.86   72.65   75.00   72.73   72.20   82.05   42.11   71.21   77.65   74.32   74.32   72.35   72.35   73.11   72.73   33.33   72.73
    38: tr|A0A075E6L9|A0A075E6L9_9FIRM   56.03   56.03   62.11   62.11   57.20   57.20   58.37   57.20   56.42   56.42   58.75   57.20   57.20   57.98   73.11   74.62   75.38   73.48   68.87   75.38   78.03   78.03   76.52   65.37   76.52   76.52   76.52   76.52   76.43   79.55   81.82   81.82   81.82   81.82   98.11  100.00  100.00  100.00  100.00  100.00  100.00  100.00  100.00  100.00  100.00  100.00  100.00  100.00  100.00  100.00  100.00  100.00  100.00  100.00  100.00  100.00   86.36   86.36   87.12   76.89   76.14   80.68   76.61   79.17   78.09   77.65   76.52   75.38   77.65   74.62   73.48   73.48   73.48   77.27   71.21   79.17   71.97   72.73   72.62   73.48   71.97   78.26   73.86   76.00   73.86   72.65   75.00   72.73   72.20   82.05   42.11   71.21   77.65   74.32   74.32   72.35   72.35   73.11   72.73   33.33   72.73
    39: tr|A0A075E6M0|A0A075E6M0_9FIRM   56.03   56.03   62.11   62.11   57.20   57.20   58.37   57.20   56.42   56.42   58.75   57.20   57.20   57.98   73.11   74.62   75.38   73.48   68.87   75.38   78.03   78.03   76.52   65.37   76.52   76.52   76.52   76.52   76.43   79.55   81.82   81.82   81.82   81.82   98.11  100.00  100.00  100.00  100.00  100.00  100.00  100.00  100.00  100.00  100.00  100.00  100.00  100.00  100.00  100.00  100.00  100.00  100.00  100.00  100.00  100.00   86.36   86.36   87.12   76.89   76.14   80.68   76.61   79.17   78.09   77.65   76.52   75.38   77.65   74.62   73.48   73.48   73.48   77.27   71.21   79.17   71.97   72.73   72.62   73.48   71.97   78.26   73.86   76.00   73.86   72.65   75.00   72.73   72.20   82.05   42.11   71.21   77.65   74.32   74.32   72.35   72.35   73.11   72.73   33.33   72.73
    40: tr|A0A075E6S4|A0A075E6S4_9FIRM   56.03   56.03   62.11   62.11   57.20   57.20   58.37   57.20   56.42   56.42   58.75   57.20   57.20   57.98   73.11   74.62   75.38   73.48   68.87   75.38   78.03   78.03   76.52   65.37   76.52   76.52   76.52   76.52   76.43   79.55   81.82   81.82   81.82   81.82   98.11  100.00  100.00  100.00  100.00  100.00  100.00  100.00  100.00  100.00  100.00  100.00  100.00  100.00  100.00  100.00  100.00  100.00  100.00  100.00  100.00  100.00   86.36   86.36   87.12   76.89   76.14   80.68   76.61   79.17   78.09   77.65   76.52   75.38   77.65   74.62   73.48   73.48   73.48   77.27   71.21   79.17   71.97   72.73   72.62   73.48   71.97   78.26   73.86   76.00   73.86   72.65   75.00   72.73   72.20   82.05   42.11   71.21   77.65   74.32   74.32   72.35   72.35   73.11   72.73   33.33   72.73
    41: tr|A0A075E6S9|A0A075E6S9_9FIRM   56.03   56.03   62.11   62.11   57.20   57.20   58.37   57.20   56.42   56.42   58.75   57.20   57.20   57.98   73.11   74.62   75.38   73.48   68.87   75.38   78.03   78.03   76.52   65.37   76.52   76.52   76.52   76.52   76.43   79.55   81.82   81.82   81.82   81.82   98.11  100.00  100.00  100.00  100.00  100.00  100.00  100.00  100.00  100.00  100.00  100.00  100.00  100.00  100.00  100.00  100.00  100.00  100.00  100.00  100.00  100.00   86.36   86.36   87.12   76.89   76.14   80.68   76.61   79.17   78.09   77.65   76.52   75.38   77.65   74.62   73.48   73.48   73.48   77.27   71.21   79.17   71.97   72.73   72.62   73.48   71.97   78.26   73.86   76.00   73.86   72.65   75.00   72.73   72.20   82.05   42.11   71.21   77.65   74.32   74.32   72.35   72.35   73.11   72.73   33.33   72.73
    42: tr|A0A075E6T4|A0A075E6T4_9FIRM   56.03   56.03   62.11   62.11   57.20   57.20   58.37   57.20   56.42   56.42   58.75   57.20   57.20   57.98   73.11   74.62   75.38   73.48   68.87   75.38   78.03   78.03   76.52   65.37   76.52   76.52   76.52   76.52   76.43   79.55   81.82   81.82   81.82   81.82   98.11  100.00  100.00  100.00  100.00  100.00  100.00  100.00  100.00  100.00  100.00  100.00  100.00  100.00  100.00  100.00  100.00  100.00  100.00  100.00  100.00  100.00   86.36   86.36   87.12   76.89   76.14   80.68   76.61   79.17   78.09   77.65   76.52   75.38   77.65   74.62   73.48   73.48   73.48   77.27   71.21   79.17   71.97   72.73   72.62   73.48   71.97   78.26   73.86   76.00   73.86   72.65   75.00   72.73   72.20   82.05   42.11   71.21   77.65   74.32   74.32   72.35   72.35   73.11   72.73   33.33   72.73
    43: tr|A0A075E705|A0A075E705_9FIRM   56.03   56.03   62.11   62.11   57.20   57.20   58.37   57.20   56.42   56.42   58.75   57.20   57.20   57.98   73.11   74.62   75.38   73.48   68.87   75.38   78.03   78.03   76.52   65.37   76.52   76.52   76.52   76.52   76.43   79.55   81.82   81.82   81.82   81.82   98.11  100.00  100.00  100.00  100.00  100.00  100.00  100.00  100.00  100.00  100.00  100.00  100.00  100.00  100.00  100.00  100.00  100.00  100.00  100.00  100.00  100.00   86.36   86.36   87.12   76.89   76.14   80.68   76.61   79.17   78.09   77.65   76.52   75.38   77.65   74.62   73.48   73.48   73.48   77.27   71.21   79.17   71.97   72.73   72.62   73.48   71.97   78.26   73.86   76.00   73.86   72.65   75.00   72.73   72.20   82.05   42.11   71.21   77.65   74.32   74.32   72.35   72.35   73.11   72.73   33.33   72.73
    44: tr|A0A075E706|A0A075E706_9FIRM   56.03   56.03   62.11   62.11   57.20   57.20   58.37   57.20   56.42   56.42   58.75   57.20   57.20   57.98   73.11   74.62   75.38   73.48   68.87   75.38   78.03   78.03   76.52   65.37   76.52   76.52   76.52   76.52   76.43   79.55   81.82   81.82   81.82   81.82   98.11  100.00  100.00  100.00  100.00  100.00  100.00  100.00  100.00  100.00  100.00  100.00  100.00  100.00  100.00  100.00  100.00  100.00  100.00  100.00  100.00  100.00   86.36   86.36   87.12   76.89   76.14   80.68   76.61   79.17   78.09   77.65   76.52   75.38   77.65   74.62   73.48   73.48   73.48   77.27   71.21   79.17   71.97   72.73   72.62   73.48   71.97   78.26   73.86   76.00   73.86   72.65   75.00   72.73   72.20   82.05   42.11   71.21   77.65   74.32   74.32   72.35   72.35   73.11   72.73   33.33   72.73
    45: tr|A0A075E707|A0A075E707_9FIRM   56.03   56.03   62.11   62.11   57.20   57.20   58.37   57.20   56.42   56.42   58.75   57.20   57.20   57.98   73.11   74.62   75.38   73.48   68.87   75.38   78.03   78.03   76.52   65.37   76.52   76.52   76.52   76.52   76.43   79.55   81.82   81.82   81.82   81.82   98.11  100.00  100.00  100.00  100.00  100.00  100.00  100.00  100.00  100.00  100.00  100.00  100.00  100.00  100.00  100.00  100.00  100.00  100.00  100.00  100.00  100.00   86.36   86.36   87.12   76.89   76.14   80.68   76.61   79.17   78.09   77.65   76.52   75.38   77.65   74.62   73.48   73.48   73.48   77.27   71.21   79.17   71.97   72.73   72.62   73.48   71.97   78.26   73.86   76.00   73.86   72.65   75.00   72.73   72.20   82.05   42.11   71.21   77.65   74.32   74.32   72.35   72.35   73.11   72.73   33.33   72.73
    46: tr|A0A075E708|A0A075E708_9FIRM   56.03   56.03   62.11   62.11   57.20   57.20   58.37   57.20   56.42   56.42   58.75   57.20   57.20   57.98   73.11   74.62   75.38   73.48   68.87   75.38   78.03   78.03   76.52   65.37   76.52   76.52   76.52   76.52   76.43   79.55   81.82   81.82   81.82   81.82   98.11  100.00  100.00  100.00  100.00  100.00  100.00  100.00  100.00  100.00  100.00  100.00  100.00  100.00  100.00  100.00  100.00  100.00  100.00  100.00  100.00  100.00   86.36   86.36   87.12   76.89   76.14   80.68   76.61   79.17   78.09   77.65   76.52   75.38   77.65   74.62   73.48   73.48   73.48   77.27   71.21   79.17   71.97   72.73   72.62   73.48   71.97   78.26   73.86   76.00   73.86   72.65   75.00   72.73   72.20   82.05   42.11   71.21   77.65   74.32   74.32   72.35   72.35   73.11   72.73   33.33   72.73
    47: tr|A0A075E777|A0A075E777_9FIRM   56.03   56.03   62.11   62.11   57.20   57.20   58.37   57.20   56.42   56.42   58.75   57.20   57.20   57.98   73.11   74.62   75.38   73.48   68.87   75.38   78.03   78.03   76.52   65.37   76.52   76.52   76.52   76.52   76.43   79.55   81.82   81.82   81.82   81.82   98.11  100.00  100.00  100.00  100.00  100.00  100.00  100.00  100.00  100.00  100.00  100.00  100.00  100.00  100.00  100.00  100.00  100.00  100.00  100.00  100.00  100.00   86.36   86.36   87.12   76.89   76.14   80.68   76.61   79.17   78.09   77.65   76.52   75.38   77.65   74.62   73.48   73.48   73.48   77.27   71.21   79.17   71.97   72.73   72.62   73.48   71.97   78.26   73.86   76.00   73.86   72.65   75.00   72.73   72.20   82.05   42.11   71.21   77.65   74.32   74.32   72.35   72.35   73.11   72.73   33.33   72.73
