#
#
#  Percent Identity  Matrix - created by Clustal2.1 
#
#

     1: WP_005183349|Gordonia_amarae|Non  100.00   61.16   65.29   55.92   60.00   57.52   57.36   58.59   57.40   60.90   60.12   58.75   60.06   58.70   59.40   61.33   64.18   62.50   58.10   60.48   61.38   55.92   58.91   59.88   59.35   44.95   44.95   47.45   46.25   49.53   45.12   44.82   44.82   45.12   38.82   42.51   43.16
     2: WP_018158781|Smaragdicoccus_niig   61.16  100.00   57.98   58.90   62.27   62.88   61.04   58.02   66.87   63.50   65.64   64.72   67.48   67.48   68.10   65.34   68.10   65.95   58.82   61.04   61.96   61.35   62.58   65.54   65.64   40.19   40.81   44.92   42.15   42.59   42.37   42.68   42.99   43.30   37.50   40.81   39.25
     3: WP_019047307|Nocardia_asteroides   65.29   57.98  100.00   58.63   64.26   61.24   62.24   60.43   62.13   67.57   63.20   63.88   65.56   65.68   64.86   68.69   66.37   65.17   61.04   65.36   65.96   60.48   64.13   61.59   62.28   48.62   47.71   47.60   44.61   46.06   45.73   45.12   44.21   45.73   42.86   45.87   46.06
     4: YP_008022997|Mycobacterium_absce   55.92   58.90   58.63  100.00   67.86   68.73   70.36   69.72   60.53   64.18   62.72   63.50   62.46   63.31   63.28   67.67   67.46   66.27   67.89   73.05   72.75   67.95   71.39   73.33   70.92   43.43   42.81   46.08   44.28   46.06   45.43   44.51   42.99   44.21   41.30   45.57   45.43
     5: WP_009680777|Gordonia_neofelifae   60.00   62.27   64.26   67.86  100.00   86.90   68.86   68.50   69.46   69.55   66.87   66.87   66.97   69.55   67.76   67.67   71.94   70.15   67.89   74.25   73.65   63.39   68.67   70.91   72.62   45.85   45.85   48.02   48.02   47.32   43.69   44.31   44.62   45.54   43.48   46.46   46.46
     6: WP_005203099|Gordonia_sputi|Non    57.52   62.88   61.24   68.73   86.90  100.00   69.16   66.97   66.37   68.96   66.37   67.95   65.77   67.65   67.16   67.37   71.04   70.75   66.97   73.35   72.75   62.61   69.28   69.70   70.62   44.95   44.65   46.41   45.81   48.26   44.82   45.43   46.34   46.95   44.10   46.48   46.06
     7: WP_005141507|Mycobacterium_rhode   57.36   61.04   62.24   70.36   68.86   69.16  100.00   81.35   65.06   68.17   66.67   67.27   68.17   67.27   68.47   67.98   69.37   69.37   70.03   71.77   72.07   67.07   74.10   72.12   73.05   44.27   43.03   45.26   44.34   46.37   45.82   46.13   45.51   46.75   42.55   45.51   44.89
     8: YP_951436|Mycobacterium_vanbaale   58.59   58.02   60.43   69.72   68.50   66.97   81.35  100.00   63.19   67.79   66.26   65.95   66.87   66.56   65.64   66.67   66.87   66.56   66.98   70.55   71.47   65.75   71.08   69.75   70.95   45.51   43.65   44.48   44.79   46.20   45.82   45.51   44.89   46.13   40.68   44.89   44.58
     9: WP_018657936|Actinomadura_flaval   57.40   66.87   62.13   60.53   69.46   66.37   65.06   63.19  100.00   74.85   78.11   79.17   77.71   77.29   78.44   71.52   70.66   72.46   66.97   68.17   68.77   67.16   66.67   68.69   69.55   44.95   43.43   46.71   44.91   46.69   39.94   40.24   41.16   41.46   40.99   43.43   42.42
    10: WP_018104858|Streptomyces_sp_LaP   60.90   63.50   67.57   64.18   69.55   68.96   68.17   67.79   74.85  100.00   79.40   82.69   82.58   82.99   80.30   70.09   71.64   72.54   66.97   68.86   68.56   64.78   67.67   68.09   67.76   46.77   45.85   47.11   45.59   47.63   45.54   45.23   44.62   45.23   40.68   45.85   45.54
    11: WP_018549626|Streptomyces_sp_LaP   60.12   65.64   63.20   62.72   66.87   66.37   66.67   66.26   78.11   79.40  100.00   86.35   83.48   80.83   83.28   71.30   71.94   72.62   66.67   70.66   69.16   64.06   66.16   68.09   68.84   45.87   43.43   45.35   44.74   47.00   41.16   42.07   41.77   42.99   39.13   41.28   41.95
    12: WP_018844277|Streptomyces_sp_CNS   58.75   64.72   63.88   63.50   66.87   67.95   67.27   65.95   79.17   82.69   86.35  100.00   80.48   81.90   83.58   71.30   71.94   73.13   66.97   69.76   68.86   66.07   67.37   67.78   70.24   46.18   43.12   45.02   43.81   45.74   42.81   41.90   41.90   42.81   38.82   42.81   43.12
    13: YP_007526720|Streptomyces_davawe   60.06   67.48   65.56   62.46   66.97   65.77   68.17   66.87   77.71   82.58   83.48   80.48  100.00   82.58   84.68   74.32   72.37   72.07   66.97   67.87   68.17   65.47   65.26   67.48   68.47   46.44   45.20   45.87   44.65   46.37   45.20   45.51   43.96   45.51   41.30   43.65   44.27
    14: WP_009296214|Streptomyces_ipomoe   58.70   67.48   65.68   63.31   69.55   67.65   67.27   66.56   77.29   82.99   80.83   81.90   82.58  100.00   85.67   73.11   73.13   74.63   66.67   70.36   70.06   67.86   67.67   69.60   71.13   43.43   41.59   45.54   44.35   45.43   43.29   43.29   42.99   43.60   40.37   44.04   42.77
    15: WP_019071155|Streptomyces_sp_R1-   59.40   68.10   64.86   63.28   67.76   67.16   68.47   65.64   78.44   80.30   83.28   83.58   84.68   85.67  100.00   74.02   73.13   72.54   68.20   68.56   68.56   66.27   67.67   68.39   70.45   45.54   43.69   46.50   45.59   45.74   43.38   43.38   43.08   43.69   40.06   44.00   43.69
    16: WP_003091527|Amycolatopsis_vanco   61.33   65.34   68.69   67.67   67.67   67.37   67.98   66.67   71.52   70.09   71.30   71.30   74.32   73.11   74.02  100.00   74.62   73.11   71.87   69.49   70.09   67.98   71.00   71.73   71.90   48.60   48.60   49.54   46.46   46.37   43.93   43.61   43.30   43.93   42.50   43.93   46.11
    17: WP_006932186|Rhodococcus_sp_EsD8   64.18   68.10   66.37   67.46   71.94   71.04   69.37   66.87   70.66   71.64   71.94   71.94   72.37   73.13   73.13   74.62  100.00   82.09   68.50   70.66   72.16   66.87   71.90   74.77   74.03   49.23   48.31   47.72   46.20   47.00   45.85   45.54   44.62   45.85   39.44   44.00   44.00
    18: WP_003934413|Rhodococcus_ruber|N   62.50   65.95   65.17   66.27   70.15   70.75   69.37   66.56   72.46   72.54   72.62   73.13   72.07   74.63   72.54   73.11   82.09  100.00   71.25   72.16   72.46   69.64   71.30   72.64   73.81   47.08   46.15   47.72   45.90   47.63   43.08   43.38   42.46   43.08   41.30   44.00   44.62
    19: WP_020102311|Mycobacterium_sp_36   58.10   58.82   61.04   67.89   67.89   66.97   70.03   66.98   66.97   66.97   66.67   66.97   66.97   66.67   68.20   71.87   68.50   71.25  100.00   75.84   75.23   69.11   71.25   71.78   74.01   45.60   44.34   45.96   44.41   45.86   42.77   43.40   42.77   43.40   43.22   44.97   44.65
    20: WP_019970114|Mycobacterium_sp_14   60.48   61.04   65.36   73.05   74.25   73.35   71.77   70.55   68.17   68.86   70.66   69.76   67.87   70.36   68.56   69.49   70.66   72.16   75.84  100.00   93.71   69.76   76.74   75.68   76.35   46.60   44.14   46.04   45.12   47.00   46.60   46.30   45.99   46.30   43.79   46.91   46.91
    21: WP_018599566|Mycobacterium_sp_15   61.38   61.96   65.96   72.75   73.65   72.75   72.07   71.47   68.77   68.56   69.16   68.86   68.17   70.06   68.56   70.09   72.16   72.46   75.23   93.71  100.00   69.16   76.74   75.68   77.54   46.91   44.44   45.73   46.34   47.00   45.68   45.68   45.37   45.68   45.34   46.91   47.84
    22: YP_001849807|Mycobacterium_marin   55.92   61.35   60.48   67.95   63.39   62.61   67.07   65.75   67.16   64.78   64.06   66.07   65.47   67.86   66.27   67.98   66.87   69.64   69.11   69.76   69.16  100.00   73.49   73.03   78.70   44.17   42.64   44.85   43.64   43.53   41.72   41.41   40.49   41.10   40.06   42.64   44.79
    23: YP_881708|Mycobacterium_avium_10   58.91   62.58   64.13   71.39   68.67   69.28   74.10   71.08   66.67   67.67   66.16   67.37   65.26   67.67   67.67   71.00   71.90   71.30   71.25   76.74   76.74   73.49  100.00   79.39   79.22   46.42   45.48   47.08   44.62   44.79   45.17   44.24   44.24   44.86   42.19   45.79   45.79
    24: YP_004522387|Mycobacterium_sp_JD   59.88   65.54   61.59   73.33   70.91   69.70   72.12   69.75   68.69   68.09   68.09   67.78   67.48   69.60   68.39   71.73   74.77   72.64   71.78   75.68   75.68   73.03   79.39  100.00   79.70   45.31   43.75   48.77   45.06   45.74   43.75   43.75   43.12   44.38   41.38   43.75   44.38
    25: ZP_04747261|Mycobacterium_kansas   59.35   65.64   62.28   70.92   72.62   70.62   73.05   70.95   69.55   67.76   68.84   70.24   68.47   71.13   70.45   71.90   74.03   73.81   74.01   76.35   77.54   78.70   79.22   79.70  100.00   44.79   43.87   46.67   44.24   46.06   44.17   43.87   43.87   43.87   41.61   43.87   43.87
    26: WP_010569154|Leptospira_broomii|   44.95   40.19   48.62   43.43   45.85   44.95   44.27   45.51   44.95   46.77   45.87   46.18   46.44   43.43   45.54   48.60   49.23   47.08   45.60   46.60   46.91   44.17   46.42   45.31   44.79  100.00   79.20   47.09   48.32   49.52   51.99   50.76   51.99   51.99   44.10   45.87   45.87
    27: WP_016549749|Leptospira_fainei|N   44.95   40.81   47.71   42.81   45.85   44.65   43.03   43.65   43.43   45.85   43.43   43.12   45.20   41.59   43.69   48.60   48.31   46.15   44.34   44.14   44.44   42.64   45.48   43.75   43.87   79.20  100.00   45.87   47.40   47.92   50.15   49.24   50.46   49.85   44.41   46.79   45.57
    28: YP_001859709|Burkholderia_phymat   47.45   44.92   47.60   46.08   48.02   46.41   45.26   44.48   46.71   47.11   45.35   45.02   45.87   45.54   46.50   49.54   47.72   47.72   45.96   46.04   45.73   44.85   47.08   48.77   46.67   47.09   45.87  100.00   79.76   82.33   50.61   49.39   50.30   50.30   45.03   48.32   47.89
    29: ZP_02463429|Burkholderia_thailan   46.25   42.15   44.61   44.28   48.02   45.81   44.34   44.79   44.91   45.59   44.74   43.81   44.65   44.35   45.59   46.46   46.20   45.90   44.41   45.12   46.34   43.64   44.62   45.06   44.24   48.32   47.40   79.76  100.00   83.60   51.52   50.30   51.22   51.52   45.34   49.24   48.19
    30: WP_018440917|Burkholderia_sp_JPY   49.53   42.59   46.06   46.06   47.32   48.26   46.37   46.20   46.69   47.63   47.00   45.74   46.37   45.43   45.74   46.37   47.00   47.63   45.86   47.00   47.00   43.53   44.79   45.74   46.06   49.52   47.92   82.33   83.60  100.00   53.04   51.44   52.72   52.40   45.51   50.16   50.16
    31: WP_004653446|Acinetobacter_sp_NI   45.12   42.37   45.73   45.43   43.69   44.82   45.82   45.82   39.94   45.54   41.16   42.81   45.20   43.29   43.38   43.93   45.85   43.08   42.77   46.60   45.68   41.72   45.17   43.75   44.17   51.99   50.15   50.61   51.52   53.04  100.00   90.72   90.12   88.92   48.45   54.38   56.02
    32: WP_004807114|Acinetobacter_sp_CI   44.82   42.68   45.12   44.51   44.31   45.43   46.13   45.51   40.24   45.23   42.07   41.90   45.51   43.29   43.38   43.61   45.54   43.38   43.40   46.30   45.68   41.41   44.24   43.75   43.87   50.76   49.24   49.39   50.30   51.44   90.72  100.00   90.72   94.91   47.83   53.47   54.82
    33: WP_005203575|Acinetobacter_sp_CI   44.82   42.99   44.21   42.99   44.62   46.34   45.51   44.89   41.16   44.62   41.77   41.90   43.96   42.99   43.08   43.30   44.62   42.46   42.77   45.99   45.37   40.49   44.24   43.12   43.87   51.99   50.46   50.30   51.22   52.72   90.12   90.72  100.00   94.91   48.76   55.29   55.42
    34: WP_005313978|Acinetobacter_sp_AN   45.12   43.30   45.73   44.21   45.54   46.95   46.75   46.13   41.46   45.23   42.99   42.81   45.51   43.60   43.69   43.93   45.85   43.08   43.40   46.30   45.68   41.10   44.86   44.38   43.87   51.99   49.85   50.30   51.52   52.40   88.92   94.91   94.91  100.00   49.07   54.68   55.42
    35: AAQ10528|Pseudomonas_putida_ORC|   38.82   37.50   42.86   41.30   43.48   44.10   42.55   40.68   40.99   40.68   39.13   38.82   41.30   40.37   40.06   42.50   39.44   41.30   43.22   43.79   45.34   40.06   42.19   41.38   41.61   44.10   44.41   45.03   45.34   45.51   48.45   47.83   48.76   49.07  100.00   68.01   66.46
    36: WP_007925369|Pseudomonas_sp_GM17   42.51   40.81   45.87   45.57   46.46   46.48   45.51   44.89   43.43   45.85   41.28   42.81   43.65   44.04   44.00   43.93   44.00   44.00   44.97   46.91   46.91   42.64   45.79   43.75   43.87   45.87   46.79   48.32   49.24   50.16   54.38   53.47   55.29   54.68   68.01  100.00   83.69
    37: WP_007955382|Pseudomonas_sp_GM25   43.16   39.25   46.06   45.43   46.46   46.06   44.89   44.58   42.42   45.54   41.95   43.12   44.27   42.77   43.69   46.11   44.00   44.62   44.65   46.91   47.84   44.79   45.79   44.38   43.87   45.87   45.57   47.89   48.19   50.16   56.02   54.82   55.42   55.42   66.46   83.69  100.00
