#
#
#  Percent Identity  Matrix - created by Clustal2.1 
#
#

     1: WP_003923546|Mycobacterium_therm  100.00   59.35   59.10   58.35   56.22   58.17   57.57   58.46   61.19   61.44   58.71   59.20   61.19   60.95   61.44   61.44   60.45   61.69   62.13   60.55   60.55   60.55   60.05   60.20   58.71   57.71
     2: YP_559896|Burkholderia_xenovoran   59.35  100.00   99.76   64.94   63.37   66.19   66.83   67.15   71.36   75.24   67.63   68.11   67.63   67.63   68.59   68.59   68.11   68.11   68.72   68.50   68.02   68.02   66.59   68.52   69.32   68.60
     3: YP_001630148|Bordetella_petrii_D   59.10   99.76  100.00   64.69   63.13   65.95   66.59   66.91   71.12   75.00   67.39   67.87   67.39   67.39   68.35   68.35   67.87   67.87   68.46   68.26   67.78   67.78   66.35   68.28   69.08   68.36
     4: YP_003545968|Sphingobium_japonic   58.35   64.94   64.69  100.00   77.54   71.08   71.67   76.57   72.17   72.17   73.53   73.77   75.25   73.91   75.00   75.00   74.51   76.17   76.38   75.00   74.26   74.02   73.53   74.26   74.40   72.71
     5: YP_717961|Sphingomonas_sp_KA1|No   56.22   63.37   63.13   77.54  100.00   69.54   72.79   74.76   71.39   71.88   73.86   73.86   76.50   75.65   75.30   75.30   75.30   76.74   77.18   75.30   74.82   74.82   74.58   73.12   74.35   73.16
     6: WP_006296221|Hylemonella_gracili   58.17   66.19   65.95   71.08   69.54  100.00   70.15   71.39   74.11   74.18   75.89   75.89   75.65   75.65   76.12   76.12   75.89   77.25   76.01   75.76   75.76   75.76   74.35   74.58   75.24   74.52
     7: YP_004931606|Pseudoxanthomonas_s   57.57   66.83   66.59   71.67   72.79   70.15  100.00   78.76   73.72   73.48   75.67   75.67   75.43   74.58   76.16   76.16   75.91   76.16   75.52   75.49   74.27   74.27   74.51   72.99   73.62   72.66
     8: YP_003450746|Azospirillum_sp_B51   58.46   67.15   66.91   76.57   74.76   71.39   78.76  100.00   74.10   73.63   75.77   76.01   75.06   74.47   74.82   74.82   74.82   76.67   76.14   74.94   74.94   74.94   74.70   74.76   75.06   76.00
     9: WP_019577442|Curvibacter_lanceol   61.19   71.36   71.12   72.17   71.39   74.11   73.72   74.10  100.00   83.85   76.74   77.22   76.02   76.02   76.98   76.98   75.54   75.54   75.38   76.61   77.80   77.80   76.37   76.14   76.09   77.05
    10: WP_007857446|Acidovorax_sp_CF316   61.44   75.24   75.00   72.17   71.88   74.18   73.48   73.63   83.85  100.00   76.25   76.72   77.67   77.20   77.20   77.20   77.43   77.43   77.16   77.78   77.30   77.30   76.36   74.46   74.40   75.12
    11: YP_556337|Burkholderia_xenovoran   58.71   67.63   67.39   73.53   73.86   75.89   75.67   75.77   76.74   76.25  100.00   96.69   86.29   86.29   86.05   86.05   86.29   87.91   86.87   86.52   87.94   87.71   86.29   78.71   77.86   76.67
    12: YP_554197|Burkholderia_xenovoran   59.20   68.11   67.87   73.77   73.86   75.89   75.67   76.01   77.22   76.72   96.69  100.00   86.05   86.29   85.82   85.82   86.05   87.68   86.62   86.76   88.42   88.18   86.76   80.14   78.57   77.62
    13: YP_624442|Burkholderia_cenocepac   61.19   67.63   67.39   75.25   76.50   75.65   75.43   75.06   76.02   77.67   86.29   86.05  100.00   98.82   97.87   97.87   97.16   96.68   96.46   90.78   89.60   89.60   89.60   78.47   77.86   78.10
    14: YP_777383|Burkholderia_ambifaria   60.95   67.63   67.39   73.91   75.65   75.65   74.58   74.47   76.02   77.20   86.29   86.29   98.82  100.00   97.87   97.87   96.93   96.68   95.96   90.78   90.07   90.07   90.07   78.95   76.76   77.00
    15: YP_001116607|Burkholderia_vietna   61.44   68.59   68.35   75.00   75.30   76.12   76.16   74.82   76.98   77.20   86.05   85.82   97.87   97.87  100.00  100.00   96.69   95.97   96.21   90.78   89.60   89.60   89.13   78.95   78.10   78.33
    16: AAO83639|Burkholderia_cepacia_DB   61.44   68.59   68.35   75.00   75.30   76.12   76.16   74.82   76.98   77.20   86.05   85.82   97.87   97.87  100.00  100.00   96.69   95.97   96.21   90.78   89.60   89.60   89.13   78.95   78.10   78.33
    17: ZP_04948433|Burkholderia_dolosa_   60.45   68.11   67.87   74.51   75.30   75.89   75.91   74.82   75.54   77.43   86.29   86.05   97.16   96.93   96.69   96.69  100.00   97.16   96.46   89.83   89.13   89.13   88.18   78.71   78.57   78.57
    18: YP_001947965|Burkholderia_multiv   61.69   68.11   67.87   76.17   76.74   77.25   76.16   76.67   75.54   77.43   87.91   87.68   96.68   96.68   95.97   95.97   97.16  100.00   97.22   90.76   89.81   89.81   89.34   80.10   78.52   78.76
    19: ZP_02376186|Burkholderia_ubonens   62.13   68.72   68.46   76.38   77.18   76.01   75.52   76.14   75.38   77.16   86.87   86.62   96.46   95.96   96.21   96.21   96.46   97.22  100.00   90.91   89.90   89.90   89.14   78.77   77.61   77.86
    20: ZP_02359577|Burkholderia_oklahom   60.55   68.50   68.26   75.00   75.30   75.76   75.49   74.94   76.61   77.78   86.52   86.76   90.78   90.78   90.78   90.78   89.83   90.76   90.91  100.00   95.06   95.29   93.65   79.90   79.05   79.52
    21: ZP_02408032|Burkholderia_pseudom   60.55   68.02   67.78   74.26   74.82   75.76   74.27   74.94   77.80   77.30   87.94   88.42   89.60   90.07   89.60   89.60   89.13   89.81   89.90   95.06  100.00   99.53   95.29   79.90   77.86   78.33
    22: YP_105030|Burkholderia_mallei_AT   60.55   68.02   67.78   74.02   74.82   75.76   74.27   74.94   77.80   77.30   87.71   88.18   89.60   90.07   89.60   89.60   89.13   89.81   89.90   95.29   99.53  100.00   95.29   79.67   77.86   78.33
    23: ZP_02467236|Burkholderia_thailan   60.05   66.59   66.35   73.53   74.58   74.35   74.51   74.70   76.37   76.36   86.29   86.76   89.60   90.07   89.13   89.13   88.18   89.34   89.14   93.65   95.29   95.29  100.00   78.47   76.90   77.62
    24: WP_019924214|Duganella_zoogloeoi   60.20   68.52   68.28   74.26   73.12   74.58   72.99   74.76   76.14   74.46   78.71   80.14   78.47   78.95   78.95   78.95   78.71   80.10   78.77   79.90   79.90   79.67   78.47  100.00   86.54   85.61
    25: WP_007884756|Herbaspirillum_sp_C   58.71   69.32   69.08   74.40   74.35   75.24   73.62   75.06   76.09   74.40   77.86   78.57   77.86   76.76   78.10   78.10   78.57   78.52   77.61   79.05   77.86   77.86   76.90   86.54  100.00   91.76
    26: YP_003777050|Herbaspirillum_sero   57.71   68.60   68.36   72.71   73.16   74.52   72.66   76.00   77.05   75.12   76.67   77.62   78.10   77.00   78.33   78.33   78.57   78.76   77.86   79.52   78.33   78.33   77.62   85.61   91.76  100.00
