#
#
#  Percent Identity  Matrix - created by Clustal2.1 
#
#

     1: YP_007910113|Bacillus_sp_1NLA3E|  100.00   86.51   67.43   68.09   67.66   71.29   51.16   54.97   45.39   46.38   44.41   48.18   42.05   45.79   48.01   46.36   44.04   44.04
     2: WP_004432417|Bacillus_azotoforma   86.51  100.00   69.41   69.74   64.69   69.97   51.49   55.63   46.38   45.72   46.05   48.51   40.73   44.78   46.03   46.69   42.05   43.05
     3: ZP_05371839|Geobacillus_sp_Y4MC1   67.43   69.41  100.00   93.09   68.98   73.27   51.49   56.29   44.08   43.42   42.76   48.51   41.72   42.42   47.02   47.02   44.04   44.37
     4: AAF66550|Geobacillus_thermogluco   68.09   69.74   93.09  100.00   71.95   74.26   52.81   56.62   44.74   43.42   43.09   50.17   43.05   44.44   47.35   48.01   43.71   44.37
     5: EPZ41034|Alicyclobacillus_acidot   67.66   64.69   68.98   71.95  100.00   77.63   50.83   55.96   44.88   42.90   43.89   49.67   46.36   45.45   48.34   48.01   46.03   46.69
     6: AAZ76884|Geobacillus_stearotherm   71.29   69.97   73.27   74.26   77.63  100.00   55.45   59.27   45.87   43.56   44.88   53.31   44.70   44.11   50.33   48.01   46.36   45.03
     7: WP_004432276|Bacillus_azotoforma   51.16   51.49   51.49   52.81   50.83   55.45  100.00   59.93   47.37   49.67   47.37   51.16   43.23   43.29   47.85   50.99   43.38   43.38
     8: YP_003588840|Kyrpidia_tusciae_DS   54.97   55.63   56.29   56.62   55.96   59.27   59.93  100.00   50.00   50.00   50.33   54.82   48.17   50.68   49.50   51.50   46.18   46.18
     9: WP_005581729|Clostridium_ultunen   45.39   46.38   44.08   44.74   44.88   45.87   47.37   50.00  100.00   86.69   89.61   56.25   48.51   47.99   48.18   50.99   47.68   46.69
    10: YP_003589903|Bacillus_tusciae_DS   46.38   45.72   43.42   43.42   42.90   43.56   49.67   50.00   86.69  100.00   89.94   55.92   47.52   47.99   47.19   50.33   46.36   46.03
    11: AAC38323|Geobacillus_thermoleovo   44.41   46.05   42.76   43.09   43.89   44.88   47.37   50.33   89.61   89.94  100.00   56.91   47.85   46.64   46.53   49.67   47.35   46.69
    12: YP_004718574|Sulfobacillus_acido   48.18   48.51   48.51   50.17   49.67   53.31   51.16   54.82   56.25   55.92   56.91  100.00   52.81   53.36   55.12   58.94   53.97   51.99
    13: YP_004098351|Intrasporangium_cal   42.05   40.73   41.72   43.05   46.36   44.70   43.23   48.17   48.51   47.52   47.85   52.81  100.00   62.88   53.14   56.58   51.82   50.50
    14: WP_018741333|Salinispora_pacific   45.79   44.78   42.42   44.44   45.45   44.11   43.29   50.68   47.99   47.99   46.64   53.36   62.88  100.00   61.41   64.43   54.21   52.86
    15: WP_019735484|Mycobacterium_avium   48.01   46.03   47.02   47.35   48.34   50.33   47.85   49.50   48.18   47.19   46.53   55.12   53.14   61.41  100.00   66.23   63.58   63.58
    16: YP_003298164|Thermomonospora_cur   46.36   46.69   47.02   48.01   48.01   48.01   50.99   51.50   50.99   50.33   49.67   58.94   56.58   64.43   66.23  100.00   66.01   64.36
    17: YP_707284|Rhodococcus_jostii_RHA   44.04   42.05   44.04   43.71   46.03   46.36   43.38   46.18   47.68   46.36   47.35   53.97   51.82   54.21   63.58   66.01  100.00   86.51
    18: WP_003934729|Rhodococcus_ruber|N   44.04   43.05   44.37   44.37   46.69   45.03   43.38   46.18   46.69   46.03   46.69   51.99   50.50   52.86   63.58   64.36   86.51  100.00
