#
#
#  Percent Identity  Matrix - created by Clustal2.1 
#
#

     1: YP_001264666|Sphingomonas_wittic  100.00   54.18   53.19   51.66   51.66   58.35   58.45   57.98   57.75   57.75   58.45   57.98   61.03   59.86   53.88   55.06   60.10   57.42   57.72   57.78   55.90   52.01   50.00   50.12   54.68   52.59   50.94   51.89   51.89   51.66   52.64   53.30   54.39   54.59   54.14   54.12   54.12   55.32   55.56   55.08   55.08   55.08   55.56   55.56   54.85   56.03   56.26   53.66   56.29
     2: ZP_05483623|Streptomyces_sp_AA4|   54.18  100.00   83.37   67.22   69.14   62.92   61.67   61.19   61.19   61.19   61.43   62.14   61.43   61.43   65.24   65.00   70.07   70.77   70.02   69.05   70.24   55.40   56.59   54.70   56.46   57.52   57.52   56.56   54.55   54.07   56.87   57.66   58.07   58.13   57.89   55.26   56.94   55.74   56.22   55.98   58.03   59.23   58.99   58.37   58.03   57.89   59.57   56.35   57.35
     3: YP_119056|Nocardia_farcinica_IFM   53.19   83.37  100.00   67.29   68.24   60.28   59.91   59.67   59.67   59.43   58.96   58.96   59.91   58.02   62.74   61.56   68.17   68.10   66.90   67.22   66.75   54.98   55.45   53.57   55.88   55.90   56.37   54.72   52.72   54.59   56.59   56.03   57.82   56.16   56.64   54.14   56.03   54.14   55.08   55.79   59.24   58.77   59.24   57.45   58.29   58.63   59.81   56.64   57.01
     4: ZP_06836636|Corynebacterium_ammo   51.66   67.22   67.29  100.00   84.00   58.29   57.68   56.97   57.21   56.74   57.21   57.45   57.68   56.97   63.59   61.23   70.71   67.38   66.67   65.72   66.19   51.54   52.97   52.51   52.40   51.30   51.06   52.01   51.90   50.71   52.52   52.13   54.27   54.16   54.16   53.55   53.55   55.45   55.45   54.03   55.34   55.11   55.34   54.74   55.34   55.45   55.69   52.49   54.52
     5: YP_001139202|Corynebacterium_glu   51.66   69.14   68.24   84.00  100.00   58.53   58.87   59.57   59.10   58.63   58.87   59.34   59.81   59.10   62.65   60.05   70.95   66.19   65.96   64.54   65.01   53.21   52.49   51.79   54.81   52.01   53.43   54.61   54.50   50.95   54.20   54.03   55.92   57.72   58.91   55.69   57.35   56.87   57.58   56.16   55.82   57.24   57.72   56.64   56.77   56.64   57.11   55.58   57.14
     6: YP_002907828|Burkholderia_glumae   58.35   62.92   60.28   58.29   58.53  100.00   86.59   84.94   85.18   85.18   88.24   88.00   86.12   85.65   69.10   67.69   65.00   65.07   66.27   65.72   64.30   54.03   51.54   53.57   58.03   57.21   55.32   53.66   54.14   54.27   54.09   55.79   55.11   56.87   57.58   55.21   55.45   56.64   57.58   56.87   58.06   55.92   58.53   56.87   57.11   58.53   58.53   55.45   57.01
     7: ZP_02360825|Burkholderia_oklahom   58.45   61.67   59.91   57.68   58.87   86.59  100.00   89.93   88.52   89.93   88.76   88.06   85.95   84.31   66.35   64.71   64.69   64.92   64.45   65.18   63.53   54.85   51.54   54.39   59.09   57.65   55.29   55.06   54.01   55.92   55.29   54.25   54.87   56.60   55.66   55.66   55.90   56.74   57.68   55.90   57.45   56.74   58.39   57.08   57.92   57.55   58.25   54.61   56.53
     8: YP_001810208|Burkholderia_ambifa   57.98   61.19   59.67   56.97   59.57   84.94   89.93  100.00   96.25   96.49   89.46   88.29   85.25   84.07   68.71   67.29   63.51   66.59   66.35   65.18   63.53   56.03   51.06   53.68   59.81   56.71   54.12   54.59   54.95   56.87   56.73   56.60   56.06   56.84   57.31   55.19   56.60   56.74   57.45   56.13   57.92   56.50   58.63   56.84   57.45   58.25   59.20   55.56   57.72
     9: YP_373251|Burkholderia_sp_383|No   57.75   61.19   59.67   57.21   59.10   85.18   88.52   96.25  100.00   96.96   89.70   88.76   85.95   84.31   69.41   67.53   63.27   66.35   66.59   65.18   63.53   56.26   51.30   53.44   58.85   56.94   54.59   55.06   54.72   56.16   56.49   56.60   55.58   56.13   56.84   55.42   56.37   56.74   57.45   57.08   57.92   56.50   58.39   56.60   57.45   58.25   59.43   54.37   56.77
    10: ZP_04942341|Burkholderia_cenocep   57.75   61.19   59.43   56.74   58.63   85.18   89.93   96.49   96.96  100.00   88.76   88.76   85.25   84.31   68.71   67.06   63.51   65.39   65.88   64.94   63.06   56.26   51.30   53.68   59.81   57.18   54.12   54.59   54.72   57.11   57.21   56.37   56.06   56.37   56.84   55.42   56.37   57.21   57.92   57.08   57.92   56.74   59.10   57.31   57.92   58.73   59.67   55.56   57.72
    11: YP_003608573|Burkholderia_sp_CCG   58.45   61.43   58.96   57.21   58.87   88.24   88.76   89.46   89.70   88.76  100.00   96.25   89.70   87.35   69.41   68.00   65.17   65.87   66.11   64.71   64.24   55.79   51.77   53.44   59.57   56.24   55.53   53.88   55.42   54.98   54.57   55.19   54.39   56.84   58.02   54.48   54.95   56.50   57.21   56.37   57.21   55.56   57.68   57.08   56.26   57.31   58.02   54.14   56.77
    12: ZP_02881936|Burkholderia_gramini   57.98   62.14   58.96   57.45   59.34   88.00   88.06   88.29   88.76   88.76   96.25  100.00   88.52   86.65   68.71   68.47   64.69   66.35   66.59   65.18   64.24   55.79   51.77   52.97   59.57   56.94   55.76   54.59   55.66   55.21   54.57   55.42   54.63   56.84   57.55   54.01   54.48   56.97   57.45   56.13   56.74   55.56   57.21   56.84   55.79   56.84   57.31   53.66   56.77
    13: YP_001895781|Burkholderia_phytof   61.03   61.43   59.91   57.68   59.81   86.12   85.95   85.25   85.95   85.25   89.70   88.52  100.00   95.55   70.35   67.53   65.40   65.63   65.64   65.18   63.29   56.50   52.01   52.73   60.29   57.88   57.18   56.71   54.72   55.45   56.01   56.37   56.53   58.02   58.73   56.60   57.08   58.87   58.87   58.02   57.45   57.92   60.05   58.02   58.63   59.91   60.61   55.56   57.72
    14: YP_558915|Burkholderia_xenovoran   59.86   61.43   58.02   56.97   59.10   85.65   84.31   84.07   84.31   84.31   87.35   86.65   95.55  100.00   70.59   68.47   65.64   64.44   64.93   64.71   62.82   56.74   53.66   54.16   60.77   57.41   56.94   56.47   55.66   56.16   56.97   57.78   57.01   58.96   59.43   57.55   58.02   59.34   58.87   57.78   57.92   58.39   60.52   58.96   59.10   60.38   60.61   56.26   58.67
    15: YP_003774765|Herbaspirillum_sero   53.88   65.24   62.74   63.59   62.65   69.10   66.35   68.71   69.41   68.71   69.41   68.71   70.35   70.59  100.00   84.81   71.80   71.60   73.22   72.13   72.47   56.26   57.45   57.01   57.79   55.90   55.42   55.42   55.66   55.92   57.45   57.31   58.19   59.57   59.81   57.92   58.39   60.14   59.67   57.92   60.52   59.10   61.94   60.28   60.76   62.17   61.94   57.92   61.76
    16: WP_020653899|Massilia_niastensis   55.06   65.00   61.56   61.23   60.05   67.69   64.71   67.29   67.53   67.06   68.00   68.47   67.53   68.47   84.81  100.00   69.43   71.60   72.51   72.83   69.88   56.26   56.50   56.06   60.19   55.42   55.66   54.95   55.19   55.69   56.97   56.60   57.01   57.92   57.92   56.03   57.92   58.96   58.49   56.50   59.34   57.45   59.10   58.87   57.45   58.16   57.92   56.50   59.86
    17: YP_702805|Rhodococcus_jostii_RHA   60.10   70.07   68.17   70.71   70.95   65.00   64.69   63.51   63.27   63.51   65.17   64.69   65.40   65.64   71.80   69.43  100.00   76.02   76.43   77.78   77.78   56.09   54.65   54.44   58.23   56.40   55.92   55.45   55.00   55.50   58.07   57.14   58.99   60.81   60.57   58.67   60.10   60.24   60.48   58.91   60.14   61.10   62.05   62.00   60.62   62.00   62.71   57.28   62.59
    18: ADI12817|Streptomyces_bingchengg   57.42   70.77   68.10   67.38   66.19   65.07   64.92   66.59   66.35   65.39   65.87   66.35   65.63   64.44   71.60   71.60   76.02  100.00   91.45   79.05   78.33   54.81   54.33   54.35   56.90   54.42   53.94   52.98   53.72   54.44   55.83   57.31   55.64   57.42   57.18   55.50   57.18   56.35   57.55   55.02   57.21   57.45   56.73   56.94   56.73   58.85   59.09   56.49   57.93
    19: WP_019063439|Streptomyces_prunic   57.72   70.02   66.90   66.67   65.96   66.27   64.45   66.35   66.59   65.88   66.11   66.59   65.64   64.93   73.22   72.51   76.43   91.45  100.00   79.20   77.30   53.94   53.46   53.72   56.49   54.74   53.32   53.32   53.10   53.57   55.18   56.67   55.71   57.48   58.19   55.11   57.01   55.95   57.14   54.16   56.32   56.32   56.56   56.77   55.61   58.91   58.67   55.13   58.23
    20: ZP_05520031|Streptomyces_hygrosc   57.78   69.05   67.22   65.72   64.54   65.72   65.18   65.18   65.18   64.94   64.71   65.18   65.18   64.71   72.13   72.83   77.78   79.05   79.20  100.00   88.29   54.37   53.54   54.16   57.66   54.12   53.88   52.94   52.72   55.34   56.63   57.45   57.14   58.59   59.29   58.59   60.24   58.25   58.02   56.00   58.16   58.63   59.57   58.35   58.63   60.71   59.76   56.97   61.28
    21: WP_005250462|Rhodococcus_opacus|   55.90   70.24   66.75   66.19   65.01   64.30   63.53   63.53   63.53   63.06   64.24   64.24   63.29   62.82   72.47   69.88   77.78   78.33   77.30   88.29  100.00   55.79   52.25   53.21   56.70   55.29   54.35   53.41   54.14   55.34   56.87   57.92   57.62   58.82   59.76   58.35   60.24   59.91   59.91   57.18   59.34   59.57   59.57   59.29   59.81   60.71   60.00   57.21   59.14
    22: YP_003450961|Azospirillum_sp_B51   52.01   55.40   54.98   51.54   53.21   54.03   54.85   56.03   56.26   56.26   55.79   55.79   56.50   56.74   56.26   56.26   56.09   54.81   53.94   54.37   55.79  100.00   72.51   73.46   59.13   60.38   61.08   61.32   61.08   58.77   63.46   62.50   65.32   61.32   61.56   65.33   64.39   64.86   64.86   62.74   63.92   63.76   65.33   64.39   64.62   64.62   64.62   62.50   63.18
    23: ZP_01549987|Stappia_aggregata_IA   50.00   56.59   55.45   52.97   52.49   51.54   51.54   51.06   51.30   51.30   51.77   51.77   52.01   53.66   57.45   56.50   54.65   54.33   53.46   53.54   52.25   72.51  100.00   86.29   57.59   59.81   60.05   59.57   60.66   59.05   63.53   61.37   64.20   59.95   59.95   60.52   59.10   61.14   61.14   59.34   63.03   63.03   62.32   62.88   63.51   63.12   63.36   62.09   62.53
    24: ZP_01747439|Sagittula_stellata_E   50.12   54.70   53.57   52.51   51.79   53.57   54.39   53.68   53.44   53.68   53.44   52.97   52.73   54.16   57.01   56.06   54.44   54.35   53.72   54.16   53.21   73.46   86.29  100.00   57.14   59.38   60.33   60.33   61.52   59.19   63.68   60.57   64.11   61.28   61.05   61.76   61.52   61.52   61.52   60.57   63.18   65.40   62.71   64.37   64.13   64.37   64.61   61.28   63.40
    25: YP_003188699|Acetobacter_pasteur   54.68   56.46   55.88   52.40   54.81   58.03   59.09   59.81   58.85   59.81   59.57   59.57   60.29   60.77   57.79   60.19   58.23   56.90   56.49   57.66   56.70   59.13   57.59   57.14  100.00   58.91   59.14   59.86   60.91   62.74   61.93   63.31   63.61   65.31   64.68   62.14   61.67   64.66   66.11   62.62   65.14   64.18   66.35   65.39   64.90   63.96   64.44   64.18   64.58
    26: WP_010323266|Marinobacterium_sta   52.59   57.52   55.90   51.30   52.01   57.21   57.65   56.71   56.94   57.18   56.24   56.94   57.88   57.41   55.90   55.42   56.40   54.42   54.74   54.12   55.29   60.38   59.81   59.38   58.91  100.00   85.08   82.75   57.41   58.16   61.15   61.18   60.66   60.00   58.45   60.75   60.75   64.39   62.74   62.15   63.68   63.68   66.27   64.17   64.15   64.87   66.04   60.85   66.03
    27: YP_001340685|Marinomonas_sp_MWYL   50.94   57.52   56.37   51.06   53.43   55.32   55.29   54.12   54.59   54.12   55.53   55.76   57.18   56.94   55.42   55.66   55.92   53.94   53.32   53.88   54.35   61.08   60.05   60.33   59.14   85.08  100.00   86.95   55.06   57.68   62.59   61.18   59.48   60.71   59.15   62.62   62.85   63.68   62.97   62.15   65.09   65.33   65.33   64.87   65.80   65.34   66.74   61.08   65.32
    28: YP_004314666|Marinomonas_mediter   51.89   56.56   54.72   52.01   54.61   53.66   55.06   54.59   55.06   54.59   53.88   54.59   56.71   56.47   55.42   54.95   55.45   52.98   53.32   52.94   53.41   61.32   59.57   60.33   59.86   82.75   86.95  100.00   57.18   57.68   62.35   61.88   61.37   61.88   61.27   64.49   64.25   65.57   64.86   63.79   65.33   66.04   67.92   65.57   65.80   66.28   67.68   62.74   65.80
    29: WP_008121663|Phyllobacterium_sp_   51.89   54.55   52.72   51.90   54.50   54.14   54.01   54.95   54.72   54.72   55.42   55.66   54.72   55.66   55.66   55.19   55.00   53.72   53.10   52.72   54.14   61.08   60.66   61.52   60.91   57.41   55.06   57.18  100.00   59.81   61.63   60.94   68.48   63.83   62.88   60.14   60.85   64.62   65.33   62.74   63.21   62.26   63.68   62.97   61.32   62.26   62.50   62.03   63.18
    30: YP_001166199|Novosphingobium_aro   51.66   54.07   54.59   50.71   50.95   54.27   55.92   56.87   56.16   57.11   54.98   55.21   55.45   56.16   55.92   55.69   55.50   54.44   53.57   55.34   55.34   58.77   59.05   59.19   62.74   58.16   57.68   57.68   59.81  100.00   72.73   72.64   62.32   61.05   60.33   60.19   60.66   61.37   62.32   61.14   62.80   61.61   63.74   62.80   63.27   63.03   62.80   60.90   62.00
    31: YP_001261249|Sphingomonas_wittic   52.64   56.87   56.59   52.52   54.20   54.09   55.29   56.73   56.49   57.21   54.57   54.57   56.01   56.97   57.45   56.97   58.07   55.83   55.18   56.63   56.87   63.46   63.53   63.68   61.93   61.15   62.59   62.35   61.63   72.73  100.00   81.82   67.87   65.54   66.02   64.66   65.38   67.79   67.55   66.11   68.51   67.79   67.79   66.59   67.07   67.07   68.03   67.07   68.67
    32: WP_008829760|Sphingomonas_sp_LH1   53.30   57.66   56.03   52.13   54.03   55.79   54.25   56.60   56.60   56.37   55.19   55.42   56.37   57.78   57.31   56.60   57.14   57.31   56.67   57.45   57.92   62.50   61.37   60.57   63.31   61.18   61.18   61.88   60.94   72.64   81.82  100.00   68.48   64.30   65.25   64.62   64.86   66.27   67.22   66.75   68.87   66.75   68.63   66.51   66.98   67.69   68.40   67.22   67.46
    33: YP_487499|Rhodopseudomonas_palus   54.39   58.07   57.82   54.27   55.92   55.11   54.87   56.06   55.58   56.06   54.39   54.63   56.53   57.01   58.19   57.01   58.99   55.64   55.71   57.14   57.62   65.32   64.20   64.11   63.61   60.66   59.48   61.37   68.48   62.32   67.87   68.48  100.00   64.76   65.95   64.13   65.08   67.93   68.41   66.51   67.93   68.41   70.31   69.36   67.93   67.70   67.70   66.75   70.00
    34: YP_002381972|Escherichia_ferguso   54.59   58.13   56.16   54.16   57.72   56.87   56.60   56.84   56.13   56.37   56.84   56.84   58.02   58.96   59.57   57.92   60.81   57.42   57.48   58.59   58.82   61.32   59.95   61.28   65.31   60.00   60.71   61.88   63.83   61.05   65.54   64.30   64.76  100.00   91.57   78.84   79.07   74.70   76.36   78.35   75.89   76.47   77.07   75.76   76.36   77.18   78.59   71.16   77.20
    35: YP_004828994|Enterobacter_asburi   54.14   57.89   56.64   54.16   58.91   57.58   55.66   57.31   56.84   56.84   58.02   57.55   58.73   59.43   59.81   57.92   60.57   57.18   58.19   59.29   59.76   61.56   59.95   61.05   64.68   58.45   59.15   61.27   62.88   60.33   66.02   65.25   65.95   91.57  100.00   78.40   79.34   74.47   74.94   77.00   76.36   73.96   76.83   74.88   75.18   76.29   77.23   72.81   76.96
    36: YP_007876854|Raoultella_ornithin   54.12   55.26   54.14   53.55   55.69   55.21   55.66   55.19   55.42   55.42   54.48   54.01   56.60   57.55   57.92   56.03   58.67   55.50   55.11   58.59   58.35   65.33   60.52   61.76   62.14   60.75   62.62   64.49   60.14   60.19   64.66   64.62   64.13   78.84   78.40  100.00   90.78   73.82   74.53   74.53   72.88   75.24   74.29   73.30   74.76   75.64   75.18   72.64   73.63
    37: YP_004590679|Enterobacter_aeroge   54.12   56.94   56.03   53.55   57.35   55.45   55.90   56.60   56.37   56.37   54.95   54.48   57.08   58.02   58.39   57.92   60.10   57.18   57.01   60.24   60.24   64.39   59.10   61.52   61.67   60.75   62.85   64.25   60.85   60.66   65.38   64.86   65.08   79.07   79.34   90.78  100.00   75.00   75.94   74.53   74.29   76.18   75.47   74.47   75.24   76.35   76.35   71.93   73.87
    38: ZP_05359683|Acinetobacter_radior   55.32   55.74   54.14   55.45   56.87   56.64   56.74   56.74   56.74   57.21   56.50   56.97   58.87   59.34   60.14   58.96   60.24   56.35   55.95   58.25   59.91   64.86   61.14   61.52   64.66   64.39   63.68   65.57   64.62   61.37   67.79   66.27   67.93   74.70   74.47   73.82   75.00  100.00   93.65   76.65   78.77   78.07   80.19   80.66   78.07   79.25   79.25   75.00   76.25
    39: YP_001713595|Acinetobacter_bauma   55.56   56.22   55.08   55.45   57.58   57.58   57.68   57.45   57.45   57.92   57.21   57.45   58.87   58.87   59.67   58.49   60.48   57.55   57.14   58.02   59.91   64.86   61.14   61.52   66.11   62.74   62.97   64.86   65.33   62.32   67.55   67.22   68.41   76.36   74.94   74.53   75.94   93.65  100.00   77.83   79.72   79.25   81.84   82.31   80.66   81.37   81.37   75.71   76.25
    40: WP_005787262|Pseudomonas_synxant   55.08   55.98   55.79   54.03   56.16   56.87   55.90   56.13   57.08   57.08   56.37   56.13   58.02   57.78   57.92   56.50   58.91   55.02   54.16   56.00   57.18   62.74   59.34   60.57   62.62   62.15   62.15   63.79   62.74   61.14   66.11   66.75   66.51   78.35   77.00   74.53   74.53   76.65   77.83  100.00   84.91   82.31   83.49   82.44   82.55   81.97   82.67   77.36   76.01
    41: WP_007931970|Pseudomonas_sp_GM17   55.08   58.03   59.24   55.34   55.82   58.06   57.45   57.92   57.92   57.92   57.21   56.74   57.45   57.92   60.52   59.34   60.14   57.21   56.32   58.16   59.34   63.92   63.03   63.18   65.14   63.68   65.09   65.33   63.21   62.80   68.51   68.87   67.93   75.89   76.36   72.88   74.29   78.77   79.72   84.91  100.00   83.49   88.92   87.50   86.79   84.91   84.67   75.24   78.15
    42: WP_017846868|Pseudomonas_veronii   55.08   59.23   58.77   55.11   57.24   55.92   56.74   56.50   56.50   56.74   55.56   55.56   57.92   58.39   59.10   57.45   61.10   57.45   56.32   58.63   59.57   63.76   63.03   65.40   64.18   63.68   65.33   66.04   62.26   61.61   67.79   66.75   68.41   76.47   73.96   75.24   76.18   78.07   79.25   82.31   83.49  100.00   85.85   87.97   88.21   89.15   88.44   77.36   76.72
    43: WP_003450937|Pseudomonas_pseudoa   55.56   58.99   59.24   55.34   57.72   58.53   58.39   58.63   58.39   59.10   57.68   57.21   60.05   60.52   61.94   59.10   62.05   56.73   56.56   59.57   59.57   65.33   62.32   62.71   66.35   66.27   65.33   67.92   63.68   63.74   67.79   68.63   70.31   77.07   76.83   74.29   75.47   80.19   81.84   83.49   88.92   85.85  100.00   89.62   88.68   88.92   88.68   75.71   79.10
    44: WP_020291244|Pseudomonas_sp_CFII   55.56   58.37   57.45   54.74   56.64   56.87   57.08   56.84   56.60   57.31   57.08   56.84   58.02   58.96   60.28   58.87   62.00   56.94   56.77   58.35   59.29   64.39   62.88   64.37   65.39   64.17   64.87   65.57   62.97   62.80   66.59   66.51   69.36   75.76   74.88   73.30   74.47   80.66   82.31   82.44   87.50   87.97   89.62  100.00   90.33   89.93   88.29   77.36   78.86
    45: WP_010451018|Pseudomonas_fuscova   54.85   58.03   58.29   55.34   56.77   57.11   57.92   57.45   57.45   57.92   56.26   55.79   58.63   59.10   60.76   57.45   60.62   56.73   55.61   58.63   59.81   64.62   63.51   64.13   64.90   64.15   65.80   65.80   61.32   63.27   67.07   66.98   67.93   76.36   75.18   74.76   75.24   78.07   80.66   82.55   86.79   88.21   88.68   90.33  100.00   93.16   90.33   76.18   76.96
    46: ABY62759|Pseudomonas_putida|Iaa    56.03   57.89   58.63   55.45   56.64   58.53   57.55   58.25   58.25   58.73   57.31   56.84   59.91   60.38   62.17   58.16   62.00   58.85   58.91   60.71   60.71   64.62   63.12   64.37   63.96   64.87   65.34   66.28   62.26   63.03   67.07   67.69   67.70   77.18   76.29   75.64   76.35   79.25   81.37   81.97   84.91   89.15   88.92   89.93   93.16  100.00   95.78   76.65   77.20
    47: YP_001668446|Pseudomonas_putida_   56.26   59.57   59.81   55.69   57.11   58.53   58.25   59.20   59.43   59.67   58.02   57.31   60.61   60.61   61.94   57.92   62.71   59.09   58.67   59.76   60.00   64.62   63.36   64.61   64.44   66.04   66.74   67.68   62.50   62.80   68.03   68.40   67.70   78.59   77.23   75.18   76.35   79.25   81.37   82.67   84.67   88.44   88.68   88.29   90.33   95.78  100.00   77.36   77.91
    48: WP_019578243|Curvibacter_lanceol   53.66   56.35   56.64   52.49   55.58   55.45   54.61   55.56   54.37   55.56   54.14   53.66   55.56   56.26   57.92   56.50   57.28   56.49   55.13   56.97   57.21   62.50   62.09   61.28   64.18   60.85   61.08   62.74   62.03   60.90   67.07   67.22   66.75   71.16   72.81   72.64   71.93   75.00   75.71   77.36   75.24   77.36   75.71   77.36   76.18   76.65   77.36  100.00   78.86
    49: AFX82641|uncultured_proteobacter   56.29   57.35   57.01   54.52   57.14   57.01   56.53   57.72   56.77   57.72   56.77   56.77   57.72   58.67   61.76   59.86   62.59   57.93   58.23   61.28   59.14   63.18   62.53   63.40   64.58   66.03   65.32   65.80   63.18   62.00   68.67   67.46   70.00   77.20   76.96   73.63   73.87   76.25   76.25   76.01   78.15   76.72   79.10   78.86   76.96   77.20   77.91   78.86  100.00
