#
#
#  Percent Identity  Matrix - created by Clustal2.1 
#
#

     1: AAF02426|Burkholderia_sp_RP007|C  100.00   47.45   56.69   49.52   54.02   52.55   60.19   42.63   58.23   56.96   57.01   59.55   57.51   59.55   57.10   56.37   54.78   56.37   55.41   59.24   58.28   57.96   57.64   54.14   54.46   57.96   53.82   56.69   55.73   57.64   58.60   56.37   56.69   56.69   57.01
     2: WP_009623078|Pseudomonas_sp_M1|N   47.45  100.00   65.29   52.10   56.27   50.96   49.84   43.91   56.05   58.28   55.10   50.96   50.16   49.68   51.29   48.41   47.77   50.96   50.96   54.46   54.46   52.55   51.91   53.18   53.50   51.59   52.55   53.18   54.14   52.55   51.91   53.18   54.46   52.23   53.82
     3: YP_371940|Burkholderia_sp_383|No   56.69   65.29  100.00   52.43   62.38   58.92   60.19   50.00   64.97   65.29   56.69   56.69   57.19   57.32   56.77   54.78   54.14   58.92   56.37   60.19   60.83   59.87   59.87   58.92   58.60   61.15   61.15   60.83   60.19   60.51   60.19   59.87   60.19   61.46   60.83
     4: YP_005554639|Arcobacter_sp_L|Non   49.52   52.10   52.43  100.00   52.61   56.63   57.57   47.88   63.78   59.29   64.08   58.90   56.82   56.96   60.00   57.28   54.69   56.96   56.96   60.19   62.46   61.49   60.52   62.46   60.84   59.87   59.87   61.17   60.19   59.22   57.28   60.19   59.87   61.49   60.52
     5: WP_018076071|Novosphingobium_nit   54.02   56.27   62.38   52.61  100.00   55.63   61.49   48.54   64.63   64.63   59.49   54.66   54.52   56.91   57.00   52.73   51.45   55.63   55.63   56.59   57.56   57.56   56.27   57.56   55.63   56.27   56.27   57.23   57.23   56.27   55.95   57.23   58.20   57.56   56.91
     6: WP_016389830|Cycloclasticus_sp_P   52.55   50.96   58.92   56.63   55.63  100.00   60.52   53.53   69.75   69.75   66.24   66.24   63.26   66.24   66.45   64.01   61.46   59.24   59.55   65.92   65.61   66.56   66.24   66.24   65.92   68.47   65.61   65.29   66.56   66.24   67.20   65.92   66.88   69.43   66.88
     7: WP_020656193|Massilia_niastensis   60.19   49.84   60.19   57.57   61.49   60.52  100.00   51.47   68.28   65.05   65.37   68.28   66.23   69.26   66.56   66.34   64.72   63.75   70.23   66.99   67.31   72.82   71.84   68.61   71.20   68.28   66.99   67.31   67.64   69.26   67.31   67.96   67.96   68.28   68.28
     8: AAC13787|Ralstonia_pickettii|Cat   42.63   43.91   50.00   47.88   48.54   53.53   51.47  100.00   57.69   54.17   54.81   54.17   53.70   54.81   56.17   54.49   52.56   55.45   56.41   57.05   58.65   60.58   59.29   60.90   60.90   63.14   62.18   68.91   73.40   63.46   60.90   63.46   65.06   63.46   64.42
     9: WP_018719555|Arhodomonas_aquaeol   58.23   56.05   64.97   63.78   64.63   69.75   68.28   57.69  100.00   85.17   70.06   68.15   65.81   66.88   66.77   65.29   63.06   64.65   64.01   72.29   73.25   71.97   71.02   70.70   68.47   70.70   70.70   71.34   70.38   70.06   68.15   68.79   71.66   71.66   70.06
    10: AFP97334|Arhodomonas_sp_Seminole   56.96   58.28   65.29   59.29   64.63   69.75   65.05   54.17   85.17  100.00   65.92   65.29   64.22   63.38   63.23   62.10   59.87   61.78   60.51   67.83   69.75   68.79   67.83   66.88   65.29   66.24   66.88   66.88   66.56   66.56   65.61   64.65   68.15   67.83   65.92
    11: WP_002710566|Thiothrix_nivea|Non   57.01   55.10   56.69   64.08   59.49   66.24   65.37   54.81   70.06   65.92  100.00   67.83   65.81   68.79   68.06   68.15   65.61   66.88   67.52   74.52   75.16   74.84   75.16   72.61   71.02   73.25   70.38   73.57   72.29   72.61   71.66   74.20   73.25   72.93   73.89
    12: AAB88079|Burkholderia_cepacia|No   59.55   50.96   56.69   58.90   54.66   66.24   68.28   54.17   68.15   65.29   67.83  100.00   90.10   77.39   75.16   73.25   71.66   65.29   66.24   68.47   69.43   69.11   69.43   70.70   71.97   70.70   67.52   70.70   69.11   71.02   71.02   71.34   69.75   71.34   69.75
    13: AFP90485|Raoultella_ornithinolyt   57.51   50.16   57.19   56.82   54.52   63.26   66.23   53.70   65.81   64.22   65.81   90.10  100.00   73.16   73.87   74.44   72.20   64.86   65.81   65.81   67.73   70.29   70.61   69.01   69.65   68.69   69.33   69.65   69.01   71.57   71.57   69.33   70.29   70.93   68.69
    14: YP_004930521|Pseudoxanthomonas_s   59.55   49.68   57.32   56.96   56.91   66.24   69.26   54.81   66.88   63.38   68.79   77.39   73.16  100.00   77.74   71.02   69.11   63.69   67.52   67.20   70.70   70.70   70.06   69.75   71.34   72.61   68.47   71.34   70.70   71.34   71.02   71.02   71.02   71.66   70.70
    15: ACF23525|uncultured_bacterium|Ca   57.10   51.29   56.77   60.00   57.00   66.45   66.56   56.17   66.77   63.23   68.06   75.16   73.87   77.74  100.00   79.35   77.10   67.42   73.55   67.42   71.29   74.84   73.55   73.87   74.84   73.55   71.29   75.81   75.16   76.45   76.77   74.52   75.48   77.10   75.81
    16: YP_001966316|Pseudomonas_sp_CT14   56.37   48.41   54.78   57.28   52.73   64.01   66.34   54.49   65.29   62.10   68.15   73.25   74.44   71.02   79.35  100.00   97.13   66.56   70.70   67.20   71.02   73.57   72.61   75.80   75.48   73.57   73.25   75.80   75.16   75.80   76.11   74.84   74.84   77.07   74.84
    17: AAD05250|Pseudomonas_putida|Cat    54.78   47.77   54.14   54.69   51.45   61.46   64.72   52.56   63.06   59.87   65.61   71.66   72.20   69.11   77.10   97.13  100.00   65.61   68.79   65.29   68.47   70.70   70.06   73.25   72.61   70.70   70.38   72.93   72.29   73.57   73.89   71.97   71.97   74.20   71.97
    18: AAC43044|Pseudomonas_putida|Cat    56.37   50.96   58.92   56.96   55.63   59.24   63.75   55.45   64.65   61.78   66.88   65.29   64.86   63.69   67.42   66.56   65.61  100.00   77.07   70.06   71.66   70.70   70.06   68.15   67.52   70.38   67.83   71.34   71.02   69.75   68.47   68.79   69.75   69.75   69.75
    19: ACF23486|uncultured_bacterium|Ca   55.41   50.96   56.37   56.96   55.63   59.55   70.23   56.41   64.01   60.51   67.52   66.24   65.81   67.52   73.55   70.70   68.79   77.07  100.00   71.02   72.61   77.39   76.43   74.84   76.75   72.61   72.29   75.48   76.75   74.52   72.29   72.61   73.57   74.20   75.16
    20: YP_373719|Burkholderia_sp_383|No   59.24   54.46   60.19   60.19   56.59   65.92   66.99   57.05   72.29   67.83   74.52   68.47   65.81   67.20   67.42   67.20   65.29   70.06   71.02  100.00   86.94   80.25   79.62   72.29   71.97   76.75   72.93   76.11   75.16   75.16   73.25   73.25   75.48   73.25   75.48
    21: WP_017775860|Burkholderia_kururi   58.28   54.46   60.83   62.46   57.56   65.61   67.31   58.65   73.25   69.75   75.16   69.43   67.73   70.70   71.29   71.02   68.47   71.66   72.61   86.94  100.00   82.17   81.21   74.84   74.52   78.98   76.75   79.30   77.71   77.39   75.16   75.48   77.71   78.03   77.71
    22: ABG82173|Ralstonia_sp_PHS1|Cat     57.96   52.55   59.87   61.49   57.56   66.56   72.82   60.58   71.97   68.79   74.84   69.11   70.29   70.70   74.84   73.57   70.70   70.70   77.39   80.25   82.17  100.00   98.09   81.21   81.53   79.94   81.85   82.80   81.53   82.17   80.25   81.85   82.80   83.12   82.48
    23: AAF02430|Burkholderia_sp_RP007|C   57.64   51.91   59.87   60.52   56.27   66.24   71.84   59.29   71.02   67.83   75.16   69.43   70.61   70.06   73.55   72.61   70.06   70.06   76.43   79.62   81.21   98.09  100.00   80.25   80.25   79.62   81.21   81.21   79.94   81.85   79.94   81.53   81.85   82.48   81.85
    24: YP_004930496|Pseudoxanthomonas_s   54.14   53.18   58.92   62.46   57.56   66.24   68.61   60.90   70.70   66.88   72.61   70.70   69.01   69.75   73.87   75.80   73.25   68.15   74.84   72.29   74.84   81.21   80.25  100.00   87.58   78.03   78.98   80.89   79.94   80.25   78.66   81.53   80.89   84.39   83.76
    25: YP_004929576|Pseudoxanthomonas_s   54.46   53.50   58.60   60.84   55.63   65.92   71.20   60.90   68.47   65.29   71.02   71.97   69.65   71.34   74.84   75.48   72.61   67.52   76.75   71.97   74.52   81.53   80.25   87.58  100.00   77.39   77.71   79.94   80.89   80.57   78.03   81.53   81.53   83.12   83.76
    26: BAA34176|Comamonas_testosteroni|   57.96   51.59   61.15   59.87   56.27   68.47   68.28   63.14   70.70   66.24   73.25   70.70   68.69   72.61   73.55   73.57   70.70   70.38   72.61   76.75   78.98   79.94   79.62   78.03   77.39  100.00   83.44   83.12   82.80   84.71   84.39   82.17   84.08   84.08   84.39
    27: AAX47246|Delftia_tsuruhatensis|C   53.82   52.55   61.15   59.87   56.27   65.61   66.99   62.18   70.70   66.88   70.38   67.52   69.33   68.47   71.29   73.25   70.38   67.83   72.29   72.93   76.75   81.85   81.21   78.98   77.71   83.44  100.00   82.80   81.53   84.39   83.44   81.53   85.35   85.67   85.67
    28: YP_299876|Ralstonia_eutropha_JMP   56.69   53.18   60.83   61.17   57.23   65.29   67.31   68.91   71.34   66.88   73.57   70.70   69.65   71.34   75.81   75.80   72.93   71.34   75.48   76.11   79.30   82.80   81.21   80.89   79.94   83.12   82.80  100.00   91.72   84.08   82.17   85.35   85.67   84.71   85.99
    29: YP_001893136|Ralstonia_pickettii   55.73   54.14   60.19   60.19   57.23   66.56   67.64   73.40   70.38   66.56   72.29   69.11   69.01   70.70   75.16   75.16   72.29   71.02   76.75   75.16   77.71   81.53   79.94   79.94   80.89   82.80   81.53   91.72  100.00   84.71   82.17   84.71   85.67   84.71   86.94
    30: ACN62961|Diaphorobacter_sp_PCA03   57.64   52.55   60.51   59.22   56.27   66.24   69.26   63.46   70.06   66.56   72.61   71.02   71.57   71.34   76.45   75.80   73.57   69.75   74.52   75.16   77.39   82.17   81.85   80.25   80.57   84.71   84.39   84.08   84.71  100.00   95.54   86.94   85.99   85.67   86.94
    31: YP_984545|Acidovorax_sp_JS42|Cat   58.60   51.91   60.19   57.28   55.95   67.20   67.31   60.90   68.15   65.61   71.66   71.02   71.57   71.02   76.77   76.11   73.89   68.47   72.29   73.25   75.16   80.25   79.94   78.66   78.03   84.39   83.44   82.17   82.17   95.54  100.00   85.99   87.90   86.31   88.85
    32: YP_997545|Verminephrobacter_eise   56.37   53.18   59.87   60.19   57.23   65.92   67.96   63.46   68.79   64.65   74.20   71.34   69.33   71.02   74.52   74.84   71.97   68.79   72.61   73.25   75.48   81.85   81.53   81.53   81.53   82.17   81.53   85.35   84.71   86.94   85.99  100.00   85.03   86.62   89.17
    33: BAH90217|uncultured_bacterium|Ca   56.69   54.46   60.19   59.87   58.20   66.88   67.96   65.06   71.66   68.15   73.25   69.75   70.29   71.02   75.48   74.84   71.97   69.75   73.57   75.48   77.71   82.80   81.85   80.89   81.53   84.08   85.35   85.67   85.67   85.99   87.90   85.03  100.00   88.85   90.45
    34: YP_001792379|Leptothrix_cholodni   56.69   52.23   61.46   61.49   57.56   69.43   68.28   63.46   71.66   67.83   72.93   71.34   70.93   71.66   77.10   77.07   74.20   69.75   74.20   73.25   78.03   83.12   82.48   84.39   83.12   84.08   85.67   84.71   84.71   85.67   86.31   86.62   88.85  100.00   91.40
    35: WP_008344262|Burkholderia_sp_SJ9   57.01   53.82   60.83   60.52   56.91   66.88   68.28   64.42   70.06   65.92   73.89   69.75   68.69   70.70   75.81   74.84   71.97   69.75   75.16   75.48   77.71   82.48   81.85   83.76   83.76   84.39   85.67   85.99   86.94   86.94   88.85   89.17   90.45   91.40  100.00
