#
#
#  Percent Identity  Matrix - created by Clustal2.1 
#
#

     1: tr|A0A7C1CIM6|A0A7C1CIM6_UNCDE  100.00   63.93   65.57   64.75   39.13   42.02   48.28   45.69   48.31   48.31   48.31   42.74   41.88   46.61   47.90   45.38   48.31   44.07   44.07   48.31   46.61   40.68   41.53   42.74   42.74
     2: tr|A0A091G4N7|A0A091G4N7_9BACT   63.93  100.00   84.43   88.52   40.00   43.70   49.14   45.69   48.31   48.31   48.31   43.59   42.74   44.92   43.70   44.54   45.76   43.22   43.22   45.76   46.61   43.22   43.22   42.74   42.74
     3: tr|A0A099TFX9|A0A099TFX9_9BACT   65.57   84.43  100.00   90.16   40.00   42.02   50.00   45.69   49.15   49.15   49.15   41.03   41.03   42.37   44.54   45.38   44.92   44.07   44.07   44.07   44.92   41.53   41.53   40.17   40.17
     4: tr|A0A0W8FUK0|A0A0W8FUK0_9ZZZZ   64.75   88.52   90.16  100.00   40.00   44.54   50.00   46.55   50.00   50.00   50.00   42.74   42.74   44.92   45.38   46.22   46.61   44.92   44.92   45.76   45.76   43.22   43.22   42.74   42.74
     5: tr|A9J4K0|A9J4K0_9RHOO           39.13   40.00   40.00   40.00  100.00   42.74   48.70   45.22   52.10   52.10   52.10   46.61   43.10   44.54   43.70   45.38   45.38   44.54   44.54   47.06   52.10   47.90   47.90   46.55   46.55
     6: tr|A0A937QFE9|A0A937QFE9_9BACT   42.02   43.70   42.02   44.54   42.74  100.00   54.24   52.54   53.33   53.33   53.33   48.74   45.38   51.67   48.76   47.93   47.50   43.33   43.33   47.50   50.83   54.17   54.17   55.46   54.62
     7: tr|A0A4P8L5A6|A0A4P8L5A6_9BACT   48.28   49.14   50.00   50.00   48.70   54.24  100.00   91.13   64.46   64.46   64.46   60.16   53.72   60.80   47.46   46.61   47.46   44.07   44.07   46.61   53.39   55.08   55.08   55.08   55.93
     8: tr|A0A4V1ERN8|A0A4V1ERN8_9BACT   45.69   45.69   45.69   46.55   45.22   52.54   91.13  100.00   64.46   64.46   64.46   59.68   52.89   61.60   47.46   45.76   47.46   43.22   43.22   45.76   51.69   50.85   50.85   50.85   52.54
     9: tr|A0A1J5I4D2|A0A1J5I4D2_9BACT   48.31   48.31   49.15   50.00   52.10   53.33   64.46   64.46  100.00  100.00  100.00   67.74   54.92   61.60   51.64   51.64   52.46   53.28   53.28   50.82   58.20   57.38   56.56   53.78   56.30
    10: tr|A0A2G9XFL5|A0A2G9XFL5_9BACT   48.31   48.31   49.15   50.00   52.10   53.33   64.46   64.46  100.00  100.00  100.00   67.74   54.92   61.60   51.64   51.64   52.46   53.28   53.28   50.82   58.20   57.38   56.56   53.78   56.30
    11: tr|A0A2M8GD72|A0A2M8GD72_9BACT   48.31   48.31   49.15   50.00   52.10   53.33   64.46   64.46  100.00  100.00  100.00   67.74   54.92   61.60   51.64   51.64   52.46   53.28   53.28   50.82   58.20   57.38   56.56   53.78   56.30
    12: tr|A0A355W879|A0A355W879_9BACT   42.74   43.59   41.03   42.74   46.61   48.74   60.16   59.68   67.74   67.74   67.74  100.00   50.82   55.12   48.76   48.76   50.41   51.24   51.24   50.41   49.59   52.89   52.89   47.46   49.15
    13: tr|A0A934E4S8|A0A934E4S8_UNCDE   41.88   42.74   41.03   42.74   43.10   45.38   53.72   52.89   54.92   54.92   54.92   50.82  100.00   61.79   46.22   47.06   47.90   47.06   47.06   50.42   47.90   49.58   50.42   49.15   50.00
    14: tr|A0A5K7YFZ8|A0A5K7YFZ8_9BACT   46.61   44.92   42.37   44.92   44.54   51.67   60.80   61.60   61.60   61.60   61.60   55.12   61.79  100.00   47.54   46.72   47.54   45.90   45.90   46.72   50.00   50.00   50.00   50.42   52.10
    15: tr|A0A2G9XHW5|A0A2G9XHW5_9BACT   47.90   43.70   44.54   45.38   43.70   48.76   47.46   47.46   51.64   51.64   51.64   48.76   46.22   47.54  100.00   91.87   83.61   76.23   76.23   80.33   54.10   59.02   58.20   52.94   55.46
    16: tr|A0A2N2HW51|A0A2N2HW51_9DELT   45.38   44.54   45.38   46.22   45.38   47.93   46.61   45.76   51.64   51.64   51.64   48.76   47.06   46.72   91.87  100.00   81.97   77.05   77.05   80.33   52.46   56.56   55.74   51.26   53.78
    17: tr|A0A0W8FN68|A0A0W8FN68_9ZZZZ   48.31   45.76   44.92   46.61   45.38   47.50   47.46   47.46   52.46   52.46   52.46   50.41   47.90   47.54   83.61   81.97  100.00   86.07   86.07   90.16   55.74   56.56   55.74   51.26   52.94
    18: tr|A0A094M9U4|A0A094M9U4_9BACT   44.07   43.22   44.07   44.92   44.54   43.33   44.07   43.22   53.28   53.28   53.28   51.24   47.06   45.90   76.23   77.05   86.07  100.00  100.00   90.16   54.92   54.10   53.28   47.90   50.42
    19: tr|A0A0C1NRQ6|A0A0C1NRQ6_9BACT   44.07   43.22   44.07   44.92   44.54   43.33   44.07   43.22   53.28   53.28   53.28   51.24   47.06   45.90   76.23   77.05   86.07  100.00  100.00   90.16   54.92   54.10   53.28   47.90   50.42
    20: tr|A0A0Q1FM26|A0A0Q1FM26_9BACT   48.31   45.76   44.07   45.76   47.06   47.50   46.61   45.76   50.82   50.82   50.82   50.41   50.42   46.72   80.33   80.33   90.16   90.16   90.16  100.00   54.92   55.74   54.92   51.26   52.10
    21: tr|A0A9D6XB13|A0A9D6XB13_UNCDE   46.61   46.61   44.92   45.76   52.10   50.83   53.39   51.69   58.20   58.20   58.20   49.59   47.90   50.00   54.10   52.46   55.74   54.92   54.92   54.92  100.00   65.57   66.39   57.98   58.82
    22: tr|A0A1M6CVJ7|A0A1M6CVJ7_9BACT   40.68   43.22   41.53   43.22   47.90   54.17   55.08   50.85   57.38   57.38   57.38   52.89   49.58   50.00   59.02   56.56   56.56   54.10   54.10   55.74   65.57  100.00   98.36   84.03   85.71
    23: tr|B8FEM2|B8FEM2_DESAL           41.53   43.22   41.53   43.22   47.90   54.17   55.08   50.85   56.56   56.56   56.56   52.89   50.42   50.00   58.20   55.74   55.74   53.28   53.28   54.92   66.39   98.36  100.00   84.87   86.55
    24: tr|A0A1M6M9S6|A0A1M6M9S6_9BACT   42.74   42.74   40.17   42.74   46.55   55.46   55.08   50.85   53.78   53.78   53.78   47.46   49.15   50.42   52.94   51.26   51.26   47.90   47.90   51.26   57.98   84.03   84.87  100.00   95.80
    25: tr|B8FF76|B8FF76_DESAL           42.74   42.74   40.17   42.74   46.55   54.62   55.93   52.54   56.30   56.30   56.30   49.15   50.00   52.10   55.46   53.78   52.94   50.42   50.42   52.10   58.82   85.71   86.55   95.80  100.00
