#
#
#  Percent Identity  Matrix - created by Clustal2.1 
#
#

     1: WP_020767953|Leptospira_sp_B5-02  100.00   87.77   61.54   63.19   22.64   25.25   23.57   22.07   22.15   23.65   22.30   22.22   23.91   23.91   24.24   24.07   23.57   24.58   25.25   24.26   25.08   24.92   23.91   24.75   23.65   22.22   24.50   25.25   24.58   24.58   25.60   23.91   23.70   25.00   23.86   23.57   24.08   23.13   25.60   23.47   24.39   24.39   23.69   22.11   21.05   25.61   23.16   23.05   25.61   22.81   24.56   22.81   23.16   21.75   23.16   23.86   24.21   21.74   24.13   23.43   23.08   23.43   25.09   23.23   24.64   24.03   26.15   23.32   21.80   23.69   22.34   21.65   24.10   25.36   24.91   24.56   25.27   25.27   22.26   24.38   23.67   24.56   24.91   25.36   26.32
     2: WP_008590946|Leptospira_licerasi   87.77  100.00   61.16   63.09   21.13   24.58   22.90   22.07   22.15   23.31   22.64   22.56   23.57   23.57   24.24   24.07   23.91   23.91   25.25   24.26   24.75   24.92   23.91   24.75   23.31   22.22   23.83   24.92   23.91   24.58   24.57   22.90   23.38   24.32   23.53   23.57   24.41   23.13   25.94   22.79   24.39   24.39   24.04   22.81   21.05   24.91   23.16   23.05   25.61   22.81   25.61   23.51   23.51   22.11   24.21   24.21   24.91   21.07   22.38   22.38   21.33   21.33   23.66   22.22   23.21   23.67   24.38   22.53   20.07   22.65   20.96   20.62   23.29   24.64   23.84   23.84   23.84   24.20   21.92   23.67   23.32   23.84   23.84   23.93   25.26
     3: WP_010569145|Leptospira_broomii_   61.54   61.16  100.00   84.62   23.40   23.92   24.24   24.08   25.17   23.99   24.32   24.24   24.24   25.25   24.24   23.39   22.90   22.90   23.91   22.95   23.73   23.57   22.90   23.39   23.65   23.91   24.83   25.25   24.92   24.58   24.57   22.90   23.38   25.34   22.88   24.58   24.41   23.47   24.57   22.11   25.78   26.48   24.74   23.86   20.70   24.91   22.81   22.34   26.32   25.26   24.91   23.16   22.81   23.51   24.56   24.91   24.56   22.07   24.48   24.83   23.08   24.13   23.66   23.23   23.93   23.32   26.15   24.11   21.11   21.95   21.65   23.02   23.69   25.71   27.05   27.05   25.62   26.33   20.89   23.32   24.38   24.56   24.56   23.57   26.32
     4: WP_016549892|Leptospira_fainei_B   63.19   63.09   84.62  100.00   23.60   22.59   22.22   22.74   23.49   21.96   21.62   21.89   23.57   23.23   22.90   21.69   22.22   21.89   22.90   20.98   22.37   21.89   21.21   22.37   22.97   21.89   23.49   23.91   24.58   23.57   23.55   22.22   21.75   23.65   21.24   23.57   22.74   23.13   23.55   22.11   25.09   24.74   23.00   22.46   20.00   23.51   21.75   22.34   24.91   24.21   23.51   21.40   21.40   22.11   23.16   24.21   23.51   20.07   23.78   24.13   22.73   23.78   23.13   23.23   23.21   22.89   25.35   22.05   20.07   21.60   20.62   21.65   22.09   23.93   24.91   24.56   23.84   24.20   20.21   21.91   22.61   23.49   23.49   23.93   23.86
     5: WP_007015343|Novosphingobium_pen   22.64   21.13   23.40   23.60  100.00   26.26   26.62   26.26   26.98   26.26   25.90   25.90   29.14   28.78   28.06   28.42   28.78   28.06   28.06   28.06   28.06   26.98   27.70   27.34   28.06   29.50   28.42   28.42   28.42   29.86   29.14   29.14   28.78   29.50   27.34   29.50   28.78   27.70   30.22   29.14   33.70   34.06   32.97   30.07   31.88   31.16   32.25   32.25   31.52   28.99   30.07   30.07   29.35   30.43   31.88   32.25   29.71   28.00   31.37   30.63   29.89   30.63   29.93   30.51   30.26   31.88   33.33   33.20   33.45   34.18   34.55   34.18   33.33   30.04   31.87   31.87   30.77   30.77   26.74   32.35   30.88   31.62   30.88   29.30   30.66
     6: WP_017934257|Nocardioides_sp_Iso   25.25   24.58   23.92   22.59   26.26  100.00   59.94   55.73   55.91   63.34   62.06   63.46   60.26   63.14   63.78   64.19   65.06   64.42   63.78   63.61   66.13   65.06   66.35   64.19   60.13   64.42   65.50   65.06   62.18   63.46   65.58   64.10   62.97   62.38   62.97   63.46   62.74   48.54   53.57   49.51   42.38   43.71   44.04   40.00   43.67   43.00   43.00   42.76   43.67   41.67   40.67   42.67   42.00   40.00   40.67   39.00   39.00   28.00   29.45   29.79   29.11   29.45   28.33   29.14   29.11   30.98   30.98   30.45   30.79   31.88   31.31   31.79   28.63   30.27   32.54   31.53   30.85   31.86   30.43   31.65   33.00   30.51   30.85   28.57   31.10
     7: WP_016693463|Rhodococcus_rhodoch   23.57   22.90   24.24   22.22   26.62   59.94  100.00   63.46   62.82   63.02   62.06   61.09   60.26   64.42   61.86   61.61   63.14   61.54   62.18   61.54   62.26   59.94   60.90   61.61   66.88   61.86   63.46   64.74   62.50   64.74   64.29   63.46   62.18   64.31   64.10   64.10   65.38   52.44   54.90   53.27   41.06   42.05   43.38   37.67   45.67   43.33   44.67   43.10   45.67   42.67   42.00   44.67   44.00   39.67   41.00   41.67   41.00   31.00   34.25   32.19   32.19   32.53   31.40   31.54   31.51   33.00   32.32   29.32   30.54   31.54   31.31   33.11   30.92   32.31   33.90   33.90   34.58   34.24   31.88   34.34   35.02   33.90   35.25   30.27   34.23
     8: WP_018092833|Streptomyces_sp_Fxa   22.07   22.07   24.08   22.74   26.26   55.73   63.46  100.00   90.73   61.74   61.09   59.94   59.94   64.10   59.94   61.94   61.54   59.62   59.94   61.15   60.00   60.26   60.90   60.65   65.92   61.54   64.54   66.03   65.71   64.74   67.21   63.46   63.06   63.02   63.38   64.42   63.38   50.16   52.27   49.03   42.38   43.71   43.71   38.67   43.33   37.67   38.00   39.06   41.33   38.00   38.33   40.67   39.67   36.67   38.33   37.67   38.33   30.00   32.19   32.19   32.88   32.88   29.01   28.67   29.79   30.30   30.30   28.95   30.33   31.21   30.30   30.13   28.63   30.61   33.22   31.86   32.54   31.86   30.77   32.66   34.01   30.85   32.20   26.87   30.77
     9: WP_016640837|Streptomyces_aurant   22.15   22.15   25.17   23.49   26.98   55.91   62.82   90.73  100.00   61.74   61.74   61.22   58.33   63.14   60.26   62.58   61.22   58.65   59.94   61.02   60.00   59.62   60.26   60.32   65.27   63.46   65.50   66.35   66.03   65.38   67.21   63.46   63.58   63.67   62.94   64.74   62.94   49.68   50.81   48.86   42.38   44.04   42.72   39.00   42.67   37.67   37.33   39.06   41.33   37.67   37.67   40.00   39.00   38.00   39.00   37.67   39.00   30.33   32.19   31.85   33.56   33.22   28.33   29.10   30.48   30.98   30.64   28.57   32.11   32.89   31.31   30.46   29.39   31.97   32.88   32.20   32.54   31.86   31.44   31.65   34.01   30.51   32.20   26.87   31.77
    10: ZP_06920691|Streptomyces_sviceus   23.65   23.31   23.99   21.96   26.26   63.34   63.02   61.74   61.74  100.00   94.21   92.28   63.67   65.92   64.95   64.40   65.59   64.95   64.31   64.31   65.05   64.63   65.92   66.02   64.19   62.70   66.24   65.92   66.24   67.85   65.80   65.59   63.34   65.48   65.92   64.31   64.31   54.90   56.39   55.08   43.85   44.19   45.85   35.79   42.81   43.48   41.14   43.24   42.81   40.13   39.80   41.14   40.13   40.80   42.47   42.47   41.47   30.43   31.62   30.58   30.58   30.93   30.14   29.97   30.58   31.65   31.42   30.94   31.21   32.55   33.00   31.89   29.89   34.69   34.69   35.71   35.71   34.69   35.69   34.34   35.69   35.03   35.71   29.59   33.67
    11: WP_019068962|Streptomyces_sp_R1-   22.30   22.64   24.32   21.62   25.90   62.06   62.06   61.09   61.74   94.21  100.00   96.14   63.02   64.95   64.63   63.75   64.31   63.34   62.70   63.34   64.08   63.67   64.63   65.05   64.84   61.09   65.92   65.92   65.59   66.56   66.12   65.27   63.34   65.16   64.95   64.31   63.67   54.90   55.74   54.43   43.85   44.19   45.85   35.79   41.81   42.47   41.47   43.24   43.48   41.14   39.80   40.47   39.80   40.47   41.47   40.47   40.80   32.11   30.93   29.90   30.24   30.24   29.45   29.29   29.55   30.98   30.41   29.81   31.54   32.55   33.00   31.89   30.65   35.71   35.03   36.05   35.71   34.69   34.68   34.01   35.69   34.69   35.71   29.25   32.66
    12: WP_019057978|Streptomyces_prunic   22.22   22.56   24.24   21.89   25.90   63.46   61.09   59.94   61.22   92.28   96.14  100.00   62.38   64.95   64.31   64.72   65.27   64.31   63.67   64.74   65.37   64.63   65.27   66.34   64.84   60.77   66.35   65.59   65.27   66.88   65.15   64.63   63.46   65.48   65.06   63.99   63.46   55.70   56.54   54.25   44.85   45.18   46.51   36.12   42.81   42.14   41.14   43.92   43.14   41.81   40.13   41.47   40.13   41.14   41.47   40.80   40.80   31.77   31.27   30.58   30.93   31.27   29.45   29.19   30.58   31.65   30.74   30.57   31.10   31.54   32.32   31.23   29.89   35.71   34.01   35.71   35.03   34.35   35.57   34.34   35.69   34.69   36.05   29.59   33.22
    13: ZP_07292814|Streptomyces_hygrosc   23.91   23.57   24.24   23.57   29.14   60.26   60.26   59.94   58.33   63.67   63.02   62.38  100.00   63.78   65.38   65.81   67.63   65.71   66.35   66.67   66.13   66.99   65.71   68.39   66.56   65.71   66.35   67.31   65.38   64.74   65.91   66.67   62.82   66.56   65.06   67.31   66.99   52.12   54.58   53.59   42.72   43.05   45.36   39.00   43.33   39.33   40.00   40.07   41.67   37.00   39.67   41.00   40.67   36.33   37.67   37.00   36.33   32.33   33.56   31.85   30.82   32.19   31.06   31.21   31.85   31.99   32.32   30.83   32.89   33.56   32.66   32.12   30.15   33.33   34.92   33.90   34.58   34.24   33.22   33.67   35.02   32.88   32.20   28.91   32.89
    14: WP_017564578|Nocardiopsis_synnem   23.91   23.57   25.25   23.23   28.78   63.14   64.42   64.10   63.14   65.92   64.95   64.95   63.78  100.00   74.68   74.52   74.68   73.08   75.00   73.40   76.45   73.72   76.28   76.13   72.35   68.59   71.47   74.36   73.40   73.72   72.40   75.96   71.15   71.38   74.68   74.68   74.04   52.44   54.90   53.27   45.36   45.70   47.02   40.00   46.67   40.00   42.33   43.77   45.67   40.67   43.00   43.67   43.00   41.00   41.33   41.67   40.67   30.00   31.85   30.82   31.85   32.19   30.72   30.87   30.14   34.68   33.33   33.08   35.23   34.56   34.34   35.10   31.68   34.69   36.61   35.59   36.61   36.27   32.89   33.00   34.68   31.53   32.20   31.29   36.24
    15: WP_004003431|Streptomyces_virido   24.24   24.24   24.24   22.90   28.06   63.78   61.86   59.94   60.26   64.95   64.63   64.31   65.38   74.68  100.00   83.87   85.58   84.94   85.90   82.37   85.81   83.97   86.54   85.48   66.88   67.31   73.40   74.04   70.19   71.47   69.81   73.72   68.91   71.38   72.44   75.00   72.76   56.03   59.48   54.90   46.03   45.03   46.03   40.67   47.33   40.33   42.00   42.42   44.00   40.67   41.33   43.33   42.33   40.00   40.33   39.67   39.00   29.33   32.19   31.16   32.19   31.85   30.38   31.88   29.79   33.33   31.65   30.83   33.89   33.56   34.68   33.11   30.92   32.99   32.88   32.88   33.56   32.20   33.22   34.01   35.02   32.54   34.24   29.25   34.23
    16: WP_020125795|Streptomyces_sp_303   24.07   24.07   23.39   21.69   28.42   64.19   61.61   61.94   62.58   64.40   63.75   64.72   65.81   74.52   83.87  100.00   88.39   87.10   88.06   89.03   89.35   88.71   89.68   89.35   67.74   65.81   71.61   72.58   69.68   69.03   67.86   71.61   68.71   69.03   70.32   70.97   71.29   55.74   57.89   54.93   44.19   45.51   46.84   42.00   48.00   41.00   42.00   41.75   43.00   41.00   41.33   43.00   41.67   40.33   40.00   39.67   39.00   30.43   31.16   31.16   31.51   31.85   30.38   31.42   29.79   33.22   31.53   30.45   32.43   33.11   33.56   34.00   31.30   33.90   34.81   34.81   35.15   34.81   33.78   33.56   34.92   33.79   34.81   29.79   33.45
    17: WP_005473453|Streptomyces_bottro   23.57   23.91   22.90   22.22   28.78   65.06   63.14   61.54   61.22   65.59   64.31   65.27   67.63   74.68   85.58   88.39  100.00   87.50   86.86   88.46   89.03   90.06   89.74   90.65   66.56   66.35   72.12   72.76   70.19   70.83   68.51   72.12   69.23   69.77   70.19   72.12   70.83   53.42   57.19   53.27   43.71   45.36   46.69   40.33   48.00   40.00   41.67   41.41   43.00   40.00   41.00   42.67   41.33   39.67   39.67   38.67   37.67   28.67   29.79   30.14   30.48   30.82   29.01   29.87   28.42   33.67   31.65   30.08   32.89   32.89   33.33   33.11   29.77   34.35   34.58   34.58   35.25   34.92   33.89   32.66   34.01   33.22   33.90   31.29   33.56
    18: ZP_06922066|Streptomyces_sviceus   24.58   23.91   22.90   21.89   28.06   64.42   61.54   59.62   58.65   64.95   63.34   64.31   65.71   73.08   84.94   87.10   87.50  100.00   91.03   88.78   89.68   89.74   90.71   90.32   66.24   66.67   71.79   71.79   67.63   68.91   68.83   71.47   65.71   69.77   70.51   71.15   70.83   54.40   58.17   53.92   44.04   44.04   46.36   40.33   47.67   40.67   42.00   42.09   43.33   41.00   42.00   42.67   41.67   40.00   40.00   40.67   38.67   29.00   32.19   30.82   31.85   32.53   31.06   31.21   31.16   34.01   31.31   29.70   32.89   33.89   33.67   33.11   31.30   34.01   34.92   33.90   34.92   34.24   33.56   34.34   35.35   34.92   35.93   30.27   33.89
    19: WP_004003465|Streptomyces_virido   25.25   25.25   23.91   22.90   28.06   63.78   62.18   59.94   59.94   64.31   62.70   63.67   66.35   75.00   85.90   88.06   86.86   91.03  100.00   88.78   91.94   90.38   90.06   89.68   66.24   67.31   73.40   73.40   67.95   69.23   67.86   71.79   65.71   70.42   71.15   72.44   71.15   56.35   59.48   53.59   45.36   44.37   48.34   40.67   47.33   40.00   42.33   42.76   42.67   40.33   41.33   42.00   41.67   40.33   40.00   39.00   38.33   29.00   32.19   30.82   32.19   32.19   30.72   31.21   30.48   34.34   31.65   30.45   33.22   34.23   34.01   33.11   32.06   34.01   34.92   34.24   34.92   34.92   33.22   34.34   36.03   34.24   35.93   30.61   34.90
    20: WP_005473668|Streptomyces_bottro   24.26   24.26   22.95   20.98   28.06   63.61   61.54   61.15   61.02   64.31   63.34   64.74   66.67   73.40   82.37   89.03   88.46   88.78   88.78  100.00   90.00   91.99   90.06   90.65   66.56   66.03   71.57   72.44   67.63   69.55   68.83   71.15   64.38   69.13   68.75   70.51   70.06   54.37   56.49   52.43   43.05   45.70   47.35   40.00   48.67   39.67   42.33   41.75   43.00   39.67   41.00   42.00   41.33   39.33   38.33   39.33   39.33   29.00   30.82   30.14   30.82   31.16   29.69   29.41   29.11   34.34   31.99   30.45   33.44   34.23   34.01   33.44   31.68   34.35   35.93   34.92   35.93   36.27   35.12   34.68   36.36   35.25   36.61   31.63   34.45
    21: CAJ89990|Streptomyces_ambofacien   25.08   24.75   23.73   22.37   28.06   66.13   62.26   60.00   60.00   65.05   64.08   65.37   66.13   76.45   85.81   89.35   89.03   89.68   91.94   90.00  100.00   90.32   92.90   92.90   68.71   68.06   73.87   73.55   68.39   70.00   68.83   72.26   68.39   70.97   72.26   73.23   72.26   55.74   57.24   53.62   44.19   44.85   46.51   40.33   47.67   40.33   43.33   42.42   43.33   40.33   41.67   43.67   43.00   40.33   39.67   39.67   39.67   30.43   31.51   30.48   31.51   31.85   30.72   31.08   30.14   34.24   32.88   30.83   33.11   33.11   33.56   34.00   32.44   34.25   36.18   35.49   36.18   36.18   34.12   34.58   36.95   34.81   35.49   31.51   34.80
    22: WP_009330041|Streptomyces_ipomoe   24.92   24.92   23.57   21.89   26.98   65.06   59.94   60.26   59.62   64.63   63.67   64.63   66.99   73.72   83.97   88.71   90.06   89.74   90.38   91.99   90.32  100.00   92.95   91.94   66.24   66.03   71.15   72.44   68.91   69.55   68.18   71.47   65.38   68.17   68.59   69.55   69.55   55.05   56.86   52.94   44.70   46.03   48.34   40.67   47.33   38.33   40.33   40.40   42.33   40.00   40.00   41.33   40.00   38.00   37.33   38.00   37.00   29.33   30.82   30.14   30.82   31.16   29.69   29.53   29.11   34.34   31.31   30.08   33.22   33.22   33.67   33.11   30.15   33.67   34.92   34.24   35.25   34.92   34.56   34.68   36.36   34.92   35.59   30.61   34.23
    23: WP_018529113|Streptomyces_sp_Hmi   23.91   23.91   22.90   21.21   27.70   66.35   60.90   60.90   60.26   65.92   64.63   65.27   65.71   76.28   86.54   89.68   89.74   90.71   90.06   90.06   92.90   92.95  100.00   93.87   67.52   68.27   73.40   73.72   69.23   70.51   69.81   72.12   67.63   68.81   71.15   72.12   69.87   54.72   57.52   53.92   44.70   46.36   47.68   40.67   48.33   40.00   42.33   42.09   43.33   41.00   41.33   42.00   40.67   40.00   39.33   39.33   39.00   29.67   31.16   30.48   30.82   31.16   30.38   30.54   29.45   33.67   31.31   30.45   32.89   33.56   34.68   34.77   32.06   33.67   34.92   34.58   35.25   34.24   33.89   34.34   35.69   33.56   34.58   30.27   33.56
    24: YP_007519387|Streptomyces_davawe   24.75   24.75   23.39   22.37   27.34   64.19   61.61   60.65   60.32   66.02   65.05   66.34   68.39   76.13   85.48   89.35   90.65   90.32   89.68   90.65   92.90   91.94   93.87  100.00   68.71   66.77   71.61   72.58   69.35   70.65   68.51   71.61   67.42   71.29   72.26   73.55   72.58   55.08   57.89   54.28   43.85   45.85   46.84   40.33   48.00   40.33   42.33   42.09   43.67   41.33   42.33   43.00   41.67   40.00   39.00   40.00   38.67   30.43   31.16   30.82   31.16   31.51   31.06   30.74   30.48   33.90   31.86   31.20   33.11   33.11   34.24   34.00   32.82   34.59   35.49   34.47   35.84   35.15   34.46   34.58   36.61   35.15   35.49   31.51   33.78
    25: WP_017975304|Actinopolyspora_hal   23.65   23.31   23.65   22.97   28.06   60.13   66.88   65.92   65.27   64.19   64.84   64.84   66.56   72.35   66.88   67.74   66.56   66.24   66.24   66.56   68.71   66.24   67.52   68.71  100.00   68.49   73.95   76.21   72.35   74.60   72.08   73.63   71.38   72.03   73.31   71.06   73.31   51.63   56.39   53.44   43.38   44.37   44.04   40.33   45.00   41.67   44.00   42.76   46.00   41.33   43.33   42.33   43.00   40.67   41.00   40.67   41.67   31.67   31.85   33.56   34.25   34.59   31.74   30.64   32.53   31.08   32.77   32.33   33.00   33.00   33.11   33.89   31.30   31.74   34.35   33.67   34.69   34.35   34.34   35.81   36.15   33.33   34.69   29.35   34.01
    26: WP_006369860|Gordonia_polyisopre   22.22   22.22   23.91   21.89   29.50   64.42   61.86   61.54   63.46   62.70   61.09   60.77   65.71   68.59   67.31   65.81   66.35   66.67   67.31   66.03   68.06   66.03   68.27   66.77   68.49  100.00   75.64   75.32   72.76   73.40   76.30   75.00   70.19   68.17   74.36   73.72   72.12   52.12   52.94   50.98   42.05   43.38   46.36   40.00   44.00   40.00   42.00   43.10   43.67   39.33   40.67   41.67   40.67   39.67   40.33   39.00   38.67   32.67   33.56   34.25   34.59   34.93   33.45   33.22   34.59   31.65   30.98   30.45   32.21   32.21   32.32   34.11   29.77   31.29   33.56   33.22   33.56   32.88   33.22   32.66   34.68   30.51   30.51   30.95   33.89
    27: YP_006366237|Modestobacter_marin   24.50   23.83   24.83   23.49   28.42   65.50   63.46   64.54   65.50   66.24   65.92   66.35   66.35   71.47   73.40   71.61   72.12   71.79   73.40   71.57   73.87   71.15   73.40   71.61   73.95   75.64  100.00   93.27   81.41   82.05   82.14   83.33   75.72   73.31   76.04   76.28   77.00   52.60   55.37   53.09   44.70   45.36   45.36   40.33   46.67   42.67   44.67   42.76   45.00   42.00   41.00   43.00   43.67   40.33   41.67   39.00   39.00   29.33   32.53   32.88   33.22   33.22   29.69   30.43   31.16   30.64   31.31   31.20   33.11   33.56   32.66   32.78   28.63   32.31   32.54   33.22   33.56   32.54   33.44   32.32   33.67   30.85   32.54   29.25   34.78
    28: YP_005329890|Blastococcus_saxobs   25.25   24.92   25.25   23.91   28.42   65.06   64.74   66.03   66.35   65.92   65.92   65.59   67.31   74.36   74.04   72.58   72.76   71.79   73.40   72.44   73.55   72.44   73.72   72.58   76.21   75.32   93.27  100.00   83.33   83.65   82.14   84.94   76.60   74.60   77.88   75.96   78.53   54.40   55.88   52.94   44.04   45.70   46.36   41.33   46.67   42.33   43.33   43.43   45.00   42.00   40.67   42.33   42.33   39.00   39.33   38.00   39.00   28.67   32.88   32.53   33.56   33.56   30.03   30.20   31.16   32.66   30.64   30.08   33.89   34.90   34.34   33.44   28.63   33.67   33.90   34.58   34.92   33.56   32.89   33.33   34.34   31.86   32.88   29.59   34.56
    29: WP_019930818|Nocardia_sp_BMG1112   24.58   23.91   24.92   24.58   28.42   62.18   62.50   65.71   66.03   66.24   65.59   65.27   65.38   73.40   70.19   69.68   70.19   67.63   67.95   67.63   68.39   68.91   69.23   69.35   72.35   72.76   81.41   83.33  100.00   84.29   84.09   85.90   75.96   75.24   77.88   78.53   76.92   53.09   55.88   53.27   46.03   47.35   48.01   39.33   47.00   41.00   41.67   42.09   45.00   39.67   40.00   41.67   41.33   38.67   39.67   37.33   38.33   30.67   33.56   32.88   33.22   32.88   30.03   29.87   31.16   32.32   31.31   30.83   32.89   34.56   32.66   31.46   28.24   32.65   34.24   33.90   33.56   33.22   34.23   34.34   35.35   32.20   34.24   31.97   33.89
    30: WP_020639381|Amycolatopsis_balhi   24.58   24.58   24.58   23.57   29.86   63.46   64.74   64.74   65.38   67.85   66.56   66.88   64.74   73.72   71.47   69.03   70.83   68.91   69.23   69.55   70.00   69.55   70.51   70.65   74.60   73.40   82.05   83.65   84.29  100.00   87.66   86.22   73.72   76.21   76.28   75.00   75.96   54.07   55.88   54.90   44.04   46.36   46.36   41.67   47.33   44.33   44.00   45.45   46.00   42.33   41.33   42.33   43.33   41.00   42.00   41.00   40.67   30.33   34.25   35.27   35.27   34.93   31.06   31.88   33.90   32.32   31.65   31.20   35.91   36.58   35.02   33.77   30.15   34.35   35.25   34.92   34.92   34.58   35.91   35.69   36.36   35.25   37.29   32.65   37.25
    31: WP_003088983|Amycolatopsis_vanco   25.60   24.57   24.57   23.55   29.14   65.58   64.29   67.21   67.21   65.80   66.12   65.15   65.91   72.40   69.81   67.86   68.51   68.83   67.86   68.83   68.83   68.18   69.81   68.51   72.08   76.30   82.14   82.14   84.09   87.66  100.00   89.61   75.97   73.70   78.25   77.60   77.27   54.13   56.29   56.95   44.82   46.15   47.49   42.28   47.32   44.30   44.97   45.45   46.98   42.28   43.29   43.29   44.30   42.28   43.62   41.28   42.28   30.98   34.25   33.90   34.25   33.90   30.38   31.97   33.90   32.08   32.42   31.95   35.71   36.39   35.15   33.89   30.92   35.52   36.08   36.43   36.08   35.74   36.05   34.81   35.84   34.36   35.40   32.07   36.39
    32: WP_020421195|Amycolatopsis_sp_AT   23.91   22.90   22.90   22.22   29.14   64.10   63.46   63.46   63.46   65.59   65.27   64.63   66.67   75.96   73.72   71.61   72.12   71.47   71.79   71.15   72.26   71.47   72.12   71.61   73.63   75.00   83.33   84.94   85.90   86.22   89.61  100.00   75.32   73.63   77.56   76.28   75.64   55.05   57.19   56.54   45.36   46.03   48.01   40.00   46.67   41.67   43.00   43.43   44.33   39.67   41.33   40.67   41.00   38.67   40.00   38.67   38.33   30.67   34.25   33.56   33.22   32.88   31.06   30.54   31.85   33.00   33.00   32.33   35.23   36.58   35.35   34.77   29.77   34.69   34.92   35.59   34.92   34.92   33.89   35.69   37.37   33.90   36.27   31.63   37.58
    33: ZP_06410531|Frankia_sp_EUN1f|Non   23.70   23.38   23.38   21.75   28.78   62.97   62.18   63.06   63.58   63.34   63.34   63.46   62.82   71.15   68.91   68.71   69.23   65.71   65.71   64.38   68.39   65.38   67.63   67.42   71.38   70.19   75.72   76.60   75.96   73.72   75.97   75.32  100.00   72.35   76.95   79.81   75.48   50.81   55.19   52.43   44.04   47.02   46.69   40.67   45.67   42.33   44.00   44.11   45.33   41.33   43.00   42.67   44.00   41.33   41.33   39.00   41.67   30.67   32.19   31.85   32.53   32.53   29.69   28.48   30.14   32.32   30.98   30.45   32.45   31.88   31.99   32.45   30.15   30.61   32.20   31.19   32.20   32.20   32.78   31.31   32.32   30.85   32.54   28.57   33.44
    34: WP_018334653|Actinomycetospora_c   25.00   24.32   25.34   23.65   29.50   62.38   64.31   63.02   63.67   65.48   65.16   65.48   66.56   71.38   71.38   69.03   69.77   69.77   70.42   69.13   70.97   68.17   68.81   71.29   72.03   68.17   73.31   74.60   75.24   76.21   73.70   73.63   72.35  100.00   76.53   80.39   81.67   54.58   57.05   53.77   45.36   43.05   43.71   40.00   48.00   41.67   42.00   44.11   44.33   41.67   42.00   43.67   43.00   40.67   41.67   39.67   41.33   31.67   32.53   32.53   33.22   33.56   30.03   30.98   31.51   30.74   29.73   30.83   33.33   33.67   33.11   31.56   30.53   31.06   32.31   31.97   31.97   31.97   34.01   32.09   33.11   30.95   32.99   30.38   34.01
    35: WP_008361750|Nocardioidaceae_bac   23.86   23.53   22.88   21.24   27.34   62.97   64.10   63.38   62.94   65.92   64.95   65.06   65.06   74.68   72.44   70.32   70.19   70.51   71.15   68.75   72.26   68.59   71.15   72.26   73.31   74.36   76.04   77.88   77.88   76.28   78.25   77.56   76.95   76.53  100.00   82.37   83.44   55.02   56.82   54.05   43.38   43.05   46.36   40.33   45.00   42.00   42.67   42.76   45.33   40.67   43.33   44.00   45.33   39.67   40.33   39.33   40.67   31.67   30.82   31.51   31.85   31.85   30.03   28.34   30.82   33.67   32.66   33.46   34.44   35.23   34.34   32.78   32.44   32.31   33.22   33.22   33.56   33.22   35.12   34.34   35.35   32.88   32.54   30.95   33.78
    36: WP_020513854|Actinoplanes_globis   23.57   23.57   24.58   23.57   29.50   63.46   64.10   64.42   64.74   64.31   64.31   63.99   67.31   74.68   75.00   70.97   72.12   71.15   72.44   70.51   73.23   69.55   72.12   73.55   71.06   73.72   76.28   75.96   78.53   75.00   77.60   76.28   79.81   80.39   82.37  100.00   85.26   54.07   57.84   54.25   43.71   43.38   45.03   41.00   47.33   40.33   42.00   43.10   44.33   40.00   43.00   43.67   43.00   41.33   41.67   39.33   40.67   30.67   32.88   32.19   33.22   33.22   30.03   31.54   31.51   34.34   31.65   30.45   33.56   33.56   32.66   33.11   31.30   32.65   33.90   32.20   32.88   32.54   32.21   33.33   34.68   31.53   32.54   31.29   34.90
    37: YP_005463416|Actinoplanes_missou   24.08   24.41   24.41   22.74   28.78   62.74   65.38   63.38   62.94   64.31   63.67   63.46   66.99   74.04   72.76   71.29   70.83   70.83   71.15   70.06   72.26   69.55   69.87   72.58   73.31   72.12   77.00   78.53   76.92   75.96   77.27   75.64   75.48   81.67   83.44   85.26  100.00   55.02   58.12   55.19   42.05   42.72   45.03   41.67   46.00   41.33   42.00   41.75   44.00   40.67   43.67   44.33   44.67   40.33   41.67   39.67   40.33   30.67   31.51   32.19   32.88   33.22   30.03   31.00   30.82   32.32   29.29   30.83   32.33   32.55   31.65   31.13   30.15   31.97   32.88   32.88   33.56   32.54   32.78   33.00   34.01   32.54   32.20   31.29   33.78
    38: YP_007291700|Mycobacterium_smegm   23.13   23.13   23.47   23.13   27.70   48.54   52.44   50.16   49.68   54.90   54.90   55.70   52.12   52.44   56.03   55.74   53.42   54.40   56.35   54.37   55.74   55.05   54.72   55.08   51.63   52.12   52.60   54.40   53.09   54.07   54.13   55.05   50.81   54.58   55.02   54.07   55.02  100.00   63.96   61.36   45.03   42.72   42.38   38.67   46.33   40.00   41.33   43.10   40.00   41.00   41.67   42.33   41.00   40.00   40.67   40.00   41.00   29.24   32.53   33.22   32.19   33.22   31.40   29.33   31.85   33.67   33.00   31.95   35.33   33.89   35.35   35.76   34.35   31.29   31.86   32.20   31.86   31.53   31.10   33.67   35.35   30.85   32.20   31.29   34.11
    39: YP_921900|Nocardioides_sp_JS614|   25.60   25.94   24.57   23.55   30.22   53.57   54.90   52.27   50.81   56.39   55.74   56.54   54.58   54.90   59.48   57.89   57.19   58.17   59.48   56.49   57.24   56.86   57.52   57.89   56.39   52.94   55.37   55.88   55.88   55.88   56.29   57.19   55.19   57.05   56.82   57.84   58.12   63.96  100.00   76.38   42.38   44.37   43.05   40.67   45.67   43.00   42.00   44.78   43.67   43.00   41.67   41.67   41.33   42.67   42.67   39.33   40.67   33.00   35.27   33.56   34.93   34.93   32.42   32.00   34.25   36.70   34.34   34.59   34.67   33.56   33.00   34.44   33.97   32.65   34.92   34.58   34.24   34.24   34.45   37.71   37.71   33.90   35.59   32.31   36.79
    40: YP_005331396|Blastococcus_saxobs   23.47   22.79   22.11   22.11   29.14   49.51   53.27   49.03   48.86   55.08   54.43   54.25   53.59   53.27   54.90   54.93   53.27   53.92   53.59   52.43   53.62   52.94   53.92   54.28   53.44   50.98   53.09   52.94   53.27   54.90   56.95   56.54   52.43   53.77   54.05   54.25   55.19   61.36   76.38  100.00   41.72   42.05   42.05   37.33   43.33   40.67   40.67   43.43   41.67   41.67   41.00   41.33   41.33   40.67   41.33   39.00   39.33   31.67   33.90   32.19   32.53   32.88   31.40   30.23   31.85   36.36   33.00   33.46   32.89   32.89   32.32   32.78   32.44   32.99   34.58   34.24   34.24   33.56   36.45   35.69   36.36   34.58   34.92   32.99   36.79
    41: YP_004535848|Novosphingobium_sp_   24.39   24.39   25.78   25.09   33.70   42.38   41.06   42.38   42.38   43.85   43.85   44.85   42.72   45.36   46.03   44.19   43.71   44.04   45.36   43.05   44.19   44.70   44.70   43.85   43.38   42.05   44.70   44.04   46.03   44.04   44.82   45.36   44.04   45.36   43.38   43.71   42.05   45.03   42.38   41.72  100.00   73.18   70.86   48.49   56.19   51.17   48.49   51.01   53.18   53.18   47.83   48.49   47.16   48.83   49.16   48.49   48.16   29.63   28.72   28.37   29.76   29.07   28.62   28.91   30.10   31.74   35.03   35.23   33.67   34.01   34.13   33.56   32.69   31.62   29.79   31.51   31.51   30.82   34.69   33.79   33.79   32.88   34.59   31.27   28.14
    42: WP_007012513|Novosphingobium_pen   24.39   24.39   26.48   24.74   34.06   43.71   42.05   43.71   44.04   44.19   44.19   45.18   43.05   45.70   45.03   45.51   45.36   44.04   44.37   45.70   44.85   46.03   46.36   45.85   44.37   43.38   45.36   45.70   47.35   46.36   46.15   46.03   47.02   43.05   43.05   43.38   42.72   42.72   44.37   42.05   73.18  100.00   79.80   47.49   55.85   53.85   49.83   54.05   53.18   54.85   48.49   49.16   48.49   50.17   49.50   49.83   48.16   29.63   29.76   28.03   29.07   29.07   28.97   28.57   30.10   33.45   32.99   34.47   34.01   34.35   34.47   32.55   31.54   31.62   33.22   33.22   33.22   32.53   34.35   36.18   35.84   34.25   35.62   30.93   30.51
    43: YP_004835995|Sphingobium_sp_SYK-   23.69   24.04   24.74   23.00   32.97   44.04   43.38   43.71   42.72   45.85   45.85   46.51   45.36   47.02   46.03   46.84   46.69   46.36   48.34   47.35   46.51   48.34   47.68   46.84   44.04   46.36   45.36   46.36   48.01   46.36   47.49   48.01   46.69   43.71   46.36   45.03   45.03   42.38   43.05   42.05   70.86   79.80  100.00   49.83   57.19   52.84   52.17   53.38   51.84   53.85   50.17   49.50   48.49   47.49   47.49   47.16   47.49   30.30   29.07   26.99   27.34   27.34   27.59   27.21   29.41   33.79   32.65   32.95   33.67   35.71   35.49   33.89   31.54   33.68   33.56   34.25   33.56   32.88   34.35   33.45   34.47   33.22   34.59   29.55   31.53
    44: ZP_01223522|marine_gamma_proteob   22.11   22.81   23.86   22.46   30.07   40.00   37.67   38.67   39.00   35.79   35.79   36.12   39.00   40.00   40.67   42.00   40.33   40.33   40.67   40.00   40.33   40.67   40.67   40.33   40.33   40.00   40.33   41.33   39.33   41.67   42.28   40.00   40.67   40.00   40.33   41.00   41.67   38.67   40.67   37.33   48.49   47.49   49.83  100.00   60.33   56.67   52.67   53.87   56.33   53.67   54.33   54.00   55.33   54.33   51.33   50.00   50.67   29.49   29.51   28.12   28.47   28.12   26.64   26.37   27.78   30.24   31.96   31.68   33.56   33.90   34.02   32.43   31.01   29.86   29.76   31.83   30.80   30.45   33.90   33.33   33.68   29.76   30.80   29.51   31.16
    45: WP_018061312|Caulobacter_sp_JGI_   21.05   21.05   20.70   20.00   31.88   43.67   45.67   43.33   42.67   42.81   41.81   42.81   43.33   46.67   47.33   48.00   48.00   47.67   47.33   48.67   47.67   47.33   48.33   48.00   45.00   44.00   46.67   46.67   47.00   47.33   47.32   46.67   45.67   48.00   45.00   47.33   46.00   46.33   45.67   43.33   56.19   55.85   57.19   60.33  100.00   67.33   64.00   65.66   65.00   65.33   61.67   62.33   61.00   59.67   58.67   58.67   60.33   29.83   29.86   30.90   31.60   30.56   28.03   27.05   29.17   32.30   31.62   32.82   31.85   33.90   33.68   32.43   29.84   28.12   30.45   29.41   30.45   30.45   30.82   30.24   30.58   27.68   29.41   32.29   30.48
    46: YP_003819039|Brevundimonas_subvi   25.61   24.91   24.91   23.51   31.16   43.00   43.33   37.67   37.67   43.48   42.47   42.14   39.33   40.00   40.33   41.00   40.00   40.67   40.00   39.67   40.33   38.33   40.00   40.33   41.67   40.00   42.67   42.33   41.00   44.33   44.30   41.67   42.33   41.67   42.00   40.33   41.33   40.00   43.00   40.67   51.17   53.85   52.84   56.67   67.33  100.00   76.00   75.76   71.00   70.67   69.00   66.67   66.67   69.67   69.00   65.33   69.00   31.19   30.21   29.17   29.17   28.82   27.68   27.40   28.82   28.52   29.90   30.15   30.82   32.53   31.62   30.07   29.84   30.21   31.14   31.14   31.49   31.49   33.22   31.96   31.27   32.53   33.91   29.86   31.16
    47: WP_017670018|Blastomonas_sp_AAP5   23.16   23.16   22.81   21.75   32.25   43.00   44.67   38.00   37.33   41.14   41.47   41.14   40.00   42.33   42.00   42.00   41.67   42.00   42.33   42.33   43.33   40.33   42.33   42.33   44.00   42.00   44.67   43.33   41.67   44.00   44.97   43.00   44.00   42.00   42.67   42.00   42.00   41.33   42.00   40.67   48.49   49.83   52.17   52.67   64.00   76.00  100.00   76.43   73.67   73.33   70.67   71.00   70.33   68.33   69.00   66.67   68.67   30.85   29.86   28.12   27.78   27.08   28.72   27.74   28.82   30.24   30.93   31.68   29.45   29.79   29.55   31.08   29.46   29.17   31.14   30.80   31.14   31.14   30.48   32.30   31.96   30.80   32.18   28.82   33.22
    48: WP_007405024|Sphingomonas_sp_S17   23.05   23.05   22.34   22.34   32.25   42.76   43.10   39.06   39.06   43.24   43.24   43.92   40.07   43.77   42.42   41.75   41.41   42.09   42.76   41.75   42.42   40.40   42.09   42.09   42.76   43.10   42.76   43.43   42.09   45.45   45.45   43.43   44.11   44.11   42.76   43.10   41.75   43.10   44.78   43.43   51.01   54.05   53.38   53.87   65.66   75.76   76.43  100.00   77.78   80.13   70.37   69.02   68.01   74.41   73.74   72.39   75.42   30.82   27.78   27.08   27.08   26.74   26.64   25.61   27.08   31.94   29.51   29.39   32.18   32.53   33.33   29.69   29.46   31.58   32.52   32.52   32.52   32.87   31.49   32.99   32.64   31.47   32.87   30.53   32.87
    49: WP_004207105|Sphingobium_yanoiku   25.61   25.61   26.32   24.91   31.52   43.67   45.67   41.33   41.33   42.81   43.48   43.14   41.67   45.67   44.00   43.00   43.00   43.33   42.67   43.00   43.33   42.33   43.33   43.67   46.00   43.67   45.00   45.00   45.00   46.00   46.98   44.33   45.33   44.33   45.33   44.33   44.00   40.00   43.67   41.67   53.18   53.18   51.84   56.33   65.00   71.00   73.67   77.78  100.00   81.67   71.00   68.33   69.00   70.00   69.33   69.67   68.67   30.85   28.12   27.78   28.47   27.78   28.37   27.74   29.51   29.21   28.87   29.77   30.82   30.82   31.62   30.07   29.84   30.56   31.49   31.14   31.49   30.80   32.88   32.99   32.99   31.14   32.53   29.86   32.19
    50: WP_007712222|Sphingobium_sp_AP49   22.81   22.81   25.26   24.21   28.99   41.67   42.67   38.00   37.67   40.13   41.14   41.81   37.00   40.67   40.67   41.00   40.00   41.00   40.33   39.67   40.33   40.00   41.00   41.33   41.33   39.33   42.00   42.00   39.67   42.33   42.28   39.67   41.33   41.67   40.67   40.00   40.67   41.00   43.00   41.67   53.18   54.85   53.85   53.67   65.33   70.67   73.33   80.13   81.67  100.00   69.33   68.00   66.67   70.33   69.33   71.33   70.67   30.17   27.43   27.78   27.43   26.74   26.64   25.68   27.43   29.90   29.21   30.15   29.79   29.45   30.24   30.41   28.68   29.51   30.80   30.45   31.14   30.45   32.53   31.96   31.96   32.18   32.53   29.17   30.48
    51: YP_495994|Novosphingobium_aromat   24.56   25.61   24.91   23.51   30.07   40.67   42.00   38.33   37.67   39.80   39.80   40.13   39.67   43.00   41.33   41.33   41.00   42.00   41.33   41.00   41.67   40.00   41.33   42.33   43.33   40.67   41.00   40.67   40.00   41.33   43.29   41.33   43.00   42.00   43.33   43.00   43.67   41.67   41.67   41.00   47.83   48.49   50.17   54.33   61.67   69.00   70.67   70.37   71.00   69.33  100.00   79.00   79.67   74.00   75.67   73.00   71.67   31.19   28.47   28.82   28.12   28.47   28.37   27.05   29.51   30.24   31.96   33.21   31.85   33.22   33.33   33.45   33.33   31.60   32.87   32.53   33.22   33.91   31.51   34.02   33.68   32.87   34.26   30.21   31.51
    52: WP_010545073|Sphingomonas_elodea   22.81   23.51   23.16   21.40   30.07   42.67   44.67   40.67   40.00   41.14   40.47   41.47   41.00   43.67   43.33   43.00   42.67   42.67   42.00   42.00   43.67   41.33   42.00   43.00   42.33   41.67   43.00   42.33   41.67   42.33   43.29   40.67   42.67   43.67   44.00   43.67   44.33   42.33   41.67   41.33   48.49   49.16   49.50   54.00   62.33   66.67   71.00   69.02   68.33   68.00   79.00  100.00   91.67   72.33   72.33   71.00   71.33   32.20   30.56   30.21   29.86   29.86   28.03   29.79   29.86   31.96   32.99   33.97   31.85   31.51   31.62   34.12   32.95   30.56   31.49   32.87   33.22   31.83   33.56   35.05   35.05   32.53   34.26   30.21   31.85
    53: WP_019368675|Sphingomonas_sp_ATC   23.16   23.51   22.81   21.40   29.35   42.00   44.00   39.67   39.00   40.13   39.80   40.13   40.67   43.00   42.33   41.67   41.33   41.67   41.67   41.33   43.00   40.00   40.67   41.67   43.00   40.67   43.67   42.33   41.33   43.33   44.30   41.00   44.00   43.00   45.33   43.00   44.67   41.00   41.33   41.33   47.16   48.49   48.49   55.33   61.00   66.67   70.33   68.01   69.00   66.67   79.67   91.67  100.00   71.67   71.67   69.33   71.33   30.17   30.21   28.82   29.51   29.51   26.99   28.42   29.86   31.27   31.96   32.44   32.19   31.51   31.96   32.77   33.33   30.21   31.83   32.87   32.87   32.18   33.56   34.36   34.36   32.53   34.26   29.17   31.85
    54: YP_004538335|Novosphingobium_sp_   21.75   22.11   23.51   22.11   30.43   40.00   39.67   36.67   38.00   40.80   40.47   41.14   36.33   41.00   40.00   40.33   39.67   40.00   40.33   39.33   40.33   38.00   40.00   40.00   40.67   39.67   40.33   39.00   38.67   41.00   42.28   38.67   41.33   40.67   39.67   41.33   40.33   40.00   42.67   40.67   48.83   50.17   47.49   54.33   59.67   69.67   68.33   74.41   70.00   70.33   74.00   72.33   71.67  100.00   92.00   77.33   79.00   29.49   29.17   28.12   26.74   27.08   28.37   27.05   28.47   29.55   32.99   33.97   33.22   33.22   32.99   32.77   32.95   31.25   31.83   31.14   32.53   33.22   30.14   32.65   33.33   33.22   34.26   28.87   32.53
    55: WP_007014250|Novosphingobium_pen   23.16   24.21   24.56   23.16   31.88   40.67   41.00   38.33   39.00   42.47   41.47   41.47   37.67   41.33   40.33   40.00   39.67   40.00   40.00   38.33   39.67   37.33   39.33   39.00   41.00   40.33   41.67   39.33   39.67   42.00   43.62   40.00   41.33   41.67   40.33   41.67   41.67   40.67   42.67   41.33   49.16   49.50   47.49   51.33   58.67   69.00   69.00   73.74   69.33   69.33   75.67   72.33   71.67   92.00  100.00   77.00   79.67   30.51   29.51   28.82   27.78   28.12   28.03   28.08   28.47   28.52   31.96   33.21   31.16   31.51   30.93   31.08   31.40   30.90   30.80   31.14   31.83   32.18   30.14   31.96   32.65   32.87   33.91   28.12   33.22
