#
#
#  Percent Identity  Matrix - created by Clustal2.1 
#
#

     1: YP_286448|Dechloromonas_aromatic  100.00   50.95   58.99   58.63   50.73   52.92   41.61   43.80   43.07   45.62   45.62   47.45
     2: WP_019436629|Pseudomonas_putida|   50.95  100.00   63.91   65.41   52.49   55.00   39.77   38.46   42.69   40.61   43.08   45.38
     3: YP_002801323|Azotobacter_vinelan   58.99   63.91  100.00   78.52   53.99   60.00   41.61   44.00   45.82   45.29   46.18   49.82
     4: WP_017847306|Pseudomonas_veronii   58.63   65.41   78.52  100.00   55.07   59.64   42.70   43.27   46.55   44.93   44.36   49.45
     5: WP_019966183|Pannonibacter_phrag   50.73   52.49   53.99   55.07  100.00   63.27   39.78   39.64   41.45   41.30   42.55   48.73
     6: YP_006381768|Tistrella_mobilis_K   52.92   55.00   60.00   59.64   63.27  100.00   46.35   41.82   45.82   45.45   51.27   53.09
     7: WP_007014358|Novosphingobium_pen   41.61   39.77   41.61   42.70   39.78   46.35  100.00   46.72   44.16   52.36   53.28   54.01
     8: YP_004468881|Alteromonas_sp_SN2|   43.80   38.46   44.00   43.27   39.64   41.82   46.72  100.00   61.82   52.00   52.00   52.36
     9: AAD09870|Burkholderia_sp_RP007|P   43.07   42.69   45.82   46.55   41.45   45.82   44.16   61.82  100.00   50.55   51.27   54.91
    10: WP_007014338|Novosphingobium_pen   45.62   40.61   45.29   44.93   41.30   45.45   52.36   52.00   50.55  100.00   57.82   58.55
    11: AFH77969|bacterium_enrichment_cu   45.62   43.08   46.18   44.36   42.55   51.27   53.28   52.00   51.27   57.82  100.00   61.45
    12: WP_007184425|Hydrocarboniphaga_e   47.45   45.38   49.82   49.45   48.73   53.09   54.01   52.36   54.91   58.55   61.45  100.00
