#
#
#  Percent Identity  Matrix - created by Clustal2.1 
#
#

     1: WP_019966185|Pannonibacter_phrag  100.00   77.92   58.92   55.07   53.47   53.69   52.35   51.11   51.36   52.52   52.60   51.47   52.14   49.89
     2: YP_006381770|Tistrella_mobilis_K   77.92  100.00   57.04   54.32   52.69   54.04   50.47   50.22   48.86   49.08   51.81   51.58   50.79   49.43
     3: YP_003392246|Conexibacter_woesei   58.92   57.04  100.00   60.24   57.65   60.94   54.92   51.17   52.01   48.45   55.16   54.46   53.76   53.52
     4: YP_286446|Dechloromonas_aromatic   55.07   54.32   60.24  100.00   64.65   63.09   50.93   53.57   51.82   49.77   51.02   52.37   53.05   52.60
     5: WP_010567587|Pseudomonas_extrema   53.47   52.69   57.65   64.65  100.00   79.69   51.52   49.89   51.26   48.50   50.23   50.68   52.85   53.53
     6: YP_002801321|Azotobacter_vinelan   53.69   54.04   60.94   63.09   79.69  100.00   51.29   48.76   50.34   47.58   50.00   50.00   52.16   51.71
     7: YP_006837304|Cycloclasticus_sp_P   52.35   50.47   54.92   50.93   51.52   51.29  100.00   54.57   56.91   53.05   55.74   56.91   56.91   56.21
     8: AAN26443|Sphingopyxis_macrogolta   51.11   50.22   51.17   53.57   49.89   48.76   54.57  100.00   59.95   57.21   60.22   60.44   62.11   61.67
     9: YP_008375226|Cycloclasticus_zanc   51.36   48.86   52.01   51.82   51.26   50.34   56.91   59.95  100.00   74.83   61.76   61.99   64.56   65.01
    10: YP_006837475|Cycloclasticus_sp_P   52.52   49.08   48.45   49.77   48.50   47.58   53.05   57.21   74.83  100.00   59.40   59.40   59.27   58.81
    11: ACL31215|Rhodococcus_sp_TFB|Tet    52.60   51.81   55.16   51.02   50.23   50.00   55.74   60.22   61.76   59.40  100.00   92.54   71.59   70.70
    12: YP_708484|Rhodococcus_jostii_RHA   51.47   51.58   54.46   52.37   50.68   50.00   56.91   60.44   61.99   59.40   92.54  100.00   72.91   72.25
    13: NP_049186|Novosphingobium_aromat   52.14   50.79   53.76   53.05   52.85   52.16   56.91   62.11   64.56   59.27   71.59   72.91  100.00   89.67
    14: BAC65446|Sphingomonas_sp_P2|Bph    49.89   49.43   53.52   52.60   53.53   51.71   56.21   61.67   65.01   58.81   70.70   72.25   89.67  100.00
