#
#
#  Percent Identity  Matrix - created by Clustal2.1 
#
#

     1: YP_293484|Ralstonia_eutropha_JMP  100.00   53.26   27.03   33.17   30.29   30.12   33.89   33.41   32.22   32.22   32.46   32.50   33.42   32.24   30.98   31.05   31.71   33.59   33.17   33.58   33.49   29.52   30.24   33.75   32.06   31.04   30.23   28.97   29.02   29.16   31.37   27.43   29.35   27.68   27.27   26.79   28.82   30.37   32.68
     2: NP_891306|Bordetella_bronchisept   53.26  100.00   26.59   33.81   32.37   32.07   34.67   35.14   35.38   34.67   35.14   35.32   35.00   34.09   32.61   31.31   31.16   32.91   33.09   36.34   32.08   32.63   31.22   32.41   32.74   30.96   31.58   29.32   29.64   29.26   30.67   28.40   27.34   25.68   28.44   27.62   31.13   32.19   32.76
     3: WP_004865178|Acinetobacter_gerne   27.03   26.59  100.00   26.99   29.23   29.12   28.64   28.16   25.73   26.94   27.18   29.22   33.08   31.90   31.46   29.14   29.90   30.36   30.08   29.15   30.14   30.29   30.41   34.28   32.74   35.04   33.16   32.91   35.94   33.59   31.28   26.62   31.49   27.53   29.54   27.45   30.00   29.78   31.36
     4: YP_001893469|Burkholderia_phytof   33.17   33.81   26.99  100.00   38.15   38.55   35.95   35.00   35.24   33.57   33.33   34.24   34.08   33.92   32.78   37.44   35.34   37.94   35.31   34.47   34.43   33.88   33.02   33.16   32.07   30.56   27.54   30.27   31.81   32.75   32.19   30.37   30.75   29.25   30.05   29.13   31.51   31.07   30.19
     5: ZP_03542656|Comamonas_testostero   30.29   32.37   29.23   38.15  100.00   54.59   37.32   38.28   36.60   36.36   36.84   36.95   35.80   37.62   34.61   35.73   35.65   39.04   37.99   36.74   34.34   33.80   35.76   32.06   30.56   26.52   29.68   29.68   29.67   29.87   27.59   34.15   29.28   28.18   30.38   28.54   30.32   28.85   31.10
     6: NP_767578|Bradyrhizobium_japonic   30.12   32.07   29.12   38.55   54.59  100.00   36.02   37.91   36.97   35.78   36.26   35.78   35.63   37.44   34.35   32.62   32.70   39.90   36.56   38.93   35.31   35.47   35.88   31.98   28.46   25.94   29.28   29.53   29.77   32.24   30.61   35.37   31.45   28.26   29.25   28.64   30.73   29.90   30.24
     7: YP_587676|Cupriavidus_metallidur   33.89   34.67   28.64   35.95   37.32   36.02  100.00   56.49   58.54   62.64   64.46   38.42   39.51   38.86   33.73   34.87   35.75   35.84   36.83   37.56   38.12   37.14   37.62   36.23   31.66   31.91   31.34   32.59   32.65   32.91   31.05   30.07   30.85   29.75   30.22   31.97   35.31   32.43   33.09
     8: ZP_01015537|Maritimibacter_alkal   33.41   35.14   28.16   35.00   38.28   37.91   56.49  100.00   64.46   64.32   66.36   37.59   39.16   38.27   36.39   35.59   33.57   35.09   39.02   38.93   36.24   35.95   35.24   37.22   31.83   29.82   30.85   33.08   32.31   34.09   33.60   30.81   32.34   28.25   32.61   32.45   36.54   32.92   31.62
     9: YP_007511744|Bradyrhizobium_olig   32.22   35.38   25.73   35.24   36.60   36.97   58.54   64.46  100.00   67.65   67.20   41.38   38.02   38.61   35.18   33.17   33.57   33.83   36.83   40.73   35.76   36.19   35.00   36.72   32.91   31.66   31.84   32.59   31.88   32.16   31.84   31.78   30.10   27.25   29.26   29.81   33.58   32.19   30.88
    10: YP_557502|Burkholderia_xenovoran   32.22   34.67   26.94   33.57   36.36   35.78   62.64   64.32   67.65  100.00   90.23   37.19   36.79   36.88   34.70   31.96   33.82   32.58   35.37   38.78   35.06   35.71   35.71   35.73   32.16   29.15   30.85   32.59   33.16   34.67   34.21   32.03   29.85   26.25   30.22   30.77   37.53   31.70   33.58
    11: YP_552969|Burkholderia_xenovoran   32.46   35.14   27.18   33.33   36.84   36.26   64.46   66.36   67.20   90.23  100.00   38.18   37.04   36.88   33.98   31.96   33.57   32.83   36.10   38.54   35.53   35.71   37.14   36.72   30.65   28.64   31.84   32.84   32.65   34.42   34.47   31.05   31.34   26.00   29.02   30.77   37.04   31.94   34.07
    12: YP_004835044|Sphingobium_sp_SYK-   32.50   35.32   29.22   34.24   36.95   35.78   38.42   37.59   41.38   37.19   38.18  100.00   58.31   58.70   41.12   41.46   40.88   38.48   41.10   36.41   39.90   41.03   40.39   35.64   36.20   33.92   34.77   34.77   34.13   37.53   34.89   35.86   36.76   33.59   33.17   33.91   37.69   36.87   36.68
    13: YP_003608170|Burkholderia_sp_CCG   33.42   35.00   33.08   34.08   35.80   35.63   39.51   39.16   38.02   36.79   37.04   58.31  100.00   84.13   43.41   42.16   41.81   39.01   41.15   37.09   40.98   41.87   40.25   38.27   36.11   33.59   33.33   33.33   37.11   36.32   36.07   36.78   33.25   34.20   34.49   32.26   36.25   38.64   37.25
    14: YP_299968|Ralstonia_eutropha_JMP   32.24   34.09   31.90   33.92   37.62   37.44   38.86   38.27   38.61   36.88   36.88   58.70   84.13  100.00   44.25   41.77   41.42   41.47   42.14   38.44   41.32   42.47   41.34   37.76   36.11   34.34   33.84   33.59   37.37   37.08   36.61   38.13   35.40   35.32   34.33   33.08   36.50   37.47   35.50
    15: WP_020617219|Paenibacillus_daeje   30.98   32.61   31.46   32.78   34.61   34.35   33.73   36.39   35.18   34.70   33.98   41.12   43.41   44.25  100.00   49.53   47.65   38.72   39.36   39.41   37.53   37.03   36.73   38.69   34.42   33.92   32.67   31.44   34.11   33.42   31.62   31.68   32.67   29.06   29.50   28.64   30.85   34.56   31.46
    16: WP_018706724|Bacillus_fordii|Non   31.05   31.31   29.14   37.44   35.73   32.62   34.87   35.59   33.17   31.96   31.96   41.46   42.16   41.77   49.53  100.00   74.12   34.70   37.87   37.78   37.35   36.12   36.69   35.35   35.52   31.74   29.85   32.59   33.51   32.32   32.34   32.67   30.56   27.96   30.99   30.83   33.00   31.13   31.22
    17: WP_004432420|Bacillus_azotoforma   31.71   31.16   29.90   35.34   35.65   32.70   35.75   33.57   33.57   33.82   33.57   40.88   41.81   41.42   47.65   74.12  100.00   34.36   38.12   35.96   37.18   34.52   36.75   34.67   35.43   32.41   28.78   30.52   31.07   31.98   30.62   31.19   30.58   26.38   30.19   30.10   31.34   31.37   31.71
    18: WP_017934576|Nocardioides_sp_Iso   33.59   32.91   30.36   37.94   39.04   39.90   35.84   35.09   33.83   32.58   32.83   38.48   39.01   41.47   38.72   34.70   34.36  100.00   37.47   38.24   37.50   37.94   39.85   33.33   31.83   31.30   30.00   29.74   33.06   30.77   33.16   29.46   34.94   30.71   31.30   31.04   33.68   30.67   33.33
    19: WP_017953881|SAR202_cluster_bact   33.17   33.09   30.08   35.31   37.99   36.56   36.83   39.02   36.83   35.37   36.10   41.10   41.15   42.14   39.36   37.87   38.12   37.47  100.00   47.24   42.41   43.41   40.83   38.01   33.84   32.57   32.66   35.19   30.91   34.53   33.69   33.08   34.78   32.48   31.37   30.39   34.57   37.00   33.58
    20: WP_017727527|Bacillus_sp_L1|Non    33.58   36.34   29.15   34.47   36.74   38.93   37.56   38.93   40.73   38.78   38.54   36.41   37.09   38.44   39.41   37.78   35.96   38.24   47.24  100.00   44.93   43.52   42.65   34.18   33.93   32.14   32.58   32.58   31.78   33.08   32.08   31.58   35.14   29.53   31.59   30.35   33.67   34.84   33.50
    21: YP_004333721|Pseudonocardia_diox   33.49   32.08   30.14   34.43   34.34   35.31   38.12   36.24   35.76   35.06   35.53   39.90   40.98   41.32   37.53   37.35   37.18   37.50   42.41   44.93  100.00   61.76   60.91   40.95   37.78   35.77   33.50   35.48   33.67   37.88   33.33   31.57   37.05   33.25   34.03   32.55   33.57   35.80   34.68
    22: YP_004331506|Pseudonocardia_diox   29.52   32.63   30.29   33.88   33.80   35.47   37.14   35.95   36.19   35.71   35.71   41.03   41.87   42.47   37.03   36.12   34.52   37.94   43.41   43.52   61.76  100.00   63.66   39.19   37.88   34.09   34.08   34.58   32.23   36.20   34.75   35.02   36.17   33.58   34.58   34.28   34.62   38.19   36.99
    23: YP_004333941|Pseudonocardia_diox   30.24   31.22   30.41   33.02   35.76   35.88   37.62   35.24   35.00   35.71   37.14   40.39   40.25   41.34   36.73   36.69   36.75   39.85   40.83   42.65   60.91   63.66  100.00   41.22   36.73   35.71   34.17   35.43   32.30   36.32   33.78   32.85   33.50   31.22   35.36   33.57   34.87   32.94   35.25
    24: YP_001535493|Salinispora_arenico   33.75   32.41   34.28   33.16   32.06   31.98   36.23   37.22   36.72   35.73   36.72   35.64   38.27   37.76   38.69   35.35   34.67   33.33   38.01   34.18   40.95   39.19   41.22  100.00   43.40   41.88   36.62   38.64   38.52   39.09   38.75   31.70   34.39   32.53   36.22   34.69   32.90   37.40   34.28
    25: WP_017522619|Pusillimonas_noerte   32.06   32.74   32.74   32.07   30.56   28.46   31.66   31.83   32.91   32.16   30.65   36.20   36.11   36.11   34.42   35.52   35.43   31.83   33.84   33.93   37.78   37.88   36.73   43.40  100.00   77.89   47.39   47.15   43.26   43.61   45.45   32.64   36.53   32.44   36.41   34.87   36.64   35.06   36.67
    26: WP_009516788|Hydrogenophaga_sp_P   31.04   30.96   35.04   30.56   26.52   25.94   31.91   29.82   31.66   29.15   28.64   33.92   33.59   34.34   33.92   31.74   32.41   31.30   32.57   32.14   35.77   34.09   35.71   41.88   77.89  100.00   47.39   47.15   44.56   42.86   45.72   30.57   35.20   30.56   32.82   31.28   33.59   32.21   35.38
    27: YP_298987|Ralstonia_eutropha_JMP   30.23   31.58   33.16   27.54   29.68   29.28   31.34   30.85   31.84   30.85   31.84   34.77   33.33   33.84   32.67   29.85   28.78   30.00   32.66   32.58   33.50   34.08   34.17   36.62   47.39   47.39  100.00   80.58   48.84   48.01   49.07   31.44   35.19   31.03   33.08   33.59   35.70   34.02   37.88
    28: ZP_03266801|Burkholderia_sp_H160   28.97   29.32   32.91   30.27   29.68   29.53   32.59   33.08   32.59   32.59   32.84   34.77   33.33   33.59   31.44   32.59   30.52   29.74   35.19   32.58   35.48   34.58   35.43   38.64   47.15   47.15   80.58  100.00   46.53   48.51   50.66   30.15   35.45   33.69   33.84   34.35   35.95   35.55   38.89
    29: ZP_03265564|Burkholderia_sp_H160   29.02   29.64   35.94   31.81   29.67   29.77   32.65   32.31   31.88   33.16   32.65   34.13   37.11   37.37   34.11   33.51   31.07   33.06   30.91   31.78   33.67   32.23   32.30   38.52   43.26   44.56   48.84   46.53  100.00   65.30   64.12   30.67   33.33   29.32   31.05   31.05   32.64   34.91   35.58
    30: ZP_03265572|Burkholderia_sp_H160   29.16   29.26   33.59   32.75   29.87   32.24   32.91   34.09   32.16   34.67   34.42   37.53   36.32   37.08   33.42   32.32   31.98   30.77   34.53   33.08   37.88   36.20   36.32   39.09   43.61   42.86   48.01   48.51   65.30  100.00   76.84   34.64   36.10   30.65   32.39   33.16   32.99   36.62   37.53
    31: WP_017776283|Burkholderia_kururi   31.37   30.67   31.28   32.19   27.59   30.61   31.05   33.60   31.84   34.21   34.47   34.89   36.07   36.61   31.62   32.34   30.62   33.16   33.69   32.08   33.33   34.75   33.78   38.75   45.45   45.72   49.07   50.66   64.12   76.84  100.00   32.51   35.56   30.91   33.96   35.04   33.69   32.97   34.50
    32: AAT99362|Sphingomonas_sp_tfd44|N   27.43   28.40   26.62   30.37   34.15   35.37   30.07   30.81   31.78   32.03   31.05   35.86   36.78   38.13   31.68   32.67   31.19   29.46   33.08   31.58   31.57   35.02   32.85   31.70   32.64   30.57   31.44   30.15   30.67   34.64   32.51  100.00   44.67   41.63   43.44   42.24   38.20   39.56   37.44
    33: ZP_01011464|Maritimibacter_alkal   29.35   27.34   31.49   30.75   29.28   31.45   30.85   32.34   30.10   29.85   31.34   36.76   33.25   35.40   32.67   30.56   30.58   34.94   34.78   35.14   37.05   36.17   33.50   34.39   36.53   35.20   35.19   35.45   33.33   36.10   35.56   44.67  100.00   42.31   45.78   47.20   39.05   38.73   36.87
    34: ZP_01011482|Maritimibacter_alkal   27.68   25.68   27.53   29.25   28.18   28.26   29.75   28.25   27.25   26.25   26.00   33.59   34.20   35.32   29.06   27.96   26.38   30.71   32.48   29.53   33.25   33.58   31.22   32.53   32.44   30.56   31.03   33.69   29.32   30.65   30.91   41.63   42.31  100.00   50.36   50.24   37.41   39.20   34.34
    35: YP_001861032|Burkholderia_phymat   27.27   28.44   29.54   30.05   30.38   29.25   30.22   32.61   29.26   30.22   29.02   33.17   34.49   34.33   29.50   30.99   30.19   31.30   31.37   31.59   34.03   34.58   35.36   36.22   36.41   32.82   33.08   33.84   31.05   32.39   33.96   43.44   45.78   50.36  100.00   76.69   37.83   39.17   39.47
    36: WP_006159374|Cupriavidus_basilen   26.79   27.62   27.45   29.13   28.54   28.64   31.97   32.45   29.81   30.77   30.77   33.91   32.26   33.08   28.64   30.83   30.10   31.04   30.39   30.35   32.55   34.28   33.57   34.69   34.87   31.28   33.59   34.35   31.05   33.16   35.04   42.24   47.20   50.24   76.69  100.00   36.14   40.39   38.74
    37: YP_006667511|Gordonia_sp_KTR9|No   28.82   31.13   30.00   31.51   30.32   30.73   35.31   36.54   33.58   37.53   37.04   37.69   36.25   36.50   30.85   33.00   31.34   33.68   34.57   33.67   33.57   34.62   34.87   32.90   36.64   33.59   35.70   35.95   32.64   32.99   33.69   38.20   39.05   37.41   37.83   36.14  100.00   36.54   40.05
    38: ZP_01011465|Maritimibacter_alkal   30.37   32.19   29.78   31.07   28.85   29.90   32.43   32.92   32.19   31.70   31.94   36.87   38.64   37.47   34.56   31.13   31.37   30.67   37.00   34.84   35.80   38.19   32.94   37.40   35.06   32.21   34.02   35.55   34.91   36.62   32.97   39.56   38.73   39.20   39.17   40.39   36.54  100.00   54.20
    39: YP_001861033|Burkholderia_phymat   32.68   32.76   31.36   30.19   31.10   30.24   33.09   31.62   30.88   33.58   34.07   36.68   37.25   35.50   31.46   31.22   31.71   33.33   33.58   33.50   34.68   36.99   35.25   34.28   36.67   35.38   37.88   38.89   35.58   37.53   34.50   37.44   36.87   34.34   39.47   38.74   40.05   54.20  100.00
