#
#
#  Percent Identity  Matrix - created by Clustal2.1 
#
#

     1: UPI001D02A332                   100.00   55.06   47.92   49.25   45.49   47.35   50.19   50.19   42.53   46.82   46.82
     2: UPI0021AAA67B                    55.06  100.00   50.75   50.00   48.71   46.84   49.45   50.18   42.59   47.60   49.82
     3: tr|A0A939B1I9|A0A939B1I9_9GAMM   47.92   50.75  100.00   55.00   50.35   49.65   55.28   55.63   50.94   53.85   53.52
     4: tr|A0A1D2S9K6|A0A1D2S9K6_9BURK   49.25   50.00   55.00  100.00   50.68   49.32   55.93   55.93   54.10   55.05   55.07
     5: tr|A0A916N2H1|A0A916N2H1_9PROT   45.49   48.71   50.35   50.68  100.00   67.33   56.81   57.14   50.74   55.67   54.15
     6: tr|A0A934GJ23|A0A934GJ23_9PROT   47.35   46.84   49.65   49.32   67.33  100.00   54.03   54.36   50.56   53.47   56.19
     7: UPI00286A1F20                    50.19   49.45   55.28   55.93   56.81   54.03  100.00   99.03   50.74   56.70   56.48
     8: UPI00286D3F3E                    50.19   50.18   55.63   55.93   57.14   54.36   99.03  100.00   51.10   57.04   56.81
     9: tr|A0A7V7JJA1|A0A7V7JJA1_9PROT   42.53   42.59   50.94   54.10   50.74   50.56   50.74   51.10  100.00   59.77   61.99
    10: UPI00145C8A6F                    46.82   47.60   53.85   55.05   55.67   53.47   56.70   57.04   59.77  100.00   73.63
    11: sp|Q5P5G6|APCE_AROAE             46.82   49.82   53.52   55.07   54.15   56.19   56.48   56.81   61.99   73.63  100.00
