#
#
#  Percent Identity  Matrix - created by Clustal2.1 
#
#

     1: tr|A0A0M2U7X6|A0A0M2U7X6_9FIRM  100.00   50.80   51.31   50.65   51.12   50.48   50.48   53.35   53.27   54.31   54.95   55.91   53.59   55.59   54.25   55.27   54.25   54.63
     2: tr|A0A935QPA4|A0A935QPA4_9CHLR   50.80  100.00   48.96   47.77   51.72   53.74   53.45   52.92   55.02   54.07   54.39   57.18   56.46   54.55   52.99   55.72   54.82   54.55
     3: tr|A0A2E8J7H8|A0A2E8J7H8_9GAMM   51.31   48.96  100.00   95.04   52.63   52.34   51.75   51.78   54.13   53.53   57.31   57.83   56.92   56.93   56.00   56.29   55.69   55.39
     4: tr|A0A2E8KBL1|A0A2E8KBL1_9GAMM   50.65   47.77   95.04  100.00   52.92   53.22   52.63   51.48   54.43   53.24   57.31   57.53   57.23   56.63   54.77   55.99   55.38   55.09
     5: tr|A8ZSU3|A8ZSU3_DESOH           51.12   51.72   52.63   52.92  100.00   86.27   85.75   64.15   70.33   66.22   53.82   57.06   56.16   54.71   57.19   57.18   56.02   55.72
     6: tr|A0A1W9PZZ5|A0A1W9PZZ5_9BACT   50.48   53.74   52.34   53.22   86.27  100.00   99.22   63.88   68.55   65.42   55.52   57.65   57.36   54.71   56.29   56.30   56.63   55.72
     7: tr|A0A661S6A2|A0A661S6A2_UNCDE   50.48   53.45   51.75   52.63   85.75   99.22  100.00   63.61   68.55   65.42   55.52   57.35   57.06   54.41   55.99   56.01   56.33   55.43
     8: tr|A0A933RJR8|A0A933RJR8_UNCPO   53.35   52.92   51.78   51.48   64.15   63.88   63.61  100.00   84.96   85.07   56.09   59.10   59.57   59.10   59.27   58.88   57.45   57.10
     9: tr|A0A419F7A5|A0A419F7A5_9BACT   53.27   55.02   54.13   54.43   70.33   68.55   68.55   84.96  100.00   89.97   58.91   61.28   59.88   61.77   60.18   59.57   58.05   58.05
    10: tr|A0A3A4PBE9|A0A3A4PBE9_9BACT   54.31   54.07   53.53   53.24   66.22   65.42   65.42   85.07   89.97  100.00   57.79   59.94   58.91   59.94   59.82   59.71   58.31   58.24
    11: tr|A0A962PHF3|A0A962PHF3_9GAMM   54.95   54.39   57.31   57.31   53.82   55.52   55.52   56.09   58.91   57.79  100.00   61.19   61.09   60.00   61.09   61.83   60.49   60.06
    12: tr|A0A6S6Y264|A0A6S6Y264_9PROT   55.91   57.18   57.83   57.53   57.06   57.65   57.35   59.10   61.28   59.94   61.19  100.00   79.58   62.65   64.97   64.90   63.55   63.13
    13: tr|A0A935IPG6|A0A935IPG6_9GAMM   53.59   56.46   56.92   57.23   56.16   57.36   57.06   59.57   59.88   58.91   61.09   79.58  100.00   62.65   63.17   66.07   64.26   64.56
    14: tr|A0A2E8J3D6|A0A2E8J3D6_9GAMM   55.59   54.55   56.93   56.63   54.71   54.71   54.41   59.10   61.77   59.94   60.00   62.65   62.65  100.00   65.47   65.49   65.56   64.31
    15: tr|A0A518UDV3|A0A518UDV3_9PROT   54.25   52.99   56.00   54.77   57.19   56.29   55.99   59.27   60.18   59.82   61.09   64.97   63.17   65.47  100.00   80.65   80.36   79.76
    16: tr|A0A9D9U6W7|A0A9D9U6W7_9GAMM   55.27   55.72   56.29   55.99   57.18   56.30   56.01   58.88   59.57   59.71   61.83   64.90   66.07   65.49   80.65  100.00   95.24   93.62
    17: tr|A0A936AQ79|A0A936AQ79_9GAMM   54.25   54.82   55.69   55.38   56.02   56.63   56.33   57.45   58.05   58.31   60.49   63.55   64.26   65.56   80.36   95.24  100.00   98.81
    18: tr|A0A9D9SUY1|A0A9D9SUY1_9GAMM   54.63   54.55   55.39   55.09   55.72   55.72   55.43   57.10   58.05   58.24   60.06   63.13   64.56   64.31   79.76   93.62   98.81  100.00
