#
#
#  Percent Identity  Matrix - created by Clustal2.1 
#
#

     1: BAF48489|Rhodococcus_rhodochrous  100.00   62.24   64.29   63.95   64.29   64.29   63.61   63.95
     2: BAA94706|Nocardioides_sp_KP7|Dhp   62.24  100.00   84.80   82.77   83.78   82.43   84.46   83.78
     3: YP_005000950|Mycobacterium_rhode   64.29   84.80  100.00   95.61   96.62   96.62   95.95   95.61
     4: YP_001131865|Mycobacterium_gilvu   63.95   82.77   95.61  100.00   97.97   96.62   95.27   96.96
     5: YP_001131818|Mycobacterium_gilvu   64.29   83.78   96.62   97.97  100.00   97.30   96.62   97.64
     6: ABK27719|Mycobacterium_sp_SNP11|   64.29   82.43   96.62   96.62   97.30  100.00   95.95   97.64
     7: YP_935614|Mycobacterium_sp_KMS|N   63.61   84.46   95.95   95.27   96.62   95.95  100.00   97.64
     8: ABD97977|Mycobacterium_sp_CH-1|D   63.95   83.78   95.61   96.96   97.64   97.64   97.64  100.00
