#
#
#  Percent Identity  Matrix - created by Clustal2.1 
#
#

     1: ZP_03265574|Burkholderia_sp_H160  100.00   49.88   52.76   53.00   51.45   55.75   54.59   54.35   54.83
     2: BAA36168|Sphingomonas_paucimobil   49.88  100.00   49.64   49.64   50.00   55.83   55.40   56.12   56.12
     3: YP_002943603|Variovorax_paradoxu   52.76   49.64  100.00   91.09   57.94   59.30   55.58   56.05   56.05
     4: WP_019655772|Variovorax_paradoxu   53.00   49.64   91.09  100.00   56.78   58.60   56.51   56.74   56.74
     5: ZP_03270885|Burkholderia_sp_H160   51.45   50.00   57.94   56.78  100.00   60.33   58.45   58.92   58.92
     6: YP_001263550|Sphingomonas_wittic   55.75   55.83   59.30   58.60   60.33  100.00   63.12   63.12   63.59
     7: WP_020819025|Sphingobium_chinhat   54.59   55.40   55.58   56.51   58.45   63.12  100.00   98.37   98.60
     8: YP_003543675|Sphingobium_japonic   54.35   56.12   56.05   56.74   58.92   63.12   98.37  100.00   98.60
     9: WP_007686795|Sphingobium_indicum   54.83   56.12   56.05   56.74   58.92   63.59   98.60   98.60  100.00
