#
#
#  Percent Identity  Matrix - created by Clustal2.1 
#
#

     1: tr|A0A521WI77|A0A521WI77_9GAMM  100.00   80.62   80.82   52.42   51.79   51.64   53.40   53.51   54.56   50.71   43.02
     2: tr|A0A3A0F3A1|A0A3A0F3A1_UNCPS   80.62  100.00   99.59   51.65   50.21   50.57   51.08   50.98   53.50   49.47   40.96
     3: tr|A0A951VAG4|A0A951VAG4_9SPHN   80.82   99.59  100.00   51.86   50.21   50.67   51.29   51.19   53.40   49.47   40.96
     4: tr|Q5NZV2|Q5NZV2_AROAE           52.42   51.65   51.86  100.00   75.51   76.62   76.43   76.08   56.51   53.40   41.38
     5: tr|A0A916J4L4|A0A916J4L4_9PROT   51.79   50.21   50.21   75.51  100.00   79.10   79.92   79.67   54.60   53.87   44.83
     6: tr|A0A934GLU4|A0A934GLU4_9PROT   51.64   50.57   50.67   76.62   79.10  100.00   81.64   81.40   55.37   53.58   45.35
     7: tr|Q5P5I0|Q5P5I0_AROAE           53.40   51.08   51.29   76.43   79.92   81.64  100.00   99.59   56.41   54.81   42.53
     8: tr|Q93PD2|Q93PD2_9RHOO           53.51   50.98   51.19   76.08   79.67   81.40   99.59  100.00   56.32   54.69   42.53
     9: tr|A0A1B1YRC2|A0A1B1YRC2_9GAMM   54.56   53.50   53.40   56.51   54.60   55.37   56.41   56.32  100.00   65.06   62.07
    10: tr|A0A661EL02|A0A661EL02_9GAMM   50.71   49.47   49.47   53.40   53.87   53.58   54.81   54.69   65.06  100.00  100.00
    11: tr|A0A661ESV3|A0A661ESV3_9GAMM   43.02   40.96   40.96   41.38   44.83   45.35   42.53   42.53   62.07  100.00  100.00
