#
#
#  Percent Identity  Matrix - created by Clustal2.1 
#
#

     1: BAE79498|Nocardioides_aromaticiv  100.00  100.00   40.94   45.05   46.65   43.46   46.74   46.74   46.21   47.91   44.21   45.53   45.53   44.32   45.91   50.13   50.13   50.00   49.73
     2: GCFA|Nocardioides_Aromaticivoran  100.00  100.00   40.94   45.05   46.65   43.46   46.74   46.74   46.21   47.91   44.21   45.53   45.53   44.32   45.91   50.13   50.13   50.00   49.73
     3: WP_016835782|Herbaspirillum_lusi   40.94   40.94  100.00   49.61   42.86   50.00   50.79   50.52   50.79   47.91   46.68   48.81   49.07   48.67   47.09   48.02   48.02   48.53   48.53
     4: YP_003072827|Teredinibacter_turn   45.05   45.05   49.61  100.00   47.42   48.69   53.00   52.74   52.74   50.79   52.52   51.19   51.19   49.62   50.93   49.08   49.08   51.34   51.07
     5: YP_008374316|Cycloclasticus_zanc   46.65   46.65   42.86   47.42  100.00   50.39   50.00   49.74   49.22   52.99   50.39   51.44   51.44   51.32   49.21   49.48   49.48   51.46   51.19
     6: BAH57734|Lysobacter_sp_OC7|Car     43.46   43.46   50.00   48.69   50.39  100.00   65.54   65.03   63.47   52.36   51.58   52.63   52.63   50.94   49.74   48.56   48.56   51.46   50.93
     7: BAH60853|bacterium_OC11S|Car       46.74   46.74   50.79   53.00   50.00   65.54  100.00   99.48   90.96   55.87   55.79   56.32   56.58   55.09   52.89   54.19   54.19   54.91   54.38
     8: BAH60846|bacterium_OC9|Car         46.74   46.74   50.52   52.74   49.74   65.03   99.48  100.00   90.96   55.87   55.79   56.32   56.58   55.47   52.63   54.45   54.45   54.64   54.11
     9: BAH60859|bacterium_OC13S|Car       46.21   46.21   50.79   52.74   49.22   63.47   90.96   90.96  100.00   55.61   54.21   55.53   55.79   53.96   52.89   53.66   53.66   53.58   53.05
    10: YP_008374321|Cycloclasticus_zanc   47.91   47.91   47.91   50.79   52.99   52.36   55.87   55.87   55.61  100.00   56.66   58.38   58.38   57.84   54.33   53.79   53.79   57.67   57.41
    11: BAG30826|Neptuniibacter_sp_CAR-S   44.21   44.21   46.68   52.52   50.39   51.58   55.79   55.79   54.21   56.66  100.00   76.76   76.76   77.15   53.95   53.95   53.95   56.61   56.61
    12: BAC56742|Janthinobacterium_sp_J3   45.53   45.53   48.81   51.19   51.44   52.63   56.32   56.32   55.53   58.38   76.76  100.00   98.96   99.63   56.58   56.84   56.84   59.52   59.26
    13: BAA31266|Pseudomonas_stutzeri|Ca   45.53   45.53   49.07   51.19   51.44   52.63   56.58   56.58   55.79   58.38   76.76   98.96  100.00  100.00   56.58   56.84   56.84   59.52   59.26
    14: BAC56726|Pseudomonas_sp_K23|Car    44.32   44.32   48.67   49.62   51.32   50.94   55.09   55.47   53.96   57.84   77.15   99.63  100.00  100.00   58.27   56.39   56.39   59.40   59.40
    15: ACO92627|Burkholderia_sp_JS667|D   45.91   45.91   47.09   50.93   49.21   49.74   52.89   52.63   52.89   54.33   53.95   56.58   56.58   58.27  100.00   63.25   63.25   65.87   65.61
    16: YP_717942|Sphingomonas_sp_KA1|Ca   50.13   50.13   48.02   49.08   49.48   48.56   54.19   54.45   53.66   53.79   53.95   56.84   56.84   56.39   63.25  100.00  100.00   75.66   75.13
    17: 3GKQ_A|Novosphingobium_sp_Ka1|Ca   50.13   50.13   48.02   49.08   49.48   48.56   54.19   54.45   53.66   53.79   53.95   56.84   56.84   56.39   63.25  100.00  100.00   75.66   75.13
    18: YP_717981|Sphingomonas_sp_KA1|Ca   50.00   50.00   48.53   51.34   51.46   51.46   54.91   54.64   53.58   57.67   56.61   59.52   59.52   59.40   65.87   75.66   75.66  100.00   99.47
    19: ADC31794|Sphingomonas_sp_XLDN2-5   49.73   49.73   48.53   51.07   51.19   50.93   54.38   54.11   53.05   57.41   56.61   59.26   59.26   59.40   65.61   75.13   75.13   99.47  100.00
