#
#
#  Percent Identity  Matrix - created by Clustal2.1 
#
#

     1: tr|A0A962K0T8|A0A962K0T8_9GAMM  100.00   50.73   49.76   50.72   49.75   52.17   51.21   52.66
     2: tr|A0A9D6ZU21|A0A9D6ZU21_9GAMM   50.73  100.00   52.43   51.71   55.84   52.20   57.07   56.31
     3: tr|A0A916J7L7|A0A916J7L7_9PROT   49.76   52.43  100.00   68.22   55.78   51.21   57.97   56.52
     4: tr|A0A934LEM1|A0A934LEM1_9PROT   50.72   51.71   68.22  100.00   54.27   51.69   59.42   57.49
     5: tr|S9ZG03|S9ZG03_9RHOO           49.75   55.84   55.78   54.27  100.00   60.30   59.80   59.80
     6: tr|A0A558EBW2|A0A558EBW2_9RHOO   52.17   52.20   51.21   51.69   60.30  100.00   58.94   60.39
     7: tr|A0A096ZNX1|A0A096ZNX1_9RHOO   51.21   57.07   57.97   59.42   59.80   58.94  100.00   65.22
     8: tr|A0A2N2V6E2|A0A2N2V6E2_9PROT   52.66   56.31   56.52   57.49   59.80   60.39   65.22  100.00
