#
#
#  Percent Identity  Matrix - created by Clustal2.1 
#
#

     1: WP_004865596|Acinetobacter_gerne  100.00   69.70   69.48   69.11   70.65   69.91   68.48   69.13   68.70   69.70   69.48   70.35   68.61   70.35   69.41   71.21   69.91   71.00   71.21   69.70
     2: WP_019577353|Curvibacter_lanceol   69.70  100.00   67.32   71.43   69.78   69.48   71.00   70.13   70.13   71.27   70.19   73.38   71.86   73.59   73.22   72.73   71.71   71.49   71.34   70.47
     3: WP_020397020|Thiothrix_disciform   69.48   67.32  100.00   71.86   70.00   70.13   72.61   72.39   72.39   70.56   71.00   74.03   71.43   71.65   71.15   72.08   71.86   72.73   72.08   72.08
     4: WP_012136817|Marinobacter_lipoly   69.11   71.43   71.86  100.00   82.21   81.21   68.04   70.87   70.65   71.65   71.65   72.94   72.73   72.73   72.94   74.03   73.81   74.03   73.81   74.24
     5: WP_010322189|Marinobacterium_sta   70.65   69.78   70.00   82.21  100.00   90.67   68.12   70.52   70.74   72.17   72.61   70.43   71.09   72.39   71.52   72.61   73.48   73.70   74.78   75.22
     6: BAG30835|Neptuniibacter_sp_CAR-S   69.91   69.48   70.13   81.21   90.67  100.00   67.83   69.13   70.43   72.08   72.08   70.13   70.13   71.65   69.26   72.08   72.51   72.73   72.51   74.24
     7: WP_004651113|Acinetobacter_sp_AN   68.48   71.00   72.61   68.04   68.12   67.83  100.00   88.32   88.96   74.78   75.22   75.65   73.91   73.70   73.38   73.26   72.89   73.54   73.48   74.13
     8: ZP_05827242|Acinetobacter_bauman   69.13   70.13   72.39   70.87   70.52   69.13   88.32  100.00   90.87   74.13   75.43   76.96   75.43   75.65   74.46   74.78   73.54   73.97   73.91   74.78
     9: YP_047246|Acinetobacter_sp_ADP1|   68.70   70.13   72.39   70.65   70.74   70.43   88.96   90.87  100.00   74.57   75.43   77.17   74.78   75.22   73.81   75.22   74.19   75.05   74.57   75.65
    10: YP_003610302|Burkholderia_sp_CCG   69.70   71.27   70.56   71.65   72.17   72.08   74.78   74.13   74.57  100.00   89.42   82.03   82.68   82.68   75.70   77.06   76.41   76.84   75.81   76.67
    11: ZP_03267986|Burkholderia_sp_H160   69.48   70.19   71.00   71.65   72.61   72.08   75.22   75.43   75.43   89.42  100.00   81.82   82.68   82.68   75.92   76.19   76.19   76.41   76.67   77.11
    12: ZP_03263776|Burkholderia_sp_H160   70.35   73.38   74.03   72.94   70.43   70.13   75.65   76.96   77.17   82.03   81.82  100.00   83.33   82.03   78.52   77.92   77.27   77.27   77.06   79.22
    13: YP_002909665|Burkholderia_glumae   68.61   71.86   71.43   72.73   71.09   70.13   73.91   75.43   74.78   82.68   82.68   83.33  100.00   85.06   79.18   79.00   77.49   78.14   78.14   80.09
    14: ZP_03700155|Lutiella_nitroferrum   70.35   73.59   71.65   72.73   72.39   71.65   73.70   75.65   75.22   82.68   82.68   82.03   85.06  100.00   79.61   80.74   79.22   80.09   79.00   81.82
    15: NP_251202|Pseudomonas_aeruginosa   69.41   73.22   71.15   72.94   71.52   69.26   73.38   74.46   73.81   75.70   75.92   78.52   79.18   79.61  100.00   81.78   79.22   79.44   79.83   80.48
    16: YP_257896|Pseudomonas_fluorescen   71.21   72.73   72.08   74.03   72.61   72.08   73.26   74.78   75.22   77.06   76.19   77.92   79.00   80.74   81.78  100.00   87.88   90.04   86.15   84.20
    17: YP_002874698|Pseudomonas_fluores   69.91   71.71   71.86   73.81   73.48   72.51   72.89   73.54   74.19   76.41   76.19   77.27   77.49   79.22   79.22   87.88  100.00   94.82   87.45   87.66
    18: ABA06559|Pseudomonas_fluorescens   71.00   71.49   72.73   74.03   73.70   72.73   73.54   73.97   75.05   76.84   76.41   77.27   78.14   80.09   79.44   90.04   94.82  100.00   87.45   86.80
    19: NP_758548|Pseudomonas_resinovora   71.21   71.34   72.08   73.81   74.78   72.51   73.48   73.91   74.57   75.81   76.67   77.06   78.14   79.00   79.83   86.15   87.45   87.45  100.00   89.51
    20: ZP_06461691|Pseudomonas_syringae   69.70   70.47   72.08   74.24   75.22   74.24   74.13   74.78   75.65   76.67   77.11   79.22   80.09   81.82   80.48   84.20   87.66   86.80   89.51  100.00
