#
#
#  Percent Identity  Matrix - created by Clustal2.1 
#
#

     1: WP_007578261|Patulibacter_sp_I11  100.00   47.72   49.77   49.32   51.71   47.29   53.32   50.92   50.80   54.79   51.61   51.60   51.14   50.00   49.66   48.85   52.39   52.85   52.39   52.16   52.85   52.85   53.76   53.99   51.37   52.17   52.17   51.95   49.32   50.11   49.66   48.41   50.11
     2: CBX88679|Hydrogenophaga_sp_PBC|A   47.72  100.00   67.18   66.96   50.79   47.29   52.98   54.48   53.85   53.55   52.98   55.45   54.09   58.60   58.03   59.63   57.60   57.11   55.76   55.53   57.11   58.47   58.47   58.69   57.53   60.64   58.58   59.73   56.95   58.09   57.40   56.04   59.23
     3: WP_007870797|Polaromonas_sp_CF31   49.77   67.18  100.00   82.59   49.89   46.31   54.82   53.33   51.47   51.95   51.83   53.86   52.05   55.88   56.42   59.40   56.92   57.66   57.43   56.53   57.43   56.76   58.11   58.33   55.48   56.52   55.38   56.52   55.13   56.26   58.09   55.81   57.18
     4: YP_548958|Polaromonas_sp_JS666|N   49.32   66.96   82.59  100.00   50.79   46.06   55.28   54.02   50.90   53.09   52.75   52.95   52.50   56.33   55.73   58.94   56.60   56.54   56.98   55.56   56.98   57.65   57.65   57.87   56.39   58.12   58.58   59.04   54.44   57.40   58.09   56.72   58.09
     5: WP_018082787|Asticcacaulis_benev   51.71   50.79   49.89   50.79  100.00   56.76   61.33   60.55   61.54   62.56   62.61   52.39   53.76   53.97   52.41   55.96   60.09   57.92   57.24   58.37   58.82   57.92   58.14   58.60   57.99   60.64   60.64   60.87   58.18   59.68   59.45   59.77   60.14
     6: ZP_05099086|Roseobacter_sp_GAI10   47.29   47.29   46.31   46.06   56.76  100.00   63.55   65.52   65.27   69.78   65.36   51.72   50.74   50.99   51.36   51.84   56.02   54.79   55.04   53.81   55.04   55.53   55.28   55.77   52.83   52.33   52.58   53.07   55.04   55.28   54.55   54.55   54.05
     7: WP_018698440|Amorphus_coralli|No   53.32   52.98   54.82   55.28   61.33   63.55  100.00   71.00   70.16   73.06   72.48   56.19   55.28   58.49   55.40   58.03   59.95   60.41   61.56   59.50   59.95   58.81   59.95   60.18   60.87   59.27   58.58   58.12   56.95   61.33   58.81   59.13   59.04
     8: ZP_01755284|Roseobacter_sp_SK209   50.92   54.48   53.33   54.02   60.55   65.52   71.00  100.00   83.11   73.91   74.77   57.93   57.24   58.85   56.45   59.40   59.40   59.40   60.55   61.24   61.24   59.63   60.32   60.78   58.72   58.72   58.03   57.11   56.62   61.70   59.63   61.56   59.17
     9: ZP_01057761|Roseobacter_sp_MED19   50.80   53.85   51.47   50.90   61.54   65.27   70.16   83.11  100.00   74.43   74.31   55.58   54.21   56.69   55.40   58.26   58.24   56.38   57.49   57.72   58.17   56.38   57.72   58.17   57.99   56.98   56.75   56.29   56.46   58.54   55.81   58.64   56.49
    10: ZP_01015682|Maritimibacter_alkal   54.79   53.55   51.95   53.09   62.56   69.78   73.06   73.91   74.43  100.00   77.35   55.15   54.23   56.75   55.28   58.12   60.73   60.05   61.64   59.36   59.59   59.13   60.05   60.50   61.42   58.22   59.82   58.90   58.54   60.96   59.82   59.45   60.50
    11: YP_509387|Jannaschia_sp_CCS1|Non   51.61   52.98   51.83   52.75   62.61   65.36   72.48   74.77   74.31   77.35  100.00   56.19   55.96   55.96   55.86   59.04   60.41   60.87   60.41   61.33   60.87   60.18   60.87   61.33   60.18   58.58   58.81   58.12   59.04   60.87   61.10   59.95   61.33
    12: ADI04541|Streptomyces_bingchengg   51.60   55.45   53.86   52.95   52.39   51.72   56.19   57.93   55.58   55.15   56.19  100.00   88.44   58.18   60.55   60.32   61.82   62.05   59.55   60.23   60.68   58.86   59.55   59.77   54.79   57.21   58.35   57.44   58.54   59.45   56.04   57.63   58.09
    13: WP_019071628|Streptomyces_sp_R1-   51.14   54.09   52.05   52.50   53.76   50.74   55.28   57.24   54.21   54.23   55.96   88.44  100.00   57.27   59.63   58.49   60.68   61.59   58.64   59.77   59.55   58.64   58.64   58.86   53.42   56.98   57.89   57.89   57.40   59.00   56.95   56.72   58.54
    14: WP_008995141|Novosphingobium_sp_   50.00   58.60   55.88   56.33   53.97   50.99   58.49   58.85   56.69   56.75   55.96   58.18   57.27  100.00   75.29   67.66   65.08   64.93   62.44   61.31   64.25   64.03   63.12   63.35   64.38   66.82   67.05   65.68   62.64   68.34   64.01   65.83   65.83
    15: WP_008996477|Novosphingobium_sp_   49.66   58.03   56.42   55.73   52.41   51.36   55.40   56.45   55.40   55.28   55.86   60.55   59.63   75.29  100.00   66.44   64.22   64.22   60.55   61.70   62.39   62.61   62.39   62.61   62.16   63.30   63.07   63.53   62.61   66.51   63.99   64.91   63.53
    16: WP_010515445|Gluconacetobacter_o   48.85   59.63   59.40   58.94   55.96   51.84   58.03   59.40   58.26   58.12   59.04   60.32   58.49   67.66   66.44  100.00   69.79   67.28   67.28   66.59   67.73   68.42   68.65   68.88   65.68   67.28   67.73   67.51   64.99   67.51   65.90   68.19   67.05
    17: YP_002495065|Methylobacterium_no   52.39   57.60   56.92   56.60   60.09   56.02   59.95   59.40   58.24   60.73   60.41   61.82   60.68   65.08   64.22   69.79  100.00   80.36   79.69   79.19   81.03   79.91   79.46   79.46   66.97   69.41   70.55   69.63   67.95   66.59   67.95   67.95   68.64
    18: YP_001208476|Bradyrhizobium_sp_O   52.85   57.11   57.66   56.54   57.92   54.79   60.41   59.40   56.38   60.05   60.87   62.05   61.59   64.93   64.22   67.28   80.36  100.00   81.42   80.71   82.74   82.30   82.96   83.41   67.43   70.78   70.55   71.69   67.95   67.05   65.45   67.95   66.59
    19: WP_008970430|Bradyrhizobium_sp_S   52.39   55.76   57.43   56.98   57.24   55.04   61.56   60.55   57.49   61.64   60.41   59.55   58.64   62.44   60.55   67.28   79.69   81.42  100.00   87.80   83.19   82.74   83.63   84.07   66.51   66.67   67.58   67.12   65.23   66.14   63.86   65.68   65.91
    20: YP_005605978|Bradyrhizobium_japo   52.16   55.53   56.53   55.56   58.37   53.81   59.50   61.24   57.72   59.36   61.33   60.23   59.77   61.31   61.70   66.59   79.19   80.71   87.80  100.00   84.26   83.37   84.70   85.14   64.69   65.98   66.89   67.58   65.68   65.91   65.91   66.36   66.14
    21: WP_002712837|Afipia_clevelandens   52.85   57.11   57.43   56.98   58.82   55.04   59.95   61.24   58.17   59.59   60.87   60.68   59.55   64.25   62.39   67.73   81.03   82.74   83.19   84.26  100.00   86.73   87.17   87.61   67.43   68.72   69.86   70.32   65.68   65.91   66.36   66.82   67.27
    22: YP_485884|Rhodopseudomonas_palus   52.85   58.47   56.76   57.65   57.92   55.53   58.81   59.63   56.38   59.13   60.18   58.86   58.64   64.03   62.61   68.42   79.91   82.30   82.74   83.37   86.73  100.00   92.70   93.14   67.43   69.41   69.41   70.55   66.59   66.59   66.36   68.64   67.27
    23: NP_946334|Rhodopseudomonas_palus   53.76   58.47   58.11   57.65   58.14   55.28   59.95   60.32   57.72   60.05   60.87   59.55   58.64   63.12   62.39   68.65   79.46   82.96   83.63   84.70   87.17   92.70  100.00   99.56   67.65   68.72   69.63   70.55   66.36   66.82   65.45   66.59   66.14
    24: YP_001990190|Rhodopseudomonas_pa   53.99   58.69   58.33   57.87   58.60   55.77   60.18   60.78   58.17   60.50   61.33   59.77   58.86   63.35   62.61   68.88   79.46   83.41   84.07   85.14   87.61   93.14   99.56  100.00   67.88   69.18   69.86   71.00   66.36   67.05   65.68   66.82   66.36
    25: WP_008348709|Burkholderia_sp_SJ9   51.37   57.53   55.48   56.39   57.99   52.83   60.87   58.72   57.99   61.42   60.18   54.79   53.42   64.38   62.16   65.68   66.97   67.43   66.51   64.69   67.43   67.43   67.65   67.88  100.00   82.88   83.33   81.96   66.51   68.11   68.79   71.53   71.30
    26: YP_005043350|Burkholderia_sp_YI2   52.17   60.64   56.52   58.12   60.64   52.33   59.27   58.72   56.98   58.22   58.58   57.21   56.98   66.82   63.30   67.28   69.41   70.78   66.67   65.98   68.72   69.41   68.72   69.18   82.88  100.00   86.99   87.90   66.21   69.63   68.49   72.60   72.83
    27: ZP_06292288|Burkholderia_sp_CCGE   52.17   58.58   55.38   58.58   60.64   52.58   58.58   58.03   56.75   59.82   58.81   58.35   57.89   67.05   63.07   67.73   70.55   70.55   67.58   66.89   69.86   69.41   69.63   69.86   83.33   86.99  100.00   89.50   68.49   69.86   69.41   72.83   73.52
    28: YP_001863034|Burkholderia_phymat   51.95   59.73   56.52   59.04   60.87   53.07   58.12   57.11   56.29   58.90   58.12   57.44   57.89   65.68   63.53   67.51   69.63   71.69   67.12   67.58   70.32   70.55   70.55   71.00   81.96   87.90   89.50  100.00   67.58   68.72   71.00   73.29   73.97
    29: WP_017524109|Pusillimonas_noerte   49.32   56.95   55.13   54.44   58.18   55.04   56.95   56.62   56.46   58.54   59.04   58.54   57.40   62.64   62.61   64.99   67.95   67.95   65.23   65.68   65.68   66.59   66.36   66.36   66.51   66.21   68.49   67.58  100.00   70.45   70.91   73.24   74.32
    30: WP_018411404|Methyloversatilis_s   50.11   58.09   56.26   57.40   59.68   55.28   61.33   61.70   58.54   60.96   60.87   59.45   59.00   68.34   66.51   67.51   66.59   67.05   66.14   65.91   65.91   66.59   66.82   67.05   68.11   69.63   69.86   68.72   70.45  100.00   73.41   76.59   76.36
    31: WP_006296721|Hylemonella_gracili   49.66   57.40   58.09   58.09   59.45   54.55   58.81   59.63   55.81   59.82   61.10   56.04   56.95   64.01   63.99   65.90   67.95   65.45   63.86   65.91   66.36   66.36   65.45   65.68   68.79   68.49   69.41   71.00   70.91   73.41  100.00   76.36   78.64
    32: ZP_03544971|Comamonas_testostero   48.41   56.04   55.81   56.72   59.77   54.55   59.13   61.56   58.64   59.45   59.95   57.63   56.72   65.83   64.91   68.19   67.95   67.95   65.68   66.36   66.82   68.64   66.59   66.82   71.53   72.60   72.83   73.29   73.24   76.59   76.36  100.00   79.77
    33: YP_551919|Polaromonas_sp_JS666|N   50.11   59.23   57.18   58.09   60.14   54.05   59.04   59.17   56.49   60.50   61.33   58.09   58.54   65.83   63.53   67.05   68.64   66.59   65.91   66.14   67.27   67.27   66.14   66.36   71.30   72.83   73.52   73.97   74.32   76.36   78.64   79.77  100.00
