#
#
#  Percent Identity  Matrix - created by Clustal2.1 
#
#

     1: WP_007711895|Sphingobium_sp_AP49  100.00   66.06   65.65   67.38   37.30   35.20   34.89   39.38   38.94   34.29   41.59   44.34   41.80   41.82   35.35   33.54   31.96   33.97   32.91   35.03   34.78   34.78   34.50   32.35
     2: YP_003060980|Hirschia_baltica_AT   66.06  100.00   66.26   68.10   32.92   34.27   33.96   38.46   38.63   34.29   40.00   42.59   40.65   41.96   33.33   31.55   30.28   35.13   33.75   33.65   32.33   35.51   35.35   33.01
     3: WP_007857746|Acidovorax_sp_CF316   65.65   66.26  100.00   77.44   38.24   33.64   34.89   38.58   38.44   32.48   40.76   40.13   40.65   40.25   34.71   37.97   34.49   35.24   32.59   34.08   33.78   35.58   35.78   34.64
     4: WP_006399668|Burkholderia_multiv   67.38   68.10   77.44  100.00   36.36   33.64   35.20   37.65   35.94   31.53   39.17   40.82   39.16   40.19   33.76   36.08   31.96   35.56   35.76   34.08   34.11   34.78   34.82   33.01
     5: WP_020514303|Actinoplanes_globis   37.30   32.92   38.24   36.36  100.00   53.59   52.99   41.62   43.50   38.34   40.18   44.34   42.50   40.06   36.81   35.28   36.73   36.00   33.54   39.69   34.73   34.25   36.73   37.78
     6: ZP_05482306|Streptomyces_sp_AA4|   35.20   34.27   33.64   33.64   53.59  100.00   86.09   42.56   41.14   37.20   41.16   42.55   40.06   40.73   32.01   32.01   32.52   33.33   33.33   36.70   32.91   33.43   37.12   35.22
     7: WP_020495888|Sciscionella_marina   34.89   33.96   34.89   35.20   52.99   86.09  100.00   43.15   42.34   37.80   42.07   41.64   40.06   40.43   32.93   32.93   32.82   34.25   35.47   37.92   34.19   34.65   37.73   38.05
     8: YP_001263552|Sphingomonas_wittic   39.38   38.46   38.58   37.65   41.62   42.56   43.15  100.00   64.88   56.36   52.12   46.99   46.46   47.29   35.26   34.95   34.25   33.43   32.52   39.63   35.14   36.86   35.78   35.53
     9: YP_004833904|Sphingobium_sp_SYK-   38.94   38.63   38.44   35.94   43.50   41.14   42.34   64.88  100.00   79.09   45.45   44.68   45.03   47.42   35.98   33.84   32.00   35.38   33.23   37.61   33.23   36.06   37.12   36.59
    10: BAA31862|Sphingomonas_paucimobil   34.29   34.29   32.48   31.53   38.34   37.20   37.80   56.36   79.09  100.00   41.34   39.94   39.25   41.77   34.15   32.00   29.19   33.95   30.86   34.36   32.69   33.02   32.62   32.28
    11: BAC79261|Sphingomonas_paucimobil   41.59   40.00   40.76   39.17   40.18   41.16   42.07   52.12   45.45   41.34  100.00   58.97   55.90   56.53   34.77   35.08   33.23   35.19   37.04   35.28   33.97   41.36   33.54   35.76
    12: YP_299962|Ralstonia_eutropha_JMP   44.34   42.59   40.13   40.82   44.34   42.55   41.64   46.99   44.68   39.94   58.97  100.00   72.39   73.05   38.27   31.17   32.92   33.74   34.05   37.85   35.69   42.72   36.42   39.37
    13: WP_018424894|Burkholderia_sp_WSM   41.80   40.65   40.65   39.16   42.50   40.06   40.06   46.46   45.03   39.25   55.90   72.39  100.00   83.74   37.22   32.81   31.11   32.60   32.29   34.59   35.05   40.82   37.22   38.96
    14: YP_003608176|Burkholderia_sp_CCG   41.82   41.96   40.25   40.19   40.06   40.73   40.43   47.29   47.42   41.77   56.53   73.05   83.74  100.00   36.73   34.26   32.61   33.74   32.52   36.31   34.08   39.32   37.96   40.32
    15: WP_017776279|Burkholderia_kururi   35.35   33.33   34.71   33.76   36.81   32.01   32.93   35.26   35.98   34.15   34.77   38.27   37.22   36.73  100.00   45.12   46.77   37.00   38.53   40.98   38.02   39.14   35.47   36.91
    16: ZP_03265562|Burkholderia_sp_H160   33.54   31.55   37.97   36.08   35.28   32.01   32.93   34.95   33.84   32.00   35.08   31.17   32.81   34.26   45.12  100.00   50.92   38.77   38.65   41.77   40.06   40.73   38.65   41.19
    17: WP_017670623|Blastomonas_sp_AAP5   31.96   30.28   34.49   31.96   36.73   32.52   32.82   34.25   32.00   29.19   33.23   32.92   31.11   32.61   46.77   50.92  100.00   35.29   35.91   37.04   37.22   38.77   37.15   35.35
    18: ZP_03266791|Burkholderia_sp_H160   33.97   35.13   35.24   35.56   36.00   33.33   34.25   33.43   35.38   33.95   35.19   33.74   32.60   33.74   37.00   38.77   35.29  100.00   82.42   39.57   46.47   36.42   34.45   37.66
    19: YP_298976|Ralstonia_eutropha_JMP   32.91   33.75   32.59   35.76   33.54   33.33   35.47   32.52   33.23   30.86   37.04   34.05   32.29   32.52   38.53   38.65   35.91   82.42  100.00   38.53   46.33   36.92   34.36   39.31
    20: WP_018698527|Amorphus_coralli|No   35.03   33.65   34.08   34.08   39.69   36.70   37.92   39.63   37.61   34.36   35.28   37.85   34.59   36.31   40.98   41.77   37.04   39.57   38.53  100.00   53.04   42.51   37.92   40.25
    21: YP_003543669|Sphingobium_japonic   34.78   32.33   33.78   34.11   34.73   32.91   34.19   35.14   33.23   32.69   33.97   35.69   35.05   34.08   38.02   40.06   37.22   46.47   46.33   53.04  100.00   40.84   35.46   33.88
    22: WP_017953351|SAR202_cluster_bact   34.78   35.51   35.58   34.78   34.25   33.43   34.65   36.86   36.06   33.02   41.36   42.72   40.82   39.32   39.14   40.73   38.77   36.42   36.92   42.51   40.84  100.00   42.46   43.85
    23: WP_017934574|Nocardioides_sp_Iso   34.50   35.35   35.78   34.82   36.73   37.12   37.73   35.78   37.12   32.62   33.54   36.42   37.22   37.96   35.47   38.65   37.15   34.45   34.36   37.92   35.46   42.46  100.00   51.42
    24: WP_006447307|Alicyclobacillus_he   32.35   33.01   34.64   33.01   37.78   35.22   38.05   35.53   36.59   32.28   35.76   39.37   38.96   40.32   36.91   41.19   35.35   37.66   39.31   40.25   33.88   43.85   51.42  100.00
