#
#
#  Percent Identity  Matrix - created by Clustal2.1 
#
#

     1: WP_019069296|Streptomyces_spR1-N  100.00   83.56   63.87   59.53   61.36   44.64   44.30   43.59   44.58   44.50   44.16   44.16   45.18   45.92   41.39   42.78
     2: ZP_05521028|Streptomyces_hygrosc   83.56  100.00   65.73   62.27   63.23   44.44   44.81   44.62   45.09   44.67   44.30   44.56   47.12   46.58   43.19   43.54
     3: WP_020114825|Streptomyces_bottro   63.87   65.73  100.00   66.05   65.89   43.64   43.54   43.08   44.08   43.50   42.13   41.88   46.19   46.94   42.67   44.05
     4: WP_010356453|Streptomyces_acidis   59.53   62.27   66.05  100.00   91.61   43.89   44.05   42.05   42.82   43.00   41.37   42.89   44.92   44.90   42.93   44.05
     5: WP_019069280|Streptomyces_sp_R1-   61.36   63.23   65.89   91.61  100.00   43.64   42.78   43.08   42.82   42.50   41.37   42.39   45.43   45.41   42.67   43.54
     6: Q52185|Pseudomonas_pseudoalcalig   44.64   44.44   43.64   43.89   43.64  100.00   46.95   50.39   48.35   50.25   46.95   46.70   50.88   48.98   47.42   47.85
     7: WP_007669977|Caulobacter_sp_AP07   44.30   44.81   43.54   44.05   42.78   46.95  100.00   55.50   56.56   54.59   55.81   56.07   55.04   56.10   56.81   58.31
     8: YP_001264775|Sphingomonas_wittic   43.59   44.62   43.08   42.05   43.08   50.39   55.50  100.00   58.10   58.31   59.69   58.91   61.76   59.48   57.99   60.77
     9: WP_007665071|Caulobacter_sp_AP07   44.58   45.09   44.08   42.82   42.82   48.35   56.56   58.10  100.00   64.23   60.91   59.64   58.12   57.14   54.99   55.44
    10: WP_009519476|Hydrogenophaga_sp_P   44.50   44.67   43.50   43.00   42.50   50.25   54.59   58.31   64.23  100.00   62.53   60.00   58.44   58.99   55.38   55.56
    11: NP_771562|Bradyrhizobium_japonic   44.16   44.30   42.13   41.37   41.37   46.95   55.81   59.69   60.91   62.53  100.00   91.92   59.60   62.94   57.99   58.27
    12: WP_020607840|Bradyrhizobium_japo   44.16   44.56   41.88   42.89   42.39   46.70   56.07   58.91   59.64   60.00   91.92  100.00   59.85   63.20   58.76   57.76
    13: WP_007856790|Acidovorax_sp_CF316   45.18   47.12   46.19   44.92   45.43   50.88   55.04   61.76   58.12   58.44   59.60   59.85  100.00   81.31   61.34   64.38
    14: WP_009516770|Hydrogenophaga_sp_P   45.92   46.58   46.94   44.90   45.41   48.98   56.10   59.48   57.14   58.99   62.94   63.20   81.31  100.00   61.14   63.43
    15: ZP_01015498|Maritimibacter_alkal   41.39   43.19   42.67   42.93   42.67   47.42   56.81   57.99   54.99   55.38   57.99   58.76   61.34   61.14  100.00   80.26
    16: ZP_01015495|Maritimibacter_alkal   42.78   43.54   44.05   44.05   43.54   47.85   58.31   60.77   55.44   55.56   58.27   57.76   64.38   63.43   80.26  100.00
