#
#
#  Percent Identity  Matrix - created by Clustal2.1 
#
#

     1: NP_928334|Photorhabdus_luminesce  100.00   53.94   40.60   39.05   38.81   41.15   39.90   40.90   39.90   40.15   39.65   39.15   39.90   41.90   42.39   34.67   38.79   39.55   39.80   40.40   38.89
     2: YP_003073017|Teredinibacter_turn   53.94  100.00   38.73   36.82   36.57   39.20   37.69   38.94   36.43   37.19   36.68   40.70   40.70   40.20   38.69   35.44   38.17   39.69   38.42   41.33   40.31
     3: ZP_05063893|Octadecabacter_antar   40.60   38.73  100.00   60.29   60.29   65.38   66.10   66.59   63.92   64.16   64.16   67.55   66.59   64.41   65.86   37.99   44.53   44.25   44.50   44.88   43.90
     4: WP_019657117|Variovorax_paradoxu   39.05   36.82   60.29  100.00   94.25   68.30   69.23   69.93   71.10   72.03   72.49   69.70   71.56   73.43   73.19   34.31   41.37   41.33   41.33   41.59   43.10
     5: YP_002946168|Variovorax_paradoxu   38.81   36.57   60.29   94.25  100.00   67.60   68.53   70.16   71.33   72.26   71.79   69.93   72.26   72.73   73.19   34.55   41.61   41.57   41.57   41.59   42.37
     6: YP_008040496|Burkholderia_sp_RPE   41.15   39.20   65.38   68.30   67.60  100.00   76.69   75.29   72.96   74.13   73.43   75.52   75.76   77.16   75.52   36.01   40.80   42.18   41.47   42.21   44.07
     7: YP_786104|Bordetella_avium_197N|   39.90   37.69   66.10   69.23   68.53   76.69  100.00   78.79   75.29   79.25   79.25   82.05   81.35   79.95   80.42   38.93   41.84   40.62   40.14   43.27   42.62
     8: WP_008016316|Pseudomonas_sp_GM55   40.90   38.94   66.59   69.93   70.16   75.29   78.79  100.00   76.46   79.49   78.79   82.28   80.42   80.42   82.28   35.28   38.53   39.19   39.43   42.79   42.86
     9: YP_006377822|Advenella_kashmiren   39.90   36.43   63.92   71.10   71.33   72.96   75.29   76.46  100.00   85.31   80.65   76.46   78.55   79.25   79.25   36.74   40.43   40.86   41.09   43.03   42.86
    10: WP_003802208|Alcaligenes_faecali   40.15   37.19   64.16   72.03   72.26   74.13   79.25   79.49   85.31  100.00   81.59   77.39   77.39   82.98   81.35   36.98   41.61   41.57   41.33   42.55   42.13
    11: WP_017525522|Pusillimonas_noerte   39.65   36.68   64.16   72.49   71.79   73.43   79.25   78.79   80.65   81.59  100.00   79.25   80.42   81.35   82.75   36.74   40.66   40.62   40.38   44.23   42.13
    12: YP_728958|Ralstonia_eutropha_H16   39.15   40.70   67.55   69.70   69.93   75.52   82.05   82.28   76.46   77.39   79.25  100.00   93.71   79.95   82.98   36.98   40.90   41.33   41.09   42.31   41.65
    13: YP_297978|Ralstonia_eutropha_JMP   39.90   40.70   66.59   71.56   72.26   75.76   81.35   80.42   78.55   77.39   80.42   93.71  100.00   81.12   81.82   37.71   42.08   41.33   41.09   43.51   42.13
    14: NP_882632|Bordetella_parapertuss   41.90   40.20   64.41   73.43   72.73   77.16   79.95   80.42   79.25   82.98   81.35   79.95   81.12  100.00   90.91   37.47   43.26   43.23   42.76   44.47   43.83
    15: WP_006218872|Achromobacter_piech   42.39   38.69   65.86   73.19   73.19   75.52   80.42   82.28   79.25   81.35   82.75   82.98   81.82   90.91  100.00   36.25   42.32   42.76   42.28   42.55   42.62
    16: YP_556166|Burkholderia_xenovoran   34.67   35.44   37.99   34.31   34.55   36.01   38.93   35.28   36.74   36.98   36.74   36.98   37.71   37.47   36.25  100.00   44.96   43.95   43.70   46.31   44.09
    17: YP_785190|Bordetella_avium_197N|   38.79   38.17   44.53   41.37   41.61   40.80   41.84   38.53   40.43   41.61   40.66   40.90   42.08   43.26   42.32   44.96  100.00   91.23   90.76   57.07   57.14
    18: YP_003979952|Achromobacter_xylos   39.55   39.69   44.25   41.33   41.57   42.18   40.62   39.19   40.86   41.57   40.62   41.33   41.33   43.23   42.76   43.95   91.23  100.00   94.08   57.83   57.42
    19: ZP_06687854|Achromobacter_piecha   39.80   38.42   44.50   41.33   41.57   41.47   40.14   39.43   41.09   41.33   40.38   41.09   41.09   42.76   42.28   43.70   90.76   94.08  100.00   57.11   58.88
    20: WP_017235102|Pandoraea_sp_B-6|No   40.40   41.33   44.88   41.59   41.59   42.21   43.27   42.79   43.03   42.55   44.23   42.31   43.51   44.47   42.55   46.31   57.07   57.83   57.11  100.00   77.97
    21: NP_888136|Bordetella_bronchisept   38.89   40.31   43.90   43.10   42.37   44.07   42.62   42.86   42.86   42.13   42.13   41.65   42.13   43.83   42.62   44.09   57.14   57.42   58.88   77.97  100.00
