#
#
#  Percent Identity  Matrix - created by Clustal2.1 
#
#

     1: YP_001261399|Sphingomonas_wittic  100.00   51.57   32.44   33.90   33.45   38.19   33.22   32.07   37.98   36.24   35.35   36.91   37.25   34.26   37.76   35.31   37.06
     2: WP_003882298|Mycobacterium_fortu   51.57  100.00   35.21   32.86   33.92   37.94   33.92   35.56   39.93   36.27   38.38   40.49   41.20   36.49   38.52   33.92   34.98
     3: YP_004538220|Novosphingobium_sp_   32.44   35.21  100.00   56.29   59.48   40.07   35.69   35.59   36.70   31.88   31.99   29.53   29.87   37.58   40.34   40.88   41.55
     4: WP_010124548|Sphingomonas_sp_KC8   33.90   32.86   56.29  100.00   69.64   40.40   35.69   39.12   42.76   34.93   38.83   35.40   35.74   38.93   40.34   39.53   40.54
     5: YP_001166135|Novosphingobium_aro   33.45   33.92   59.48   69.64  100.00   38.38   35.69   36.39   41.08   34.80   34.24   31.86   32.20   37.25   41.02   41.22   40.54
     6: YP_001262325|Sphingomonas_wittic   38.19   37.94   40.07   40.40   38.38  100.00   43.10   44.22   45.27   35.29   37.85   37.37   37.72   36.15   42.86   38.98   40.00
     7: WP_008520817|alpha_proteobacteri   33.22   33.92   35.69   35.69   35.69   43.10  100.00   46.10   42.37   35.52   39.10   36.68   36.33   42.76   41.69   41.69   42.37
     8: ZP_05095182|marine_gamma_proteob   32.07   35.56   35.59   39.12   36.39   44.22   46.10  100.00   45.76   34.71   37.59   35.86   35.86   36.05   40.55   39.73   43.15
     9: WP_008249020|gamma_proteobacteri   37.98   39.93   36.70   42.76   41.08   45.27   42.37   45.76  100.00   40.07   44.06   44.76   45.10   44.97   44.75   43.24   44.26
    10: WP_019528278|Dasania_marina|Non    36.24   36.27   31.88   34.93   34.80   35.29   35.52   34.71   40.07  100.00   46.28   51.89   51.89   35.99   35.89   34.84   33.80
    11: WP_010123492|Sphingomonas_sp_KC8   35.35   38.38   31.99   38.83   34.24   37.85   39.10   37.59   44.06   46.28  100.00   53.72   54.05   35.07   36.71   38.81   37.76
    12: WP_016745881|Sphingomonas_wittic   36.91   40.49   29.53   35.40   31.86   37.37   36.68   35.86   44.76   51.89   53.72  100.00   98.45   33.33   37.06   34.97   34.27
    13: YP_001262346|Sphingomonas_wittic   37.25   41.20   29.87   35.74   32.20   37.72   36.33   35.86   45.10   51.89   54.05   98.45  100.00   33.33   37.06   34.97   34.27
    14: WP_008491838|SAR86_cluster_bacte   34.26   36.49   37.58   38.93   37.25   36.15   42.76   36.05   44.97   35.99   35.07   33.33   33.33  100.00   44.59   43.77   44.78
    15: YP_001263782|Sphingomonas_wittic   37.76   38.52   40.34   40.34   41.02   42.86   41.69   40.55   44.75   35.89   36.71   37.06   37.06   44.59  100.00   57.43   57.77
    16: WP_010125411|Sphingomonas_sp_KC8   35.31   33.92   40.88   39.53   41.22   38.98   41.69   39.73   43.24   34.84   38.81   34.97   34.97   43.77   57.43  100.00   83.06
    17: YP_007615278|Sphingomonas_sp_MM-   37.06   34.98   41.55   40.54   40.54   40.00   42.37   43.15   44.26   33.80   37.76   34.27   34.27   44.78   57.77   83.06  100.00
