#
#
#  Percent Identity  Matrix - created by Clustal2.1 
#
#

     1: YP_718166|Sphingomonas_sp_KA1|No  100.00   79.63   53.53   53.30   51.84   50.12   55.88   52.39   53.79   53.30   52.39   53.30   53.30   52.18   51.03   53.35   52.42   53.79
     2: WP_017183313|Sphingobium_xenopha   79.63  100.00   54.35   54.11   52.21   49.88   57.35   53.65   54.85   55.06   53.65   54.82   54.59   52.72   52.94   54.87   53.03   54.61
     3: WP_007436449|Acetobacteraceae_ba   53.53   54.35  100.00   56.71   55.28   52.36   59.09   54.40   57.53   58.60   57.69   56.79   57.24   56.62   57.27   59.63   56.97   58.68
     4: ZP_01014538|Maritimibacter_alkal   53.30   54.11   56.71  100.00   88.73   59.43   61.45   59.53   59.76   60.24   60.94   60.71   61.41   61.65   60.24   59.76   58.81   60.47
     5: ZP_01015822|Maritimibacter_alkal   51.84   52.21   55.28   88.73  100.00   58.35   59.70   56.76   58.48   58.48   59.21   59.95   60.44   59.21   58.97   58.72   58.31   58.23
     6: WP_008250861|gamma_proteobacteri   50.12   49.88   52.36   59.43   58.35  100.00   65.21   57.41   60.61   60.85   59.43   60.14   60.38   59.20   59.67   59.29   57.96   60.14
     7: YP_004487047|Delftia_sp_Cs1-4|No   55.88   57.35   59.09   61.45   59.70   65.21  100.00   66.35   70.88   68.26   67.78   69.21   69.69   68.02   68.74   69.21   70.03   71.36
     8: YP_997682|Verminephrobacter_eise   52.39   53.65   54.40   59.53   56.76   57.41   66.35  100.00   71.75   71.33   72.91   72.69   73.59   71.75   70.75   71.69   74.34   74.94
     9: YP_001628854|Bordetella_petrii_D   53.79   54.85   57.53   59.76   58.48   60.61   70.88   71.75  100.00   76.08   76.31   76.31   76.31   74.72   77.68   77.57   75.54   74.03
    10: YP_003277530|Comamonas_testoster   53.30   55.06   58.60   60.24   58.48   60.85   68.26   71.33   76.08  100.00   88.26   84.65   85.10   76.08   76.42   73.68   76.74   76.99
    11: YP_002979846|Ralstonia_pickettii   52.39   53.65   57.69   60.94   59.21   59.43   67.78   72.91   76.31   88.26  100.00   88.49   89.62   78.36   80.95   76.43   75.06   77.68
    12: YP_001116718|Burkholderia_vietna   53.30   54.82   56.79   60.71   59.95   60.14   69.21   72.69   76.31   84.65   88.49  100.00   96.39   78.59   81.86   75.74   75.54   78.36
    13: ZP_03265346|Burkholderia_sp_H160   53.30   54.59   57.24   61.41   60.44   60.38   69.69   73.59   76.31   85.10   89.62   96.39  100.00   79.04   81.63   75.51   75.78   78.36
    14: Q05183|Pseudomonas_putida|Pht      52.18   52.72   56.62   61.65   59.21   59.20   68.02   71.75   74.72   76.08   78.36   78.59   79.04  100.00   82.00   78.72   75.06   75.63
    15: ZP_02886121|Burkholderia_gramini   51.03   52.94   57.27   60.24   58.97   59.67   68.74   70.75   77.68   76.42   80.95   81.86   81.63   82.00  100.00   78.95   75.06   77.22
    16: YP_548741|Polaromonas_sp_JS666|N   53.35   54.87   59.63   59.76   58.72   59.29   69.21   71.69   77.57   73.68   76.43   75.74   75.51   78.72   78.95  100.00   78.31   80.32
    17: YP_973790|Polaromonas_naphthalen   52.42   53.03   56.97   58.81   58.31   57.96   70.03   74.34   75.54   76.74   75.06   75.54   75.78   75.06   75.06   78.31  100.00   84.65
    18: ZP_03542790|Comamonas_testostero   53.79   54.61   58.68   60.47   58.23   60.14   71.36   74.94   74.03   76.99   77.68   78.36   78.36   75.63   77.22   80.32   84.65  100.00
