#
#
#  Percent Identity  Matrix - created by Clustal2.1 
#
#

     1: tr|A0A962K0T8|A0A962K0T8_9GAMM  100.00   50.24   51.69   52.17   50.97   50.24   50.25   54.59   54.11   52.66   55.56   51.21
     2: tr|A0A916J7L7|A0A916J7L7_9PROT   50.24  100.00   68.22   52.17   52.43   55.07   56.28   61.84   60.87   57.00   59.42   58.45
     3: tr|A0A934LEM1|A0A934LEM1_9PROT   51.69   68.22  100.00   52.17   51.46   53.14   54.77   57.00   58.45   57.97   56.52   59.90
     4: tr|A0A558EBW2|A0A558EBW2_9RHOO   52.17   52.17   52.17  100.00   52.43   61.35   61.31   62.80   61.84   60.39   54.59   58.94
     5: tr|A0A9D6ZU21|A0A9D6ZU21_9GAMM   50.97   52.43   51.46   52.43  100.00   54.59   55.56   62.14   63.11   56.52   55.83   57.28
     6: UPI0003FADCC6                    50.24   55.07   53.14   61.35   54.59  100.00   99.50   68.60   66.67   58.17   63.77   57.97
     7: tr|S9ZG03|S9ZG03_9RHOO           50.25   56.28   54.77   61.31   55.56   99.50  100.00   68.84   67.34   59.80   65.83   59.80
     8: UPI00036758E1                    54.59   61.84   57.00   62.80   62.14   68.60   68.84  100.00   88.89   64.73   65.70   64.73
     9: UPI00145D6AF7                    54.11   60.87   58.45   61.84   63.11   66.67   67.34   88.89  100.00   64.73   66.67   62.80
    10: tr|A0A2N2V6E2|A0A2N2V6E2_9PROT   52.66   57.00   57.97   60.39   56.52   58.17   59.80   64.73   64.73  100.00   66.67   65.22
    11: UPI000E0D5AB2                    55.56   59.42   56.52   54.59   55.83   63.77   65.83   65.70   66.67   66.67  100.00   67.63
    12: tr|A0A096ZNX1|A0A096ZNX1_9RHOO   51.21   58.45   59.90   58.94   57.28   57.97   59.80   64.73   62.80   65.22   67.63  100.00
