#
#
#  Percent Identity  Matrix - created by Clustal2.1 
#
#

     1: YP_004531633|Treponema_primitia_  100.00   95.45   36.27   41.18   42.81   43.79   42.81   43.14   40.66   40.33   40.98   40.20   41.50   41.63   43.93   44.59   44.77   45.75   46.41   46.41   43.79   44.12   45.10   44.44   44.12   44.77   44.74   45.75   45.75   44.77   44.77   45.75   42.48   42.81   44.44   42.81   43.46   44.12   44.77   42.96   45.10   43.00   43.14   42.71   43.28   43.93   44.77   44.37   43.79   44.12   43.46   40.46   38.56   37.55   42.48   43.79   44.59   41.24   44.44   43.14   43.79   45.75   44.77   44.12   45.75   44.77   44.12   42.81   45.42   46.41   42.48   42.81   41.50   40.52   41.83   42.81   42.81   42.81   42.48   41.50   41.50   42.16   43.14   42.48   42.16   40.33   41.83   42.00   49.18   51.63   49.02   46.08   47.06   44.01   45.90   45.69   45.90   46.23   46.56
     2: WP_010260241|Treponema_primitia|   95.45  100.00   36.93   40.20   43.14   44.12   42.48   42.81   40.33   39.34   40.66   40.85   42.48   42.06   44.59   45.25   45.42   46.08   46.41   46.08   44.77   44.77   46.08   45.42   44.77   45.42   45.39   46.41   45.42   45.75   46.08   46.08   43.14   43.46   45.10   44.12   44.12   44.77   45.10   42.61   45.42   42.66   43.79   43.05   43.61   44.92   44.77   44.71   44.77   45.10   44.44   39.47   38.24   37.17   42.81   43.46   43.61   41.92   44.12   43.46   44.12   46.08   44.44   43.79   45.75   44.44   44.12   42.48   44.77   46.08   42.48   42.48   41.50   40.52   41.83   42.81   42.81   42.48   42.16   41.50   41.50   42.81   42.81   43.14   42.48   40.66   42.16   42.33   48.52   51.31   49.02   47.39   47.39   43.31   44.92   44.57   44.92   45.25   45.57
     3: YP_003544642|Sphingobium_japonic   36.27   36.93  100.00   62.26   60.00   61.61   65.16   65.48   41.83   45.10   43.79   38.64   40.91   36.17   41.37   40.07   40.58   41.56   40.26   40.58   41.69   41.56   41.88   42.53   42.21   41.56   41.50   44.81   42.21   40.26   41.88   41.56   38.96   40.26   41.23   41.88   42.21   42.86   44.16   43.00   45.60   44.75   46.58   43.77   48.04   49.02   46.91   46.94   47.23   46.75   46.75   39.34   40.85   43.49   42.81   42.48   42.62   43.64   41.50   45.75   45.42   42.48   43.14   43.79   45.10   44.44   44.44   40.85   43.14   42.16   41.50   44.44   44.12   44.12   42.81   41.83   43.79   43.79   43.79   43.79   44.12   42.48   42.16   42.81   41.50   40.98   42.16   41.00   45.42   41.83   42.48   43.18   43.83   43.01   44.95   44.24   45.28   45.93   46.25
     4: WP_007184080|Hydrocarboniphaga_e   41.18   40.20   62.26  100.00   74.84   77.42   78.39   77.42   47.71   43.14   45.42   43.83   47.08   40.85   45.60   44.63   45.78   44.48   44.48   44.16   45.28   44.48   44.81   45.78   46.75   45.78   45.42   47.08   42.86   48.05   45.45   46.10   42.53   43.18   43.51   44.81   43.18   43.83   48.05   47.10   50.81   48.81   48.21   50.51   50.33   51.63   51.79   48.64   50.81   50.97   50.97   46.23   44.44   43.49   46.08   46.41   46.23   45.36   46.41   47.71   48.37   45.75   47.71   47.71   46.73   47.39   47.39   45.10   47.06   46.08   47.06   46.08   46.73   46.73   46.08   45.10   46.73   46.08   46.08   47.06   47.71   44.77   46.08   45.42   44.77   43.28   45.10   44.00   46.41   43.46   43.14   45.13   42.53   42.66   43.32   43.12   44.30   43.97   44.63
     5: WP_008305095|Glaciecola_agarilyt   42.81   43.14   60.00   74.84  100.00   80.97   81.29   79.03   47.39   45.75   47.39   45.13   44.48   45.96   49.19   47.23   48.05   47.40   48.05   46.75   47.56   47.08   47.73   48.38   48.70   47.73   47.71   49.35   46.75   47.08   45.45   47.08   44.16   45.13   45.78   45.45   44.48   44.48   51.30   48.81   50.49   49.83   49.84   51.52   49.67   50.33   52.12   50.68   51.47   52.27   52.27   45.25   44.12   46.10   47.39   47.06   47.87   48.11   49.35   49.02   49.67   47.71   49.67   51.31   48.69   47.71   48.69   46.73   49.67   49.02   45.42   46.73   47.06   48.04   48.69   47.71   49.35   48.04   48.37   48.04   48.04   47.06   48.69   48.04   47.39   46.23   48.04   47.33   48.69   47.39   46.73   46.43   46.43   46.85   46.25   47.96   48.21   47.23   47.56
     6: WP_018230568|Methyloversatilis_u   43.79   44.12   61.61   77.42   80.97  100.00   82.90   82.90   46.08   48.37   50.00   44.81   47.08   43.83   46.91   45.28   48.05   48.05   47.73   47.40   47.88   45.13   46.10   46.75   48.38   47.40   46.73   48.70   45.45   47.73   46.43   48.05   43.18   43.51   47.08   46.43   45.45   45.45   50.65   49.49   51.79   51.53   50.16   51.52   51.63   51.96   53.09   51.02   51.47   52.92   52.92   46.23   44.77   46.47   47.71   47.39   47.54   48.11   48.04   50.00   50.00   47.06   48.69   50.33   48.69   49.35   47.71   48.04   49.67   49.35   49.35   48.04   47.39   48.04   47.71   47.39   49.02   47.71   48.04   47.71   48.37   47.71   48.37   48.69   47.71   46.89   48.69   48.33   48.69   46.08   46.41   47.40   47.73   46.85   47.56   48.33   47.23   47.56   48.21
     7: WP_002940969|Thauera_sp_27|Non     42.81   42.48   65.16   78.39   81.29   82.90  100.00   86.45   48.37   46.08   46.73   47.40   48.05   45.11   49.19   47.88   50.32   48.70   49.68   49.68   49.19   49.03   49.35   50.00   51.62   50.00   49.67   50.97   48.38   49.03   51.30   51.30   46.10   46.10   47.40   48.38   47.40   49.03   51.30   49.83   51.47   50.51   51.14   50.84   51.63   52.29   52.12   51.02   52.12   53.57   53.25   47.87   45.42   45.72   49.35   50.33   50.49   51.89   49.35   50.65   51.31   47.71   51.63   51.31   50.65   50.33   50.33   49.35   50.00   48.69   48.37   48.69   48.37   48.04   47.39   47.39   48.69   48.04   48.37   47.71   47.71   47.71   49.67   48.37   47.71   46.56   48.37   47.67   50.00   46.41   46.08   49.03   46.43   46.85   48.21   48.70   49.19   48.86   49.19
     8: YP_933362|Azoarcus_sp_BH72|Non     43.14   42.81   65.48   77.42   79.03   82.90   86.45  100.00   45.75   48.37   49.35   45.45   47.40   43.40   47.23   46.25   48.70   47.73   48.70   47.73   48.53   47.40   49.03   49.68   50.65   48.70   49.67   49.68   46.43   47.73   49.03   49.35   45.78   46.10   46.43   46.43   47.73   48.38   50.32   51.54   52.44   52.88   50.81   50.51   51.31   51.63   51.79   51.70   51.79   53.57   53.25   46.89   44.77   44.98   45.75   46.08   47.54   47.77   49.67   50.65   50.33   46.41   48.04   49.02   48.37   48.37   48.04   47.39   49.67   49.35   47.39   47.71   46.73   47.39   47.71   47.71   48.37   48.37   48.69   48.69   48.69   48.04   50.00   49.35   48.69   46.89   49.02   48.00   49.67   45.75   45.75   47.73   46.10   46.50   47.23   47.58   48.53   48.86   48.86
     9: YP_006837046|Cycloclasticus_sp_P   40.66   40.33   41.83   47.71   47.39   46.08   48.37   45.75  100.00   52.61   53.92   51.31   51.31   48.50   50.82   51.15   52.94   52.61   53.59   53.59   50.98   52.94   52.61   52.29   51.63   52.29   51.97   52.29   53.27   52.29   51.96   51.96   50.65   50.98   50.98   51.31   52.61   52.94   52.29   50.52   55.23   53.24   50.65   55.25   53.27   54.25   53.27   51.19   52.94   52.94   53.27   55.08   52.46   54.85   53.44   53.11   53.44   54.14   58.03   55.74   55.08   55.08   56.72   56.39   53.77   57.05   56.07   55.08   55.41   56.39   53.77   57.38   53.77   54.10   57.70   57.70   56.07   56.39   56.72   56.72   56.72   54.75   56.39   55.08   56.07   54.93   55.41   56.19   45.75   47.87   43.46   48.69   49.35   46.83   48.20   48.31   49.18   48.20   49.51
    10: WP_004752304|Acinetobacter_sp_AN   40.33   39.34   45.10   43.14   45.75   48.37   46.08   48.37   52.61  100.00   83.66   52.29   49.35   49.79   50.16   50.16   51.63   54.58   56.21   55.23   51.31   52.94   53.59   52.94   53.92   52.94   54.61   52.61   53.59   48.04   51.63   51.96   50.98   50.00   51.63   50.00   51.96   52.29   55.56   54.98   61.11   56.66   58.50   60.00   59.15   59.80   57.19   59.04   59.15   60.13   59.80   51.15   48.20   49.63   49.51   49.84   53.11   50.00   52.46   54.10   53.44   50.16   53.44   54.75   52.46   53.11   54.10   51.15   51.48   53.44   53.11   54.10   52.13   53.44   56.07   55.74   54.43   55.08   54.10   55.74   55.08   54.43   55.41   56.39   56.07   54.93   56.39   57.86   44.44   42.95   41.18   48.04   50.00   45.77   49.51   49.06   49.84   50.16   49.84
    11: WP_005172209|Acinetobacter_sp_NI   40.98   40.66   43.79   45.42   47.39   50.00   46.73   49.35   53.92   83.66  100.00   51.96   50.33   49.36   50.16   50.49   52.61   55.56   56.21   55.56   51.96   51.63   51.31   51.31   53.59   52.61   54.28   51.96   52.94   49.35   50.98   52.61   51.63   51.96   50.33   50.00   51.63   51.31   55.56   56.01   60.78   55.97   58.50   58.31   57.84   59.48   58.50   59.04   59.15   59.80   59.80   50.49   46.89   50.75   50.16   50.82   51.15   50.34   52.46   56.07   55.08   51.80   56.07   53.44   53.11   55.08   55.41   51.15   52.79   53.11   51.48   54.43   53.44   54.10   53.77   53.44   54.43   55.08   54.43   55.08   55.08   53.11   54.43   54.43   55.08   52.63   54.75   55.18   44.44   45.57   42.81   48.04   49.35   45.42   49.18   49.81   48.85   48.52   48.20
    12: YP_002798096|Azotobacter_vinelan   40.20   40.85   38.64   43.83   45.13   44.81   47.40   45.45   51.31   52.29   51.96  100.00   58.44   62.98   64.17   63.19   64.29   66.23   65.26   67.21   64.50   66.23   66.88   66.23   66.88   67.86   68.95   67.21   64.94   62.34   63.64   62.99   61.69   61.04   64.61   62.01   62.34   62.66   55.84   54.27   59.61   53.90   55.70   54.88   53.92   55.88   54.07   54.42   56.03   56.49   56.49   50.82   52.61   49.44   46.73   46.73   52.13   51.20   50.65   52.61   52.61   51.63   51.96   51.96   52.29   50.98   51.96   49.35   51.63   51.31   50.98   53.59   52.29   51.96   50.98   50.33   54.25   50.98   50.98   52.29   52.61   50.65   52.29   51.96   51.31   49.51   51.63   51.33   48.04   43.14   43.14   51.30   50.32   42.66   46.91   46.84   46.25   46.91   46.91
    13: BAC75400|Pseudomonas_putida|Non    41.50   42.48   40.91   47.08   44.48   47.08   48.05   47.40   51.31   49.35   50.33   58.44  100.00   61.02   60.39   59.74   61.17   64.40   64.08   63.75   58.77   61.17   60.84   60.52   62.14   62.46   64.50   62.46   60.84   66.34   69.13   69.77   66.67   65.70   69.26   69.58   68.61   68.93   52.27   50.85   57.33   51.19   52.77   52.53   53.27   53.59   52.44   51.36   52.12   54.22   53.90   49.51   48.69   48.33   49.67   50.65   48.85   51.20   50.00   51.96   51.63   51.96   52.61   49.67   52.29   51.31   51.31   49.67   51.31   51.63   50.00   51.63   51.63   50.00   51.31   50.65   52.94   51.63   52.61   52.29   51.63   52.29   52.61   52.29   51.63   49.84   50.98   51.67   47.39   44.12   43.79   51.30   45.13   40.56   45.60   46.10   43.65   44.95   44.63
    14: ABQ88310|Alicycliphilus_sp_BC|Ca   41.63   42.06   36.17   40.85   45.96   43.83   45.11   43.40   48.50   49.79   49.36   62.98   61.02  100.00   90.68   91.53   65.25   68.22   69.07   70.34   65.11   66.95   67.37   66.95   68.22   66.95   67.80   67.80   67.80   62.29   63.14   62.71   63.14   64.41   61.44   61.44   64.41   64.41   53.19   48.90   54.27   50.66   51.28   52.81   51.50   54.94   49.57   50.44   51.71   50.21   50.64   47.64   45.73   45.21   43.59   44.87   49.79   47.56   49.15   52.56   53.42   50.43   51.71   51.71   51.28   49.57   49.57   47.86   49.57   50.00   44.44   50.85   49.57   48.29   49.15   48.29   48.29   49.57   49.57   48.72   47.44   50.43   51.28   50.85   49.15   48.07   50.00   50.85   46.35   48.07   46.78   49.79   45.53   41.92   45.30   44.44   44.02   44.02   45.30
    15: AAX47250|Delftia_tsuruhatensis|C   43.93   44.59   41.37   45.60   49.19   46.91   49.19   47.23   50.82   50.16   50.16   64.17   60.39   90.68  100.00   93.83   66.23   68.83   69.48   70.13   66.45   67.86   68.18   67.86   68.51   67.53   68.30   67.21   67.53   61.04   61.36   61.36   60.06   61.04   60.71   61.69   62.66   62.01   57.65   54.45   58.82   56.12   54.90   56.76   57.38   59.02   55.56   54.95   57.19   57.98   57.65   50.99   50.49   50.00   46.89   47.87   51.97   50.69   51.80   56.39   57.05   53.77   54.43   53.77   54.75   53.77   53.77   52.13   54.43   54.10   49.84   54.43   54.75   52.46   53.44   53.11   52.13   51.80   52.79   52.79   51.80   52.46   53.77   52.79   51.48   50.99   51.80   52.51   50.82   51.80   52.13   52.44   49.51   44.56   48.37   48.13   48.04   48.37   49.35
    16: BAB62050|Pseudomonas_putida|Cat    44.59   45.25   40.07   44.63   47.23   45.28   47.88   46.25   51.15   50.16   50.49   63.19   59.74   91.53   93.83  100.00   68.18   70.13   71.10   72.40   67.75   69.81   69.81   70.13   70.45   69.16   70.26   69.16   68.83   62.01   62.66   62.34   62.99   62.66   61.69   62.66   63.96   63.31   56.35   53.77   57.19   54.08   54.25   55.07   55.41   57.70   53.92   53.24   55.88   54.72   55.05   49.67   48.52   48.51   45.90   47.87   51.97   51.72   52.13   55.08   55.41   53.77   53.44   53.11   53.44   52.46   52.13   51.15   53.11   52.13   49.18   53.77   53.44   51.15   52.13   52.13   50.16   50.49   51.15   51.15   50.16   51.48   52.79   51.48   50.49   49.34   50.82   51.51   51.48   52.13   51.80   52.44   50.16   44.91   49.02   48.88   48.04   48.37   49.35
    17: YP_285976|Dechloromonas_aromatic   44.77   45.42   40.58   45.78   48.05   48.05   50.32   48.70   52.94   51.63   52.61   64.29   61.17   65.25   66.23   68.18  100.00   76.38   78.32   79.61   69.81   72.49   74.76   73.46   72.49   73.14   73.94   72.82   70.55   63.43   68.61   66.34   66.02   66.34   67.96   66.34   67.31   65.70   57.47   55.97   61.89   57.29   57.00   56.57   57.52   60.46   56.03   55.44   56.68   57.47   57.14   53.44   50.65   50.19   51.31   53.27   57.38   57.04   55.23   57.52   56.54   56.86   57.84   55.88   56.54   56.54   55.88   55.88   56.86   55.23   54.90   57.19   56.86   54.90   57.52   56.86   55.23   55.88   56.54   56.54   55.88   54.90   55.23   55.56   54.25   54.43   55.56   56.33   52.61   47.71   49.02   53.90   50.97   44.06   48.21   48.33   47.23   46.91   47.23
    18: WP_004358011|Thauera_phenylaceti   45.75   46.08   41.56   44.48   47.40   48.05   48.70   47.73   52.61   54.58   55.56   66.23   64.40   68.22   68.83   70.13   76.38  100.00   90.61   91.59   70.45   72.49   75.08   74.43   73.14   72.49   73.29   73.14   72.82   66.02   68.93   68.61   66.02   68.28   67.96   68.28   67.96   67.96   59.09   58.02   62.21   60.34   60.91   59.26   59.15   59.48   58.31   58.16   58.96   59.09   59.09   52.46   51.31   51.67   52.94   51.96   57.38   54.30   55.88   56.54   56.54   56.54   58.17   55.88   59.15   58.50   57.52   56.54   57.19   57.52   55.56   59.15   58.82   57.52   59.15   57.84   59.15   58.17   58.82   58.17   57.52   55.88   57.52   57.84   56.21   54.10   56.86   57.33   52.61   48.37   48.04   51.62   50.65   43.71   49.84   49.44   48.53   47.88   48.53
    19: WP_002939590|Thauera_sp_27|Non     46.41   46.41   40.26   44.48   48.05   47.73   49.68   48.70   53.59   56.21   56.21   65.26   64.08   69.07   69.48   71.10   78.32   90.61  100.00   93.85   70.78   72.82   76.05   75.40   74.43   73.46   73.62   72.82   73.46   68.28   69.90   69.26   67.96   69.58   68.61   70.23   69.26   68.93   60.71   57.34   61.56   59.32   61.89   60.27   59.48   60.13   57.33   57.82   58.96   58.77   59.09   53.11   51.63   52.42   51.63   50.65   60.00   54.98   56.86   57.19   56.86   57.19   58.50   57.84   59.80   59.80   58.17   56.21   57.84   57.52   55.23   58.82   59.80   57.19   59.48   58.50   59.48   58.50   59.15   58.82   58.50   56.86   58.50   58.17   56.86   55.74   57.52   58.33   52.29   50.33   49.67   51.30   50.65   44.76   50.16   50.56   49.19   48.53   49.19
    20: YP_002890068|Thauera_sp_MZ1T|Non   46.41   46.08   40.58   44.16   46.75   47.40   49.68   47.73   53.59   55.23   55.56   67.21   63.75   70.34   70.13   72.40   79.61   91.59   93.85  100.00   71.75   72.82   76.05   75.40   75.08   73.79   74.27   73.46   73.14   67.64   72.49   71.20   68.93   69.90   69.26   69.58   69.26   69.90   58.77   56.31   61.56   58.98   61.56   60.27   58.82   60.13   57.00   57.14   58.31   58.12   58.44   52.13   50.65   51.30   50.98   51.96   58.03   54.30   56.21   56.21   55.88   56.86   58.50   56.86   57.84   58.17   56.21   55.88   56.86   57.84   54.58   57.84   58.82   55.88   58.17   57.19   58.50   57.19   57.52   57.19   56.86   55.23   56.86   56.21   54.90   54.43   55.88   56.67   51.96   50.33   49.02   50.97   51.95   45.10   50.16   50.56   49.84   49.51   49.84
    21: YP_286988|Dechloromonas_aromatic   43.79   44.77   41.69   45.28   47.56   47.88   49.19   48.53   50.98   51.31   51.96   64.50   58.77   65.11   66.45   67.75   69.81   70.45   70.78   71.75  100.00   73.38   72.40   72.40   76.62   75.65   74.51   76.30   73.70   62.01   67.86   67.86   66.23   66.23   64.94   65.58   65.58   65.58   53.75   52.40   59.93   55.10   55.05   53.72   53.92   56.54   53.42   54.42   54.72   55.05   55.05   53.77   51.96   50.19   50.00   51.96   54.75   55.33   54.90   56.21   55.88   54.90   56.86   54.25   56.21   56.86   55.56   53.92   56.86   54.58   54.90   56.86   55.88   54.90   56.21   55.56   56.21   55.88   56.54   56.54   55.88   53.59   55.23   55.56   53.92   52.79   54.25   55.00   51.31   50.00   47.39   49.84   49.19   41.40   46.41   47.01   45.10   45.42   46.08
    22: WP_004343595|Thauera_linaloolent   44.12   44.77   41.56   44.48   47.08   45.13   49.03   47.40   52.94   52.94   51.63   66.23   61.17   66.95   67.86   69.81   72.49   72.49   72.82   72.82   73.38  100.00   91.26   90.61   80.26   81.55   80.78   81.23   82.52   64.72   70.87   70.23   71.20   70.23   68.93   68.61   70.55   70.87   56.17   55.63   60.59   55.25   56.03   55.22   56.86   59.15   54.40   55.78   56.68   56.49   56.49   49.18   50.65   49.07   49.02   50.00   53.44   54.98   52.29   53.27   52.61   53.27   55.56   51.63   52.29   52.29   52.61   51.31   54.58   54.58   50.98   54.90   54.58   52.94   54.90   55.56   55.56   53.92   54.58   54.90   54.58   52.61   55.56   54.58   52.94   51.80   54.25   54.00   51.31   50.65   47.71   50.32   50.65   45.45   49.19   50.19   49.19   49.19   49.51
    23: WP_004357978|Thauera_phenylaceti   45.10   46.08   41.88   44.81   47.73   46.10   49.35   49.03   52.61   53.59   51.31   66.88   60.84   67.37   68.18   69.81   74.76   75.08   76.05   76.05   72.40   91.26  100.00   98.06   81.55   82.85   83.06   83.82   83.17   64.08   71.84   69.58   71.52   69.26   68.93   68.61   70.55   71.52   57.14   55.63   61.89   55.59   56.03   56.57   57.52   59.48   54.72   56.12   56.68   56.49   56.49   49.84   51.63   50.19   49.02   49.35   53.44   53.61   52.94   54.58   54.25   53.59   55.23   52.29   52.94   53.27   53.27   51.96   54.90   54.58   51.96   55.23   55.23   53.59   56.21   56.54   56.21   54.90   55.56   55.56   55.23   52.94   55.88   55.56   53.92   52.46   54.58   54.67   52.94   50.33   49.02   50.97   51.30   45.45   49.19   50.19   48.53   49.19   49.51
    24: YP_002890083|Thauera_sp_MZ1T|Non   44.44   45.42   42.53   45.78   48.38   46.75   50.00   49.68   52.29   52.94   51.31   66.23   60.52   66.95   67.86   70.13   73.46   74.43   75.40   75.40   72.40   90.61   98.06  100.00   81.55   82.20   81.76   84.47   83.17   64.08   71.20   69.58   71.20   68.93   68.61   68.61   70.55   71.20   57.47   56.31   60.91   56.27   56.68   56.57   56.86   58.82   55.37   56.80   57.33   57.14   57.14   49.84   50.98   49.81   48.37   48.69   52.79   53.26   52.29   53.59   52.94   52.61   54.25   51.96   52.61   52.94   52.94   50.98   53.92   53.59   51.63   54.58   55.23   53.27   55.56   55.88   55.56   54.25   54.90   54.90   54.58   52.29   55.23   54.90   53.27   51.80   53.92   54.00   52.29   49.67   48.37   50.00   50.65   44.76   48.53   49.44   47.88   48.53   48.86
    25: WP_004252844|Thauera_sp_63|Non     44.12   44.77   42.21   46.75   48.70   48.38   51.62   50.65   51.63   53.92   53.59   66.88   62.14   68.22   68.51   70.45   72.49   73.14   74.43   75.08   76.62   80.26   81.55   81.55  100.00   93.20   91.21   85.11   83.17   65.70   72.17   71.84   70.87   69.90   67.64   68.61   70.55   70.87   57.14   55.63   61.24   56.61   58.31   56.23   56.86   59.48   56.03   56.80   57.65   57.79   57.79   51.48   52.61   51.67   50.00   50.65   55.08   55.67   53.59   56.54   55.56   54.90   56.21   55.23   56.54   55.88   55.56   53.59   56.86   54.25   55.23   57.84   59.48   56.86   56.21   55.56   57.19   56.54   57.19   56.86   56.54   54.90   56.21   55.56   54.90   53.11   55.23   56.00   51.63   51.63   50.33   52.27   51.30   45.45   49.51   50.19   48.53   48.21   48.86
    26: WP_002932123|Thauera_sp_28|Non     44.77   45.42   41.56   45.78   47.73   47.40   50.00   48.70   52.29   52.94   52.61   67.86   62.46   66.95   67.53   69.16   73.14   72.49   73.46   73.79   75.65   81.55   82.85   82.20   93.20  100.00   93.81   84.79   82.52   65.70   71.84   72.17   71.52   70.55   68.28   68.61   70.55   70.87   56.17   54.95   59.93   55.59   57.65   55.56   55.56   58.17   54.07   56.12   56.35   56.49   56.49   51.15   52.29   50.56   50.33   51.63   54.75   56.36   53.59   56.21   55.56   54.90   55.88   54.25   55.56   55.56   55.56   53.27   56.54   54.58   54.90   57.19   57.84   56.54   56.54   55.88   58.50   57.52   58.17   57.84   57.52   56.21   57.19   56.54   55.88   54.10   56.21   57.00   51.96   50.65   50.00   52.60   51.62   45.45   50.16   50.56   49.19   47.88   49.84
    27: EPZ15753|Thauera_terpenica_58Eu|   44.74   45.39   41.50   45.42   47.71   46.73   49.67   49.67   51.97   54.61   54.28   68.95   64.50   67.80   68.30   70.26   73.94   73.29   73.62   74.27   74.51   80.78   83.06   81.76   91.21   93.81  100.00   83.39   81.43   66.45   72.31   73.29   72.96   71.34   70.68   69.71   71.99   71.66   55.88   55.97   60.98   55.93   56.72   55.89   55.59   58.22   54.75   55.78   56.39   56.54   56.54   50.66   51.15   49.81   50.49   51.15   53.29   54.98   53.11   55.74   55.41   53.77   55.41   53.11   54.43   54.43   54.43   52.13   55.41   54.10   53.77   56.07   57.05   55.41   56.39   55.74   58.36   56.72   57.38   57.70   57.38   55.74   57.05   55.74   56.39   53.29   55.08   56.19   52.96   51.97   51.32   53.59   50.65   45.10   49.51   50.19   48.20   47.87   48.85
    28: WP_018989550|Azoarcus_toluclasti   45.75   46.41   44.81   47.08   49.35   48.70   50.97   49.68   52.29   52.61   51.96   67.21   62.46   67.80   67.21   69.16   72.82   73.14   72.82   73.46   76.30   81.23   83.82   84.47   85.11   84.79   83.39  100.00   88.03   64.72   72.17   72.82   73.14   70.87   70.87   71.20   70.87   70.87   56.17   55.63   61.89   56.95   56.35   55.89   55.88   59.15   55.05   56.12   57.00   57.47   57.47   50.82   51.63   49.44   50.33   51.63   52.13   53.26   52.61   53.92   52.61   55.56   56.21   53.59   55.23   53.92   53.92   51.31   55.23   54.58   53.27   55.88   56.54   55.56   55.23   54.90   56.54   55.56   56.21   56.21   55.88   54.58   55.88   54.90   54.25   53.11   54.58   55.67   50.33   50.65   48.69   51.62   51.95   46.85   50.49   51.67   50.16   49.51   50.49
    29: YP_933942|Azoarcus_sp_BH72|Non     45.75   45.42   42.21   42.86   46.75   45.45   48.38   46.43   53.27   53.59   52.94   64.94   60.84   67.80   67.53   68.83   70.55   72.82   73.46   73.14   73.70   82.52   83.17   83.17   83.17   82.52   81.43   88.03  100.00   62.46   70.55   70.55   69.58   69.26   66.99   67.96   68.93   69.26   57.79   55.63   60.59   56.27   58.63   58.59   56.86   60.13   56.68   58.16   58.63   58.77   58.77   49.84   50.98   51.67   50.98   50.98   53.77   54.64   52.94   53.92   52.94   55.56   55.56   55.23   55.56   55.23   54.58   52.61   55.23   53.27   52.61   54.90   54.90   54.58   55.23   55.23   56.54   55.23   55.88   55.88   55.56   53.59   56.54   54.25   53.59   52.79   54.90   55.00   51.31   50.98   48.69   51.95   50.32   46.15   50.16   50.56   48.86   48.86   49.19
    30: YP_001022499|Methylibium_petrole   44.77   45.75   40.26   48.05   47.08   47.73   49.03   47.73   52.29   48.04   49.35   62.34   66.34   62.29   61.04   62.01   63.43   66.02   68.28   67.64   62.01   64.72   64.08   64.08   65.70   65.70   66.45   64.72   62.46  100.00   73.46   74.43   71.20   71.84   73.79   75.40   73.79   72.82   54.22   53.24   57.00   53.56   53.09   55.22   55.23   57.19   52.44   52.38   53.42   53.57   53.57   47.87   47.71   49.07   50.33   49.67   49.51   51.55   51.31   52.94   52.94   53.92   55.23   52.61   54.90   54.25   53.92   51.31   51.96   52.61   51.96   53.27   53.92   52.61   52.94   51.96   54.90   53.59   53.92   52.61   52.29   51.96   51.96   53.59   50.98   50.16   52.61   53.00   47.39   47.06   44.12   50.00   48.70   42.66   45.28   47.21   44.95   44.63   45.28
    31: YP_287003|Dechloromonas_aromatic   44.77   46.08   41.88   45.45   45.45   46.43   51.30   49.03   51.96   51.63   50.98   63.64   69.13   63.14   61.36   62.66   68.61   68.93   69.90   72.49   67.86   70.87   71.84   71.20   72.17   71.84   72.31   72.17   70.55   73.46  100.00   87.46   77.35   76.05   80.26   80.26   79.61   81.55   54.22   52.90   59.28   54.58   56.03   56.23   56.21   58.82   53.75   54.08   55.05   55.52   55.52   51.15   50.00   50.19   50.98   52.29   51.80   54.30   52.29   54.25   53.92   55.23   56.21   52.94   54.58   54.58   53.92   52.94   53.92   54.25   54.25   54.90   55.23   53.27   53.27   52.61   54.90   53.27   53.92   53.59   53.27   52.94   53.92   53.59   52.61   52.13   53.59   53.67   50.98   50.00   49.35   50.65   48.70   42.66   45.93   47.96   45.60   45.60   45.60
    32: YP_933348|Azoarcus_sp_BH72|Non     45.75   46.08   41.56   46.10   47.08   48.05   51.30   49.35   51.96   51.96   52.61   62.99   69.77   62.71   61.36   62.34   66.34   68.61   69.26   71.20   67.86   70.23   69.58   69.58   71.84   72.17   73.29   72.82   70.55   74.43   87.46  100.00   78.96   79.94   81.55   81.23   80.91   81.55   53.25   52.22   58.63   52.88   54.72   54.88   53.59   56.21   54.72   53.40   54.72   55.19   55.19   50.82   48.37   49.44   51.96   52.29   52.13   52.92   51.31   53.59   53.27   54.58   55.88   51.96   53.92   54.25   53.27   52.29   54.90   53.59   53.27   53.27   54.58   52.94   51.96   51.31   56.21   53.27   53.59   53.92   53.59   53.59   54.58   54.58   53.92   51.48   54.25   54.67   51.63   51.63   48.69   50.97   46.75   43.36   46.25   48.70   45.28   44.95   45.60
    33: 3HPV|Pseudomonas_Sp_Kl28|Cat       42.48   43.14   38.96   42.53   44.16   43.18   46.10   45.78   50.65   50.98   51.63   61.69   66.67   63.14   60.06   62.99   66.02   66.02   67.96   68.93   66.23   71.20   71.52   71.20   70.87   71.52   72.96   73.14   69.58   71.20   77.35   78.96  100.00   93.53   84.79   84.47   86.08   85.76   49.68   48.81   56.03   48.81   52.44   51.85   51.96   54.58   48.53   49.66   51.14   50.97   50.97   46.56   45.42   45.72   47.39   48.37   46.89   49.48   48.04   49.35   49.35   49.67   51.31   49.02   49.35   50.00   49.02   47.39   49.02   50.65   48.37   50.00   50.00   49.67   50.33   50.00   52.29   50.33   50.65   50.98   50.65   50.33   51.96   51.31   50.00   48.52   51.63   50.33   46.41   48.69   45.75   48.05   47.08   43.01   44.95   47.21   45.60   44.95   45.60
    34: AFM93927|Acinetobacter_sp_OP5|No   42.81   43.46   40.26   43.18   45.13   43.51   46.10   46.10   50.98   50.00   51.96   61.04   65.70   64.41   61.04   62.66   66.34   68.28   69.58   69.90   66.23   70.23   69.26   68.93   69.90   70.55   71.34   70.87   69.26   71.84   76.05   79.94   93.53  100.00   83.50   83.17   84.79   84.14   49.68   49.15   55.37   49.49   52.44   53.54   52.61   55.23   49.19   50.34   51.14   50.97   50.97   47.21   47.06   47.96   48.04   48.04   48.20   50.17   49.02   50.33   50.33   50.65   51.96   49.67   50.00   50.33   49.67   47.39   50.00   50.98   48.69   50.65   51.96   50.00   50.98   49.67   52.61   51.31   51.31   51.63   51.31   51.31   52.29   51.63   49.67   49.51   51.96   51.00   46.41   48.37   45.42   46.75   45.78   42.66   43.97   46.10   44.30   43.00   43.97
    35: YP_002800217|Azotobacter_vinelan   44.44   45.10   41.23   43.51   45.78   47.08   47.40   46.43   50.98   51.63   50.33   64.61   69.26   61.44   60.71   61.69   67.96   67.96   68.61   69.26   64.94   68.93   68.93   68.61   67.64   68.28   70.68   70.87   66.99   73.79   80.26   81.55   84.79   83.50  100.00   87.70   88.03   85.76   51.62   51.54   57.65   52.54   53.09   53.20   53.59   55.56   53.09   52.38   53.09   53.57   53.57   47.87   47.06   47.58   48.69   50.00   48.52   52.23   49.02   51.31   51.31   51.63   52.29   50.65   51.63   51.63   50.98   48.37   50.65   53.27   50.65   50.98   51.63   50.00   51.31   50.98   54.25   51.31   51.63   51.31   51.63   51.63   52.29   51.96   51.63   50.16   52.61   52.33   48.04   48.69   47.06   50.00   47.73   43.36   43.97   46.47   44.30   44.95   44.63
    36: WP_003296968|Pseudomonas_stutzer   42.81   44.12   41.88   44.81   45.45   46.43   48.38   46.43   51.31   50.00   50.00   62.01   69.58   61.44   61.69   62.66   66.34   68.28   70.23   69.58   65.58   68.61   68.61   68.61   68.61   68.61   69.71   71.20   67.96   75.40   80.26   81.23   84.47   83.17   87.70  100.00   88.67   89.64   52.92   51.88   55.70   50.17   53.42   53.87   53.27   55.88   50.81   51.02   51.79   52.27   52.27   48.52   45.10   46.84   49.35   49.02   48.52   51.89   49.35   51.96   51.96   50.98   53.27   50.65   52.94   53.27   52.29   50.00   51.96   51.31   50.65   51.96   53.27   50.65   51.31   50.33   54.90   51.31   51.63   51.63   52.61   52.61   52.29   53.27   51.63   50.16   52.61   52.00   48.69   48.69   46.73   49.35   47.08   43.01   43.97   45.72   44.63   44.30   44.63
    37: WP_004252869|Thauera_sp_63|Non     43.46   44.12   42.21   43.18   44.48   45.45   47.40   47.73   52.61   51.96   51.63   62.34   68.61   64.41   62.66   63.96   67.31   67.96   69.26   69.26   65.58   70.55   70.55   70.55   70.55   70.55   71.99   70.87   68.93   73.79   79.61   80.91   86.08   84.79   88.03   88.67  100.00   91.26   50.00   50.85   57.65   51.86   53.42   54.88   53.92   56.54   52.12   51.36   52.44   52.92   52.92   49.18   46.73   47.58   48.69   50.00   48.85   51.55   51.31   52.29   51.96   51.96   53.59   51.31   51.96   51.96   50.98   48.69   51.31   52.94   50.98   52.29   52.29   50.98   50.98   50.65   53.27   50.98   51.31   51.63   51.96   51.31   52.94   52.61   51.31   50.16   52.94   52.00   49.02   48.04   47.39   49.35   47.08   42.31   44.30   46.47   44.30   44.30   44.63
    38: WP_018992894|Azoarcus_toluclasti   44.12   44.77   42.86   43.83   44.48   45.45   49.03   48.38   52.94   52.29   51.31   62.66   68.93   64.41   62.01   63.31   65.70   67.96   68.93   69.90   65.58   70.87   71.52   71.20   70.87   70.87   71.66   70.87   69.26   72.82   81.55   81.55   85.76   84.14   85.76   89.64   91.26  100.00   50.32   49.49   56.03   49.83   52.44   54.21   53.27   55.88   50.16   49.32   50.16   50.97   50.97   48.20   45.75   47.21   48.37   48.37   48.52   50.86   49.35   52.61   52.29   50.98   52.94   51.31   50.98   51.63   50.98   48.69   50.65   51.96   51.31   51.96   51.96   50.33   50.98   50.00   53.27   50.65   50.98   51.31   51.31   51.63   52.61   53.59   51.31   50.49   53.27   52.67   47.39   47.71   46.08   49.68   46.75   42.31   44.63   46.47   44.95   44.95   45.60
    39: WP_008070791|Novosphingobium_nit   44.77   45.10   44.16   48.05   51.30   50.65   51.30   50.32   52.29   55.56   55.56   55.84   52.27   53.19   57.65   56.35   57.47   59.09   60.71   58.77   53.75   56.17   57.14   57.47   57.14   56.17   55.88   56.17   57.79   54.22   54.22   53.25   49.68   49.68   51.62   52.92   50.00   50.32  100.00   84.75   66.34   71.04   70.23   67.22   68.18   67.21   68.28   70.95   72.82   73.23   73.55   53.44   49.67   50.19   48.69   48.37   55.41   53.26   56.86   54.90   54.90   55.88   54.90   53.27   56.21   54.58   56.21   57.84   57.19   54.25   51.63   55.56   55.56   52.61   52.94   52.94   53.92   52.29   52.94   52.29   52.29   51.63   52.29   51.31   51.31   52.13   51.63   52.00   50.98   50.33   48.04   51.95   51.30   47.55   53.09   52.79   52.12   51.14   51.79
    40: WP_010335345|Sphingobium_yanoiku   42.96   42.61   43.00   47.10   48.81   49.49   49.83   51.54   50.52   54.98   56.01   54.27   50.85   48.90   54.45   53.77   55.97   58.02   57.34   56.31   52.40   55.63   55.63   56.31   55.63   54.95   55.97   55.63   55.63   53.24   52.90   52.22   48.81   49.15   51.54   51.88   50.85   49.49   84.75  100.00   66.33   73.22   68.71   66.10   66.55   65.19   67.69   70.41   69.39   72.20   72.20   53.95   48.97   50.93   46.58   47.95   51.20   51.55   56.51   55.82   56.16   53.77   53.77   52.40   55.48   53.08   55.48   55.14   56.16   53.42   51.37   52.40   52.05   51.71   51.71   52.40   52.05   51.71   52.05   50.68   50.68   50.68   51.37   50.34   50.68   51.20   51.03   50.70   49.14   46.74   45.70   50.17   50.17   48.58   51.71   51.57   50.34   50.68   50.34
    41: YP_001021468|Methylibium_petrole   45.10   45.42   45.60   50.81   50.49   51.79   51.47   52.44   55.23   61.11   60.78   59.61   57.33   54.27   58.82   57.19   61.89   62.21   61.56   61.56   59.93   60.59   61.89   60.91   61.24   59.93   60.98   61.89   60.59   57.00   59.28   58.63   56.03   55.37   57.65   55.70   57.65   56.03   66.34   66.33  100.00   71.96   70.97   72.91   74.03   74.68   75.08   74.41   74.84   75.48   74.84   57.38   53.27   53.90   50.33   50.98   58.69   52.58   61.76   61.76   63.07   59.48   59.15   60.13   58.82   58.82   58.17   57.84   60.13   60.78   57.52   57.19   56.54   57.19   59.15   58.82   56.86   58.17   57.52   57.52   57.84   56.86   58.50   56.54   56.86   55.41   55.88   57.00   52.29   51.63   48.37   55.05   51.47   45.26   50.98   51.49   49.67   50.33   49.67
    42: ACF23518|uncultured_bacterium|Ca   43.00   42.66   44.75   48.81   49.83   51.53   50.51   52.88   53.24   56.66   55.97   53.90   51.19   50.66   56.12   54.08   57.29   60.34   59.32   58.98   55.10   55.25   55.59   56.27   56.61   55.59   55.93   56.95   56.27   53.56   54.58   52.88   48.81   49.49   52.54   50.17   51.86   49.83   71.04   73.22   71.96  100.00   76.35   71.72   69.49   68.47   72.64   73.99   73.99   76.09   76.43   56.31   52.38   52.79   48.30   48.98   56.31   51.20   59.52   57.82   57.48   55.78   56.46   57.14   58.16   56.80   56.12   54.08   57.14   58.84   52.04   55.10   54.08   53.06   55.10   55.78   55.44   55.78   56.12   56.12   56.46   54.08   56.80   53.06   54.42   53.92   54.08   54.17   47.44   47.10   45.39   51.53   51.53   45.39   50.00   49.61   48.64   48.64   48.64
    43: WP_007183567|Hydrocarboniphaga_e   43.14   43.79   46.58   48.21   49.84   50.16   51.14   50.81   50.65   58.50   58.50   55.70   52.77   51.28   54.90   54.25   57.00   60.91   61.89   61.56   55.05   56.03   56.03   56.68   58.31   57.65   56.72   56.35   58.63   53.09   56.03   54.72   52.44   52.44   53.09   53.42   53.42   52.44   70.23   68.71   70.97   76.35  100.00   70.23   69.48   69.48   69.58   76.09   77.42   76.45   76.77   55.08   50.00   52.04   50.00   48.69   54.75   50.86   54.90   56.86   56.86   54.25   54.90   56.54   55.23   56.21   55.23   54.90   57.19   55.23   54.25   55.23   54.58   52.94   55.56   56.21   54.90   55.88   54.58   55.23   55.56   54.25   56.21   53.92   54.25   52.79   53.59   54.00   50.33   46.73   44.44   51.79   51.79   45.61   52.29   51.87   50.98   51.96   50.98
    44: ZP_01915568|Limnobacter_sp_MED10   42.71   43.05   43.77   50.51   51.52   51.52   50.84   50.51   55.25   60.00   58.31   54.88   52.53   52.81   56.76   55.07   56.57   59.26   60.27   60.27   53.72   55.22   56.57   56.57   56.23   55.56   55.89   55.89   58.59   55.22   56.23   54.88   51.85   53.54   53.20   53.87   54.88   54.21   67.22   66.10   72.91   71.72   70.23  100.00   73.74   76.77   71.48   72.73   73.58   73.67   73.67   56.61   51.69   54.65   48.65   48.65   56.61   54.98   56.76   58.45   58.78   56.76   56.42   59.46   56.42   54.73   55.41   54.05   55.74   57.43   55.07   55.07   54.39   53.04   56.76   56.42   56.42   56.76   56.08   56.42   56.08   56.42   59.80   56.76   56.42   56.95   56.76   57.59   47.12   47.12   44.75   52.19   47.47   45.74   48.65   48.45   47.97   47.30   47.64
    45: WP_018230507|Methyloversatilis_u   43.28   43.61   48.04   50.33   49.67   51.63   51.63   51.31   53.27   59.15   57.84   53.92   53.27   51.50   57.38   55.41   57.52   59.15   59.48   58.82   53.92   56.86   57.52   56.86   56.86   55.56   55.59   55.88   56.86   55.23   56.21   53.59   51.96   52.61   53.59   53.27   53.92   53.27   68.18   66.55   74.03   69.49   69.48   73.74  100.00   92.86   74.35   73.56   75.97   78.25   78.57   55.41   53.77   53.73   51.80   50.49   58.36   57.59   56.72   61.97   60.98   57.38   59.02   57.38   60.33   58.36   59.67   60.00   58.36   60.66   57.05   59.02   58.69   56.72   57.70   58.69   56.72   57.70   57.38   57.38   56.39   56.72   58.36   58.36   57.38   56.58   58.36   58.53   50.65   48.52   47.06   53.59   50.65   46.48   50.82   50.56   50.49   51.48   50.16
    46: WP_020165918|Methyloversatilis_u   43.93   44.92   49.02   51.63   50.33   51.96   52.29   51.63   54.25   59.80   59.48   55.88   53.59   54.94   59.02   57.70   60.46   59.48   60.13   60.13   56.54   59.15   59.48   58.82   59.48   58.17   58.22   59.15   60.13   57.19   58.82   56.21   54.58   55.23   55.56   55.88   56.54   55.88   67.21   65.19   74.68   68.47   69.48   76.77   92.86  100.00   75.32   74.24   76.30   76.95   76.95   56.07   54.10   54.85   52.46   51.48   58.36   58.97   57.70   62.95   61.97   58.69   59.34   59.02   60.00   58.69   59.34   59.67   59.02   60.33   57.38   59.34   59.34   57.05   58.36   58.36   57.38   58.69   57.70   57.70   56.72   58.69   59.34   59.67   57.70   57.24   59.34   59.87   50.33   49.51   48.04   54.25   51.96   46.83   50.82   50.94   50.16   50.16   49.84
    47: WP_018424335|Burkholderia_sp_WSM   44.77   44.77   46.91   51.79   52.12   53.09   52.12   51.79   53.27   57.19   58.50   54.07   52.44   49.57   55.56   53.92   56.03   58.31   57.33   57.00   53.42   54.40   54.72   55.37   56.03   54.07   54.75   55.05   56.68   52.44   53.75   54.72   48.53   49.19   53.09   50.81   52.12   50.16   68.28   67.69   75.08   72.64   69.58   71.48   74.35   75.32  100.00   78.72   80.91   81.23   80.91   56.72   54.58   54.65   53.27   52.94   56.39   56.70   61.76   61.76   61.44   59.80   58.82   59.80   60.78   59.80   59.80   59.48   60.46   60.78   57.19   58.50   58.50   57.52   60.78   60.13   58.50   59.15   58.50   58.50   56.86   59.80   60.13   58.82   59.80   57.70   58.82   58.67   50.98   47.71   47.06   52.77   50.81   44.91   50.00   50.37   48.37   49.35   48.37
