#
#
#  Percent Identity  Matrix - created by Clustal2.1 
#
#

     1: AAQ12033|Mycobacterium_sp_S65|No  100.00   95.93   94.40   94.91   95.17   64.08   59.69   62.31   39.32   42.26   42.78   42.08   47.86   28.53   28.79   28.83   28.08   28.65   28.08   28.12   28.46   28.53   29.47   25.71   27.27   27.27   27.20   27.98   28.24   30.13   29.14   26.42   26.42   29.89   27.39   27.65   28.61   28.09   27.72   27.98   27.91   27.91   28.94   29.12   29.20   29.20   29.46   29.20   29.92   28.68   28.68   28.68   28.68   28.42   28.09   26.80   27.56   26.77   26.58   25.98   27.42   26.92   27.39   27.39   27.79   28.50   28.49   29.30   28.16   28.16   28.42   30.26   31.75   30.49   31.23   29.72   28.65   32.70   30.21   29.46   31.01   27.20   27.06   28.23   29.92   28.35   27.32   29.53   27.39   30.05   29.27   28.76   30.23   29.53   29.27   30.57   29.02   26.87   28.17   27.65   31.78   31.35   28.87   28.88   30.08   28.61   29.35   29.35   30.16   28.83   29.87   27.79   28.83   28.57   30.65   29.82   28.91   29.12   27.79   28.05   27.79   29.09   28.57   29.95   27.72   28.24   27.58   26.94   26.37   27.46   26.75   27.13   27.37   28.50   28.17   28.76   29.05
     2: AAQ12027|Mycobacterium_sp_S65|No   95.93  100.00   96.95   96.95   97.20   64.08   58.67   61.54   39.84   42.52   42.78   42.08   47.86   28.79   29.31   28.57   28.35   28.92   28.35   28.12   28.46   28.53   28.95   25.97   27.27   27.27   27.20   27.46   27.72   29.87   30.21   26.94   26.94   29.63   27.91   27.91   28.61   27.58   27.98   28.24   27.91   28.42   28.94   29.12   29.20   29.20   29.46   29.20   29.92   28.68   28.68   28.68   28.68   28.94   28.09   27.32   27.03   26.25   26.32   25.72   26.89   26.92   28.17   28.17   28.31   29.53   29.34   29.84   28.68   28.68   28.95   30.79   32.80   30.75   31.50   29.97   30.47   33.51   30.73   29.97   32.30   27.20   26.79   27.70   29.40   28.09   27.06   29.02   27.39   30.31   28.50   28.50   29.72   29.79   29.27   30.31   29.27   27.39   29.20   27.91   31.78   31.35   28.87   28.88   30.34   28.35   28.57   28.57   30.43   28.57   29.09   26.75   28.57   28.05   30.13   30.61   28.91   28.87   27.53   27.79   27.53   28.83   27.79   29.95   27.46   27.98   27.32   26.17   26.11   27.72   25.97   27.13   26.58   27.46   27.91   27.98   28.53
     3: YP_638812|Mycobacterium_sp_MCS|N   94.40   96.95  100.00   99.49   99.24   63.31   58.16   61.03   38.80   42.26   42.52   41.82   47.59   28.53   29.56   28.83   28.87   29.46   28.87   27.86   28.20   28.27   28.95   25.19   26.75   26.75   27.20   27.72   27.98   29.87   29.95   27.46   27.46   29.89   27.39   28.42   28.61   27.84   28.24   28.50   28.17   28.42   29.20   29.38   29.46   29.46   29.72   29.46   29.92   28.94   28.94   28.94   28.94   29.20   28.61   27.32   27.30   26.51   26.84   25.98   27.15   26.37   27.65   27.65   27.79   28.50   28.21   29.57   28.42   28.42   28.68   30.26   31.75   29.97   30.97   29.20   29.17   32.43   29.95   28.94   31.01   27.47   27.32   27.44   28.87   27.84   26.80   29.02   27.13   30.05   28.76   27.98   29.20   29.79   29.02   29.79   29.02   27.39   28.94   27.91   31.78   31.35   28.61   28.61   30.61   28.35   28.57   28.57   30.71   28.31   29.35   27.01   28.31   27.79   29.87   30.34   28.65   28.61   27.27   27.53   27.27   29.09   28.05   30.21   27.20   27.98   27.32   26.42   25.85   27.46   25.71   26.87   26.32   27.72   27.91   28.24   28.28
     4: YP_951343|Mycobacterium_vanbaale   94.91   96.95   99.49  100.00   99.75   63.31   58.42   61.54   39.06   42.26   42.52   42.08   47.59   28.53   29.56   28.83   28.87   29.46   28.87   27.86   28.20   28.27   28.95   25.19   26.75   26.75   27.20   27.72   27.98   29.87   29.95   27.46   27.46   29.89   27.39   28.42   28.61   27.84   28.24   28.50   28.17   28.42   29.20   29.38   29.46   29.46   29.72   29.46   29.92   28.94   28.94   28.94   28.94   29.20   28.61   27.32   27.30   26.51   26.84   25.98   27.15   26.37   27.65   27.65   27.79   28.50   28.21   29.57   28.42   28.42   28.68   30.26   31.75   29.97   30.97   29.20   28.91   32.43   29.95   28.94   31.01   27.47   27.32   27.44   28.87   27.84   26.80   29.02   27.13   30.05   28.76   27.98   29.20   29.79   29.02   29.79   29.02   27.39   28.94   27.91   31.78   31.35   28.61   28.61   30.61   28.35   28.57   28.57   30.71   28.31   29.35   27.01   28.31   27.79   29.87   30.34   28.65   28.61   27.27   27.53   27.27   29.09   28.05   30.21   27.20   27.98   27.32   26.42   25.85   27.46   25.71   26.87   26.32   27.72   27.91   28.24   28.28
     5: YP_935627|Mycobacterium_sp_KMS|N   95.17   97.20   99.24   99.75  100.00   63.57   58.67   61.79   38.80   42.26   42.52   42.08   47.59   28.79   29.31   29.09   28.87   29.46   28.87   27.86   28.20   28.27   28.95   25.45   27.01   27.01   27.46   27.98   28.24   30.13   30.21   27.46   27.46   29.89   27.39   28.42   28.61   27.84   28.24   28.50   28.17   28.42   29.20   29.38   29.46   29.46   29.72   29.46   29.92   28.94   28.94   28.94   28.94   29.20   28.61   27.32   27.30   26.51   26.84   25.98   27.42   26.65   27.91   27.91   28.05   28.76   28.49   29.84   28.68   28.68   28.95   30.53   32.01   30.23   31.23   29.46   29.17   32.70   30.21   29.20   31.27   27.47   27.32   27.70   29.13   28.09   27.06   29.27   27.39   30.31   29.02   28.24   29.46   30.05   29.27   30.05   29.27   27.39   28.94   27.91   31.78   31.61   28.61   28.61   30.61   28.35   28.57   28.57   30.71   28.57   29.35   27.01   28.31   27.79   29.87   30.34   28.65   28.61   27.27   27.53   27.27   29.09   28.05   30.21   27.20   27.98   27.32   26.42   25.85   27.46   25.71   26.87   26.32   27.72   27.91   28.24   28.28
     6: YP_006837416|Cycloclasticus_sp_P   64.08   64.08   63.31   63.31   63.57  100.00   59.17   65.03   42.34   44.42   46.35   44.27   51.19   31.36   30.59   29.02   27.72   28.92   27.72   31.33   29.77   30.37   31.58   27.13   27.65   27.65   27.58   28.09   28.09   32.81   31.02   31.76   31.76   33.16   30.67   31.15   30.83   30.67   30.97   30.71   31.41   31.41   31.68   31.70   31.68   31.68   31.68   32.20   32.30   31.41   31.41   31.41   31.41   31.94   30.67   30.67   31.23   30.71   27.60   28.12   29.17   30.77   29.58   29.58   29.06   30.55   31.05   30.67   29.24   29.24   29.24   30.18   31.48   30.37   32.28   30.63   29.97   32.80   32.81   30.39   30.23   26.67   29.21   30.08   29.47   29.46   29.20   29.40   28.87   29.40   27.56   27.82   28.61   29.40   29.92   30.18   30.18   28.01   27.75   28.01   27.75   29.84   28.72   28.34   28.76   26.89   27.94   28.20   28.80   27.68   29.24   27.42   30.03   28.98   28.46   29.82   28.72   30.03   30.03   30.81   30.81   30.29   29.50   27.15   28.20   27.68   27.94   27.68   28.20   27.15   28.72   27.79   28.68   27.94   28.28   27.15   28.57
     7: YP_001261401|Sphingomonas_wittic   59.69   58.67   58.16   58.42   58.67   59.17  100.00   66.92   40.89   41.99   43.57   45.34   48.66   28.06   26.21   29.35   29.40   29.81   29.40   28.72   28.80   29.66   31.93   27.27   29.87   29.09   28.76   29.02   28.76   31.52   28.95   28.42   28.42   31.75   29.46   28.50   28.87   29.59   27.91   27.55   28.39   28.39   29.67   29.52   29.16   29.16   29.41   29.49   29.86   29.16   29.16   29.16   29.67   27.95   27.95   28.21   30.00   28.95   27.11   27.03   28.72   28.37   28.64   28.64   28.65   30.13   29.71   30.65   29.47   29.47   29.74   30.53   31.30   29.01   29.74   28.76   29.69   32.43   31.59   28.68   31.54   29.14   29.18   26.72   29.47   30.13   29.62   29.08   28.50   29.59   29.34   27.81   29.26   31.12   31.38   30.10   30.36   26.97   27.48   27.23   28.79   29.61   26.90   27.08   28.84   27.18   26.30   26.56   28.07   26.82   27.34   27.60   28.91   26.82   27.60   28.31   27.68   28.68   27.34   27.08   27.08   29.43   28.39   28.20   27.01   25.97   26.55   27.27   27.23   27.01   27.08   28.42   27.18   28.57   26.61   26.49   27.62
     8: WP_009478601|Rhodococcus_sp_JVH1   62.31   61.54   61.03   61.54   61.79   65.03   66.92  100.00   43.49   43.42   43.31   46.11   50.40   30.03   29.19   29.27   29.32   29.73   29.32   30.21   30.55   30.89   32.89   26.94   27.98   27.46   28.42   28.68   28.42   29.20   30.48   28.35   28.35   28.76   28.35   29.77   28.01   27.48   29.64   29.08   29.34   29.59   31.12   30.96   31.12   31.12   30.61   30.43   31.25   31.63   31.38   31.38   30.61   30.43   29.16   28.90   31.23   30.97   28.61   28.27   28.65   28.30   27.30   27.30   27.79   26.94   29.63   31.10   30.18   29.92   29.92   29.40   29.89   27.99   30.45   29.97   31.17   31.54   31.51   27.58   29.67   25.66   27.85   30.34   29.13   26.90   26.65   28.06   27.04   27.55   28.32   26.79   28.32   28.83   28.83   28.83   28.83   27.48   27.48   27.23   29.74   32.90   29.70   29.41   30.08   26.09   27.79   27.79   28.26   28.57   27.79   28.05   28.05   27.53   28.05   28.23   29.17   28.68   28.83   28.05   28.31   29.35   29.61   27.08   26.68   26.17   26.74   26.94   26.37   26.68   27.27   26.80   28.16   27.20   28.09   27.46   28.06
     9: WP_016390224|Cycloclasticus_sp_P   39.32   39.84   38.80   39.06   38.80   42.34   40.89   43.49  100.00   55.73   54.78   52.28   53.05   28.57   31.12   27.06   29.35   30.19   29.35   29.61   29.17   30.29   30.18   30.59   30.00   30.00   30.33   30.08   29.56   29.27   29.33   29.43   29.17   30.03   31.28   30.13   30.31   32.56   29.69   30.21   31.69   32.21   32.47   31.54   32.47   32.47   31.95   32.21   32.31   32.47   31.95   31.69   31.69   31.69   31.79   31.79   29.84   29.84   30.23   29.90   26.49   31.61   29.61   29.87   31.17   28.76   27.12   28.46   28.12   28.12   28.12   30.10   28.23   30.39   30.10   28.57   25.71   27.73   26.56   25.77   28.28   26.86   24.74   26.32   27.94   30.00   28.97   28.91   30.39   28.91   29.69   29.17   29.35   28.91   28.91   29.17   29.17   27.79   26.23   26.75   28.05   30.13   28.76   29.60   30.08   25.26   27.86   26.56   27.79   28.65   26.30   26.56   27.60   27.34   27.08   26.72   28.72   26.56   26.30   26.04   26.04   26.04   26.30   26.89   25.78   26.30   26.82   25.00   26.18   25.00   27.34   26.94   27.44   26.04   25.45   26.30   25.65
    10: NP_049179|Novosphingobium_aromat   42.26   42.52   42.26   42.26   42.26   44.42   41.99   43.42   55.73  100.00   85.05   53.26   58.59   28.24   29.27   29.50   27.53   28.30   27.53   27.82   27.82   27.30   31.58   30.21   28.83   29.35   28.57   28.31   27.53   26.32   29.33   28.23   27.97   27.42   29.09   28.16   27.53   29.09   27.44   28.50   28.42   27.89   28.68   27.79   27.63   27.63   28.16   28.68   28.90   27.89   28.16   28.16   27.89   27.63   28.05   27.01   30.55   30.81   29.35   30.13   27.94   27.52   27.37   27.89   28.42   28.35   27.68   27.93   28.39   28.12   28.12   28.08   29.02   31.84   31.58   31.58   28.12   29.87   29.55   27.68   28.12   26.60   23.62   28.84   30.95   28.91   29.69   29.02   28.76   28.23   29.55   29.02   29.02   28.50   28.23   29.02   30.08   28.95   27.37   28.68   27.37   28.68   25.98   27.20   27.59   25.93   28.04   27.78   26.23   28.31   27.25   25.66   25.93   25.66   28.57   27.59   25.93   28.84   26.72   26.19   25.66   26.72   26.98   26.19   27.51   27.25   27.25   26.72   27.78   26.72   27.78   27.63   27.51   26.72   26.37   26.98   27.63
    11: BAC65453|Sphingomonas_sp_P2|Sa1    42.78   42.78   42.52   42.52   42.52   46.35   43.57   43.31   54.78   85.05  100.00   52.33   59.32   29.12   29.12   29.43   28.76   29.57   28.76   28.53   29.06   28.27   30.97   30.13   29.79   30.57   28.76   28.76   28.24   28.53   28.19   28.16   27.89   27.08   29.02   29.13   27.72   28.50   27.63   27.89   28.61   28.08   28.61   27.72   28.35   28.35   28.35   28.87   29.01   28.08   28.87   28.87   28.61   28.35   28.50   28.24   29.84   30.10   29.69   29.43   27.08   27.45   26.77   27.56   29.13   28.01   26.48   27.59   28.05   28.05   28.05   27.49   27.63   30.97   30.18   29.13   26.75   29.52   29.21   26.56   27.79   27.06   23.62   29.02   28.95   28.50   29.27   28.68   29.66   27.89   29.21   30.26   28.61   29.21   28.68   28.68   29.21   28.61   28.08   28.87   26.51   27.82   26.18   27.39   28.04   25.86   27.70   27.44   26.70   29.02   26.65   26.91   26.91   26.91   29.02   28.04   26.65   29.82   27.18   27.18   26.65   27.44   27.18   26.65   27.44   27.18   27.18   26.65   28.23   27.70   26.91   27.56   28.23   28.76   27.34   27.44   28.87
    12: ZP_06846381|Burkholderia_sp_Ch1-   42.08   42.08   41.82   42.08   42.08   44.27   45.34   46.11   52.28   53.26   52.33  100.00   59.95   28.54   29.55   28.97   28.83   29.73   28.83   27.60   28.72   28.01   30.26   27.18   26.74   26.48   27.32   27.06   26.48   25.45   29.14   28.42   28.17   28.46   26.79   29.38   25.91   27.41   28.42   29.46   27.84   27.58   28.09   27.92   28.35   28.35   28.09   28.61   28.45   27.84   28.35   28.09   28.09   28.87   27.41   26.65   25.72   26.77   27.91   27.58   26.56   28.96   27.32   27.58   28.31   27.20   27.76   28.00   27.94   27.94   27.68   27.30   27.51   27.32   28.87   28.42   25.96   27.20   26.30   24.10   26.72   25.80   23.68   27.56   26.82   28.54   27.78   27.51   26.92   26.48   27.76   26.99   27.95   28.79   27.76   27.25   28.02   27.51   28.28   28.53   26.99   29.20   28.02   27.27   27.78   24.87   28.53   27.75   28.77   28.27   28.53   26.18   25.39   25.92   28.80   28.72   28.35   27.20   26.44   26.44   26.70   27.49   28.27   27.03   25.85   25.59   25.65   27.42   27.37   25.33   25.92   26.49   27.32   25.07   26.74   25.85   26.29
    13: YP_004931580|Pseudoxanthomonas_s   47.86   47.86   47.59   47.59   47.59   51.19   48.66   50.40   53.05   58.59   59.32   59.95  100.00   32.37   33.42   32.89   30.79   31.35   30.79   31.02   30.21   28.88   34.05   29.37   28.84   29.63   28.57   28.57   27.78   29.76   32.53   29.84   29.57   33.77   31.13   31.37   30.08   32.19   30.91   31.45   30.83   31.10   32.98   31.93   32.17   32.17   32.44   32.71   33.24   32.17   32.71   32.44   31.37   31.64   31.66   31.13   31.12   31.12   32.45   31.13   31.38   30.87   30.56   30.56   31.64   28.34   29.75   30.67   30.77   30.77   30.50   29.68   29.84   31.10   31.90   31.64   29.63   30.93   32.80   28.46   29.89   28.76   22.22   32.08   30.19   31.75   31.22   30.91   29.30   30.38   31.18   30.11   29.84   30.11   29.84   32.53   31.45   32.71   31.10   32.44   32.98   32.17   29.41   29.14   30.81   27.76   31.00   29.92   28.49   30.46   29.38   29.92   29.92   30.19   29.65   30.19   29.65   30.19   30.46   29.92   29.65   30.73   30.73   28.03   27.49   27.76   28.30   28.30   30.46   26.95   29.38   30.29   29.92   29.38   29.44   29.92   30.03
    14: YP_999321|Verminephrobacter_eise   28.53   28.79   28.53   28.53   28.79   31.36   28.06   30.03   28.57   28.24   29.12   28.54   32.37  100.00   78.82   43.10   38.63   40.65   38.63   39.81   40.88   40.98   39.27   39.86   40.81   40.57   41.73   42.45   42.23   37.17   39.00   41.39   41.15   40.96   39.06   38.00   39.90   39.86   42.00   40.71   38.72   38.95   39.90   39.44   39.90   40.00   39.67   39.90   40.71   40.14   40.62   40.62   39.90   42.52   40.85   39.67   37.47   37.96   38.28   38.81   39.81   41.62   38.66   38.42   43.72   39.18   42.15   43.56   42.72   42.72   42.72   46.10   43.49   43.81   45.01   43.65   39.81   41.81   44.20   41.90   43.29   34.59   37.16   34.07   36.98   38.21   38.06   36.12   36.69   36.12   35.89   36.12   37.17   38.28   38.28   37.32   38.52   38.13   38.37   38.13   39.90   40.53   35.65   36.82   38.18   35.11   36.43   34.96   38.17   35.70   36.19   36.83   36.34   35.70   36.83   36.48   37.50   38.80   37.16   36.67   37.16   36.19   37.16   36.50   36.74   37.23   36.96   35.52   38.24   36.50   35.37   34.71   36.70   35.61   34.99   36.34   35.82
    15: YP_002895685|Burkholderia_pseudo   28.79   29.31   29.56   29.56   29.31   30.59   26.21   29.19   31.12   29.27   29.12   29.55   33.42   78.82  100.00   42.38   37.83   39.90   37.83   39.32   41.36   40.24   39.76   40.33   42.24   42.00   41.97   42.45   41.99   37.17   40.25   41.15   40.91   42.17   40.24   38.86   40.14   40.47   41.29   41.33   40.05   40.52   39.81   40.05   40.28   40.38   39.57   41.23   40.61   40.52   40.76   40.52   39.81   41.71   40.85   39.67   35.77   36.98   38.52   39.29   38.83   41.88   38.81   38.81   42.03   40.87   42.15   42.33   40.78   40.78   41.02   44.39   42.26   43.47   43.55   42.69   41.47   42.79   43.24   41.43   42.12   35.84   36.91   33.58   38.44   37.41   37.50   36.52   36.36   37.47   36.52   36.28   36.60   37.71   36.99   37.71   39.14   37.32   36.84   36.84   39.42   38.11   38.42   39.30   38.92   35.11   36.67   35.70   38.42   35.70   35.94   36.83   36.83   35.94   37.32   37.97   38.73   38.22   37.65   37.16   37.41   36.92   38.63   37.96   36.50   38.93   38.16   37.23   37.50   36.98   36.59   37.86   37.19   35.85   35.85   35.61   36.54
    16: WP_007398631|Gluconacetobacter_s   28.83   28.57   28.83   28.83   29.09   29.02   29.35   29.27   27.06   29.50   29.43   28.97   32.89   43.10   42.38  100.00   42.23   43.47   42.23   44.42   44.53   45.37   45.34   47.26   45.45   46.17   45.19   45.19   44.15   42.09   45.98   43.13   42.89   43.69   43.13   45.80   43.61   45.37   45.04   44.58   44.44   43.72   45.17   45.00   45.17   44.93   45.17   45.17   46.25   44.23   44.71   44.71   43.75   44.44   42.86   43.57   45.50   45.50   46.73   46.38   40.00   42.86   39.47   39.71   47.20   37.17   39.74   41.90   41.32   41.32   41.56   41.28   41.34   41.06   40.44   40.91   39.18   38.37   39.28   37.74   39.71   35.61   35.68   33.00   38.92   38.94   38.94   37.71   37.80   37.47   38.20   37.96   38.54   39.17   38.93   37.96   38.20   37.56   38.05   38.78   38.14   39.12   38.44   39.35   37.56   37.25   37.59   36.61   37.69   38.92   34.48   36.61   37.10   37.93   37.35   38.75   36.79   38.48   38.92   37.68   37.93   38.67   38.67   37.96   33.82   36.76   36.19   36.76   37.28   35.29   35.38   36.67   37.53   37.35   37.44   37.59   38.05
    17: AAD20006|Pseudomonas_aeruginosa_   28.08   28.35   28.87   28.87   28.87   27.72   29.40   29.32   29.35   27.53   28.76   28.83   30.79   38.63   37.83   42.23  100.00   97.76   99.53   40.44   41.91   42.65   41.56   50.36   47.70   48.43   48.31   48.79   48.90   40.29   40.75   40.29   40.05   40.00   41.01   43.77   41.77   41.25   42.16   43.38   44.50   44.25   44.99   44.20   44.50   44.61   44.99   44.50   45.67   44.50   44.74   44.74   44.01   43.77   42.89   42.65   40.83   40.34   40.58   40.96   42.93   41.88   39.71   39.71   45.10   38.63   38.58   39.51   38.35   38.35   38.59   40.34   38.82   41.67   43.14   42.65   38.70   39.61   39.80   36.74   38.01   36.34   35.66   34.81   39.75   39.56   38.69   41.87   42.96   39.90   40.39   40.39   41.48   41.13   41.87   41.38   40.39   40.99   40.00   40.49   42.82   43.32   39.66   38.65   40.20   39.40   39.21   37.47   40.20   41.44   37.97   38.96   38.96   40.45   38.61   40.45   39.21   40.45   39.95   39.45   39.45   41.44   39.21   40.25   39.60   40.59   41.09   39.11   40.10   40.59   39.60   38.02   40.00   40.69   39.05   38.71   39.51
    18: AAL17610|Pseudomonas_aeruginosa_   28.65   28.92   29.46   29.46   29.46   28.92   29.81   29.73   30.19   28.30   29.57   29.73   31.35   40.65   39.90   43.47   97.76  100.00   98.25   41.60   43.11   43.11   42.00   53.00   49.00   49.75   50.00   50.50   50.63   41.16   41.01   41.10   40.85   41.40   42.64   44.39   42.89   42.64   43.00   44.00   45.39   45.14   45.89   45.75   45.39   45.50   45.89   45.39   46.52   45.39   45.64   45.64   44.89   44.39   44.14   43.89   41.25   40.75   42.28   42.53   43.36   41.73   39.85   39.85   45.61   38.75   38.68   39.35   38.85   38.85   39.10   40.95   39.45   42.61   44.11   43.36   39.70   41.06   40.20   38.44   38.94   36.83   35.81   34.60   40.40   41.41   40.15   42.82   43.94   40.55   41.31   41.06   42.42   42.07   42.82   42.57   41.56   41.67   40.40   40.91   43.29   43.80   40.55   39.20   40.86   40.05   40.10   38.32   39.90   42.13   38.83   40.25   40.51   40.86   39.24   40.61   40.10   41.12   40.61   40.10   40.10   42.39   39.85   41.31   40.25   41.27   41.77   40.00   41.01   41.52   40.51   39.09   40.91   41.62   41.12   39.59   40.36
    19: YP_195878|Achromobacter_xylosoxi   28.08   28.35   28.87   28.87   28.87   27.72   29.40   29.32   29.35   27.53   28.76   28.83   30.79   38.63   37.83   42.23   99.53   98.25  100.00   40.69   41.91   42.65   41.56   50.36   47.70   48.43   48.31   48.79   48.90   40.29   40.75   40.29   40.05   40.00   41.01   43.77   41.77   41.25   42.16   43.38   44.50   44.25   44.99   44.20   44.50   44.61   44.99   44.50   45.67   44.50   44.74   44.74   44.01   43.77   42.89   42.65   40.59   40.10   40.58   40.96   42.93   41.88   39.71   39.71   45.10   38.63   38.58   39.51   38.35   38.35   38.59   40.34   38.82   41.67   43.14   42.65   38.70   39.61   39.80   36.74   38.01   36.34   35.41   34.57   39.75   39.56   38.69   41.87   42.96   39.90   40.39   40.39   41.48   41.13   41.87   41.38   40.39   40.99   40.00   40.49   42.82   43.32   39.66   38.65   40.20   39.40   39.21   37.47   40.20   41.44   37.97   38.96   38.96   40.45   38.61   40.45   39.21   40.45   39.95   39.45   39.45   41.44   39.21   40.25   39.60   40.59   41.09   39.11   40.10   40.59   39.60   38.02   40.00   40.69   39.05   38.71   39.51
    20: YP_006838008|Cycloclasticus_sp_P   28.12   28.12   27.86   27.86   27.86   31.33   28.72   30.21   29.61   27.82   28.53   27.60   31.02   39.81   39.32   44.42   40.44   41.60   40.69  100.00   75.78   73.32   51.58   48.54   47.70   47.94   47.34   49.03   48.17   50.73   47.49   46.49   46.25   49.51   50.24   46.86   49.02   48.18   49.15   49.39   49.76   48.79   50.24   50.24   49.76   49.76   49.51   50.24   50.65   49.28   49.03   49.03   47.58   47.57   47.09   46.84   47.46   47.46   47.20   46.23   38.78   41.98   39.32   39.32   48.42   42.27   43.54   45.61   45.45   45.21   45.21   44.47   47.04   43.69   45.50   44.79   45.12   44.86   46.12   44.88   43.66   34.26   37.12   36.83   39.95   36.76   36.76   36.92   38.24   38.88   39.61   37.65   39.71   39.36   40.10   38.14   39.12   40.34   39.12   39.12   42.05   41.81   40.98   40.75   35.15   37.84   34.89   34.64   35.20   38.33   33.66   35.87   37.10   37.10   35.54   35.57   35.63   37.10   36.86   36.36   36.86   35.87   35.38   35.28   36.03   36.52   36.76   35.05   36.86   35.78   35.29   36.86   36.36   36.36   35.38   36.19   35.14
    21: WP_020162778|Cycloclasticus_puge   28.46   28.46   28.20   28.20   28.20   29.77   28.80   30.55   29.17   27.82   29.06   28.72   30.21   40.88   41.36   44.53   41.91   43.11   41.91   75.78  100.00   84.38   54.01   50.85   52.43   51.94   52.30   53.51   51.23   52.81   47.99   49.76   49.51   51.48   51.82   48.67   50.73   50.00   50.98   50.49   50.85   50.36   50.61   50.61   50.61   50.85   50.12   50.61   51.56   50.36   49.64   49.64   48.91   50.61   50.36   50.36   48.18   48.43   46.59   45.12   40.73   42.24   39.90   40.15   50.49   43.34   44.85   47.87   47.17   47.17   47.17   48.16   48.28   47.45   48.91   46.84   44.50   47.62   46.23   44.50   44.74   33.25   35.10   34.63   40.54   39.07   39.07   38.73   39.31   39.46   39.71   37.75   39.80   38.97   39.46   38.73   38.73   41.42   40.69   39.95   43.87   43.14   42.30   42.25   35.15   37.93   35.71   34.98   35.46   38.42   34.98   36.95   36.21   36.45   35.63   36.82   37.19   38.67   38.18   37.93   38.18   38.42   37.68   35.85   37.35   38.08   38.82   36.36   36.86   36.36   36.61   36.95   37.84   36.70   36.45   37.01   37.19
    22: WP_020162764|Cycloclasticus_puge   28.53   28.53   28.27   28.27   28.27   30.37   29.66   30.89   30.29   27.30   28.27   28.01   28.88   40.98   40.24   45.37   42.65   43.11   42.65   73.32   84.38  100.00   52.80   51.46   52.55   52.55   52.18   53.40   51.84   52.45   48.74   49.39   49.15   50.99   50.97   48.30   49.76   50.61   51.10   51.34   51.46   51.22   51.95   51.71   52.20   52.20   51.46   51.46   52.74   51.21   50.49   50.49   49.51   50.00   49.27   49.27   48.67   48.91   47.19   45.72   41.22   42.24   39.76   40.00   50.86   44.66   45.12   47.12   46.19   46.44   46.44   47.17   47.04   47.32   48.91   47.45   45.59   46.37   46.10   45.10   45.59   32.24   34.60   36.10   41.38   39.90   39.41   39.31   40.39   39.07   40.05   38.57   40.64   39.80   41.52   40.29   40.29   42.26   41.03   40.29   43.98   42.51   41.91   42.00   36.63   38.02   35.80   35.06   35.71   38.77   34.32   36.30   37.28   37.53   35.22   36.32   36.30   37.28   36.54   37.04   36.79   37.04   36.54   35.45   36.70   37.93   38.42   35.47   35.47   35.47   35.22   36.54   36.12   36.54   35.31   35.38   35.80
    23: YP_002361789|Methylocella_silves   29.47   28.95   28.95   28.95   28.95   31.58   31.93   32.89   30.18   31.58   30.97   30.26   34.05   39.27   39.76   45.34   41.56   42.00   41.56   51.58   54.01   52.80  100.00   49.88   53.90   53.41   53.04   54.26   51.97   48.28   49.37   47.43   47.19   50.86   49.15   49.88   48.18   49.39   51.34   49.02   49.27   49.76   49.76   49.76   50.24   50.00   49.76   50.24   51.17   50.36   49.39   49.15   49.15   49.76   49.02   48.05   45.85   46.34   48.65   48.65   41.22   43.65   40.98   41.22   47.07   42.82   42.78   44.64   44.01   43.77   43.52   44.25   44.85   43.55   45.01   44.04   43.52   43.50   43.41   43.28   42.79   36.18   35.10   36.76   39.56   37.10   36.86   39.46   37.59   39.22   37.50   36.52   38.08   39.22   39.46   38.97   40.20   37.10   38.33   38.08   40.89   43.10   42.65   43.25   37.28   38.12   37.53   37.53   38.93   39.26   37.53   38.61   38.86   38.52   37.93   39.45   39.51   40.00   39.75   40.00   40.25   38.52   39.51   38.33   38.67   38.92   38.92   37.93   37.93   37.93   39.16   37.78   38.57   38.52   37.78   37.78   38.77
    24: YP_004931652|Pseudoxanthomonas_s   25.71   25.97   25.19   25.19   25.45   27.13   27.27   26.94   30.59   30.21   30.13   27.18   29.37   39.86   40.33   47.26   50.36   53.00   50.36   48.54   50.85   51.46   49.88  100.00   66.35   65.63   65.47   66.91   63.99   45.63   47.12   45.17   44.93   46.62   48.11   47.84   47.14   46.23   47.58   48.19   48.19   48.19   50.12   49.41   49.64   49.88   49.64   49.40   51.03   48.80   48.32   48.32   48.32   47.95   47.51   48.93   47.93   46.47   47.37   45.82   41.99   42.13   41.06   40.58   49.76   41.45   41.99   43.32   42.72   42.96   42.96   42.20   41.77   46.02   46.72   44.10   40.38   40.69   42.03   42.69   42.72   38.44   34.09   35.29   41.81   39.95   39.81   42.23   42.09   42.23   41.75   42.23   41.61   41.75   41.75   42.48   42.48   39.66   38.44   39.42   39.76   41.46   42.96   43.25   40.49   39.46   38.48   37.75   38.78   40.69   37.50   38.24   39.46   39.71   39.61   39.80   40.29   39.85   39.95   39.22   39.95   40.20   39.71   39.76   38.54   39.51   39.76   39.27   39.07   38.78   38.39   38.93   39.41   39.85   39.71   37.65   39.66
    25: NP_049213|Novosphingobium_aromat   27.27   27.27   26.75   26.75   27.01   27.65   29.87   27.98   30.00   28.83   29.79   26.74   28.84   40.81   42.24   45.45   47.70   49.00   47.70   47.70   52.43   52.55   53.90   66.35  100.00   96.67   80.14   79.43   73.30   48.42   47.87   48.55   48.55   49.27   47.86   48.43   50.00   50.00   48.91   49.28   48.55   48.55   50.72   50.60   51.21   51.45   50.97   51.21   51.94   50.12   49.40   49.40   49.40   50.48   48.45   49.64   47.33   47.09   48.79   47.71   42.96   42.39   40.44   39.95   47.09   42.51   42.89   46.40   45.74   45.74   45.74   43.03   43.10   46.73   46.34   44.79   41.83   43.18   43.45   43.37   43.99   38.44   35.25   34.31   42.40   37.20   36.71   41.22   39.36   40.00   39.76   38.54   38.63   39.27   38.78   40.24   40.00   40.00   40.00   40.24   40.83   40.59   43.31   43.14   40.84   41.52   41.42   41.42   40.82   41.67   38.73   41.56   42.05   42.16   41.56   42.29   43.49   43.87   41.67   41.42   42.40   41.18   42.16   41.85   39.61   42.05   41.81   40.83   42.01   40.83   40.10   41.95   42.12   41.18   40.68   40.69   41.71
    26: CAG17582|Sphingomonas_sp_CHY-1|S   27.27   27.27   26.75   26.75   27.01   27.65   29.09   27.46   30.00   29.35   30.57   26.48   29.63   40.57   42.00   46.17   48.43   49.75   48.43   47.94   51.94   52.55   53.41   65.63   96.67  100.00   79.67   79.19   73.06   47.69   47.62   48.55   48.55   49.51   47.86   48.19   49.28   50.00   48.43   48.55   47.83   48.31   50.72   51.07   51.21   51.45   50.97   50.97   52.20   49.88   49.40   49.40   49.16   50.48   47.97   49.40   46.36   46.12   48.79   46.99   42.72   42.39   40.44   39.95   47.09   42.75   43.16   46.90   46.23   46.47   46.47   43.52   43.84   46.00   46.10   44.31   41.59   42.93   43.20   43.61   43.27   37.69   35.50   34.07   42.16   37.20   36.96   40.98   39.61   40.00   40.24   39.27   39.36   39.76   39.27   40.49   40.24   40.00   40.00   40.49   41.08   40.34   43.31   42.89   41.58   42.01   41.18   40.93   41.07   41.91   38.97   40.83   41.56   42.16   41.81   42.79   43.00   43.63   41.91   41.67   42.40   41.67   42.65   41.12   39.85   42.05   41.81   40.59   42.51   40.34   40.10   41.46   42.12   41.42   40.68   40.69   41.46
    27: CAT03475|Sphingomonas_paucimobil   27.20   27.20   27.20   27.20   27.46   27.58   28.76   28.42   30.33   28.57   28.76   27.32   28.57   41.73   41.97   45.19   48.31   50.00   48.31   47.34   52.30   52.18   53.04   65.47   80.14   79.67  100.00   95.48   89.86   48.18   48.12   49.15   48.91   48.66   48.09   49.76   48.92   48.56   48.54   48.91   48.67   48.67   50.61   50.84   51.33   51.57   51.09   50.61   51.81   51.45   50.48   50.48   49.76   49.39   48.92   49.88   46.84   46.12   48.55   48.55   44.31   44.67   42.86   42.37   46.60   43.24   44.21   46.04   45.39   45.39   45.15   44.63   44.96   46.25   46.72   45.76   41.45   42.68   42.48   42.65   41.93   38.10   34.91   36.19   42.30   37.77   37.05   41.71   39.61   40.24   40.00   39.02   40.10   40.00   39.27   40.98   40.49   41.22   41.46   41.95   43.03   42.05   43.55   44.39   39.51   41.28   39.71   38.97   40.46   42.40   38.48   39.95   39.71   41.42   42.54   41.94   42.40   43.63   41.91   41.42   42.16   41.67   41.42   40.39   39.36   40.83   40.83   40.83   41.18   39.12   39.85   40.98   43.00   42.16   41.02   41.42   40.98
    28: BAC65426|Sphingomonas_sp_P2|Sa1    27.98   27.46   27.72   27.72   27.98   28.09   29.02   28.68   30.08   28.31   28.76   27.06   28.57   42.45   42.45   45.19   48.79   50.50   48.79   49.03   53.51   53.40   54.26   66.91   79.43   79.19   95.48  100.00   94.20   48.66   47.87   49.64   49.39   48.91   48.09   50.24   48.92   48.80   49.51   49.64   48.67   48.67   51.57   51.32   52.06   52.30   52.06   51.33   52.85   51.69   50.72   50.72   50.00   49.64   48.92   49.40   47.57   46.60   49.28   48.79   44.55   43.65   41.40   40.92   46.60   43.48   43.95   46.04   45.15   45.15   45.39   44.63   44.47   46.49   46.96   45.76   41.45   41.94   43.45   43.37   41.93   37.34   34.41   35.70   41.56   37.29   36.80   41.46   39.36   39.76   39.76   38.54   39.85   39.76   39.02   40.73   40.24   40.24   40.24   40.98   42.30   41.81   43.80   44.39   39.75   41.52   39.71   38.97   40.46   42.65   38.73   40.69   40.44   41.42   42.79   42.43   42.40   43.38   41.91   41.42   42.16   41.67   41.91   40.63   40.10   41.32   41.32   41.32   41.67   39.61   40.10   41.46   43.49   42.16   41.75   41.67   41.46
    29: ABM79781|Sphingobium_yanoikuyae|   28.24   27.72   27.98   27.98   28.24   28.09   28.76   28.42   29.56   27.53   28.24   26.48   27.78   42.23   41.99   44.15   48.90   50.63   48.90   48.17   51.23   51.84   51.97   63.99   73.30   73.06   89.86   94.20  100.00   47.54   47.22   48.89   48.65   48.03   47.33   49.26   48.17   48.06   48.65   48.89   47.79   47.79   50.49   50.00   50.98   50.98   50.98   50.25   51.44   50.74   50.00   50.00   49.02   48.28   47.57   48.06   47.29   46.06   47.79   47.06   44.12   43.70   41.18   40.69   45.34   43.14   43.20   44.50   43.87   43.63   44.12   44.09   43.42   45.70   46.42   44.72   40.24   41.81   42.12   42.44   41.46   36.43   34.41   35.64   41.48   37.90   37.41   40.89   38.77   39.41   40.15   38.18   39.51   39.66   38.92   40.15   39.66   39.41   39.66   40.39   42.47   41.63   44.23   44.58   38.65   40.49   39.85   39.11   41.13   42.57   38.86   40.35   40.35   41.83   42.72   42.61   42.57   43.56   41.83   41.58   42.57   42.08   42.57   40.49   40.00   40.74   40.74   41.23   41.09   39.51   40.00   41.63   43.64   41.83   41.91   41.83   41.87
    30: YP_008374324|Cycloclasticus_zanc   30.13   29.87   29.87   29.87   30.13   32.81   31.52   29.20   29.27   26.32   28.53   25.45   29.76   37.17   37.17   42.09   40.29   41.16   40.29   50.73   52.81   52.45   48.28   45.63   48.42   47.69   48.18   48.66   47.54  100.00   49.37   49.15   48.91   51.60   48.55   50.12   50.49   50.12   49.28   50.48   48.67   48.43   49.88   49.52   49.88   50.00   50.36   49.40   49.36   48.92   48.92   48.92   48.67   48.67   50.12   49.88   47.06   45.83   43.31   43.45   37.75   39.54   38.16   38.16   46.10   38.20   39.84   40.70   39.66   39.66   39.90   42.86   43.67   43.72   45.07   42.72   38.54   40.91   40.10   40.44   40.72   36.04   34.77   34.81   37.78   35.27   35.02   38.11   37.86   37.14   37.86   37.62   38.11   38.35   39.08   37.14   37.14   35.52   36.74   36.25   38.05   37.84   37.38   38.89   35.41   34.40   34.16   34.16   34.45   36.39   34.41   36.88   37.62   37.62   35.06   36.18   36.23   36.43   35.89   35.89   35.64   36.63   36.14   35.31   36.21   35.71   35.94   35.22   36.48   34.73   36.54   34.89   36.41   36.54   35.63   35.87   35.52
    31: WP_003923546|Mycobacterium_therm   29.14   30.21   29.95   29.95   30.21   31.02   28.95   30.48   29.33   29.33   28.19   29.14   32.53   39.00   40.25   45.98   40.75   41.01   40.75   47.49   47.99   48.74   49.37   47.12   47.87   47.62   48.12   47.87   47.22   49.37  100.00   59.30   59.05   58.50   56.75   58.35   57.25   59.00   61.15   61.90   58.75   59.25   61.00   60.65   61.25   61.15   60.25   61.50   61.83   60.50   60.50   60.50   60.00   60.25   58.75   57.75   44.86   43.86   45.43   45.94   43.11   40.98   39.95   40.20   47.24   42.11   41.27   43.15   42.96   42.71   42.71   42.32   44.58   44.72   43.75   44.36   43.58   41.33   43.83   42.57   44.08   34.26   33.42   35.70   39.24   38.85   39.35   40.35   38.35   39.85   39.35   39.60   40.10   39.10   40.35   39.85   40.10   37.72   38.23   37.72   39.85   41.01   39.90   39.24   39.34   37.15   37.66   36.64   36.01   39.69   38.93   37.56   37.82   39.19   38.83   39.69   38.42   39.44   38.93   39.19   39.95   38.68   38.42   39.14   38.07   37.82   37.82   38.83   39.09   38.83   38.32   37.66   38.23   39.19   37.40   36.39   37.66
    32: YP_559896|Burkholderia_xenovoran   26.42   26.94   27.46   27.46   27.46   31.76   28.42   28.35   29.43   28.23   28.16   28.42   29.84   41.39   41.15   43.13   40.29   41.10   40.29   46.49   49.76   49.39   47.43   45.17   48.55   48.55   49.15   49.64   48.89   49.15   59.30  100.00   99.76   64.78   63.31   65.48   66.10   65.87   72.01   75.71   66.99   67.46   66.99   66.99   67.70   67.70   67.46   67.70   68.03   67.86   67.14   67.14   66.19   67.22   68.18   67.70   45.99   45.01   44.85   45.48   41.56   41.73   39.09   38.85   46.36   40.48   40.11   44.97   43.84   43.84   43.60   43.10   44.44   44.12   46.34   45.19   40.73   40.70   42.62   42.13   42.89   36.11   35.70   34.64   40.05   39.71   39.47   39.37   38.74   38.65   38.89   36.96   37.77   38.65   38.16   37.44   37.92   36.23   36.47   35.75   35.59   37.32   37.83   38.00   38.21   34.95   36.61   35.63   37.85   36.36   36.61   36.52   36.76   37.59   37.25   38.90   37.93   38.59   39.56   39.56   39.07   37.84   38.08   39.17   37.16   39.36   38.83   37.65   38.67   37.65   37.50   38.48   38.92   38.24   38.97   37.50   37.14
    33: YP_001630148|Bordetella_petrii_D   26.42   26.94   27.46   27.46   27.46   31.76   28.42   28.35   29.17   27.97   27.89   28.17   29.57   41.15   40.91   42.89   40.05   40.85   40.05   46.25   49.51   49.15   47.19   44.93   48.55   48.55   48.91   49.39   48.65   48.91   59.05   99.76  100.00   64.53   63.07   65.24   65.85   65.63   71.77   75.48   66.75   67.22   66.75   66.75   67.46   67.46   67.22   67.46   67.77   67.62   66.90   66.90   65.95   66.99   67.94   67.46   45.74   44.77   44.61   45.23   41.32   41.48   38.85   38.61   46.12   40.24   39.84   44.72   43.60   43.60   43.35   42.86   44.20   43.88   46.10   44.95   40.73   40.70   42.37   41.89   42.65   35.86   35.70   34.40   40.05   39.71   39.47   39.37   38.74   38.65   38.89   36.96   37.77   38.65   38.16   37.44   37.92   35.99   36.23   35.51   35.35   37.07   37.59   37.75   37.97   34.71   36.61   35.63   37.60   36.12   36.36   36.27   36.52   37.35   37.01   38.65   37.68   38.35   39.31   39.31   38.82   37.59   37.84   38.93   36.92   39.12   38.59   37.41   38.42   37.41   37.25   38.24   38.67   37.99   38.73   37.25   36.89
    34: YP_003545968|Sphingobium_japonic   29.89   29.63   29.89   29.89   29.89   33.16   31.75   28.76   30.03   27.42   27.08   28.46   33.77   40.96   42.17   43.69   40.00   41.40   40.00   49.51   51.48   50.99   50.86   46.62   49.27   49.51   48.66   48.91   48.03   51.60   58.50   64.78   64.53  100.00   77.35   70.83   71.57   76.63   72.24   71.74   73.53   73.77   75.25   74.09   75.00   75.18   74.51   75.98   76.58   75.00   74.26   74.02   73.53   74.26   74.40   72.71   44.61   42.65   46.21   46.94   40.44   43.40   40.89   40.89   48.77   41.03   41.99   46.04   44.88   45.12   45.37   43.98   46.67   46.06   47.04   47.54   41.02   41.73   44.69   41.32   42.58   36.18   34.00   34.99   42.43   43.17   43.03   42.33   42.43   42.08   44.55   42.08   42.93   42.33   43.56   44.31   44.06   40.69   39.45   40.45   40.05   38.56   42.08   41.15   37.41   37.84   39.30   38.81   37.24   38.90   34.91   37.06   38.31   37.91   38.06   39.40   39.40   37.66   38.65   38.40   38.90   38.40   38.40   38.37   37.81   38.56   38.81   37.81   37.56   37.81   38.56   37.22   37.22   37.41   36.43   37.16   37.47
    35: YP_717961|Sphingomonas_sp_KA1|No   27.39   27.91   27.39   27.39   27.39   30.67   29.46   28.35   31.28   29.09   29.02   26.79   31.13   39.06   40.24   43.13   41.01   42.64   41.01   50.24   51.82   50.97   49.15   48.11   47.86   47.86   48.09   48.09   47.33   48.55   56.75   63.31   63.07   77.35  100.00   69.21   73.10   74.18   71.39   70.33   73.38   73.38   75.54   74.47   74.58   74.34   74.34   76.02   75.90   74.46   73.99   73.99   73.75   72.66   73.76   72.10   46.73   45.52   44.84   45.69   40.29   41.88   39.04   39.04   46.86   39.33   40.16   45.30   44.17   44.17   44.66   44.63   46.68   45.67   46.60   46.52   40.95   39.46   43.37   41.15   43.57   35.93   33.50   33.82   41.32   40.10   40.43   40.44   41.75   42.37   41.89   40.92   41.50   42.13   42.37   41.89   42.86   38.11   36.65   37.86   39.42   38.20   40.68   41.15   37.04   35.85   38.73   37.75   36.73   37.50   35.54   35.45   36.19   36.27   36.92   37.06   37.84   36.10   37.50   36.76   36.76   36.76   36.27   37.14   37.07   38.05   37.96   37.07   36.61   37.56   36.19   37.23   36.86   37.90   36.21   35.70   35.92
