#
#
#  Percent Identity  Matrix - created by Clustal2.1 
#
#

     1: tr|A0A0D2HPY6|A0A0D2HPY6_9BACT  100.00   62.43   64.54   63.89   61.00   64.17   64.80   62.78   59.00   59.17   61.39   61.50   61.11   61.88   62.88   62.43   62.43   62.15   62.95   60.77   62.43   60.77   61.60   61.22   60.66   62.60   64.17   64.54   62.33   61.77   60.94   60.94   59.83   59.17   59.44   61.77   58.73   60.83   62.15   61.60   62.15   57.89   59.00   60.94   61.50   60.66   61.22   63.99   60.66   60.66   61.77   61.50   59.56   61.50   62.05   62.05   62.05   60.94   60.94   62.71   62.71   62.71   62.60   62.50   62.64   61.50   61.50   63.06   63.33   60.00   60.66   62.05   55.02   57.94   57.66   55.77   58.61   57.50   59.44   56.94   56.67   59.17   58.33   57.50   58.33   60.56
     2: tr|A0A933PP70|A0A933PP70_9PROT   62.43  100.00   65.19   70.28   67.97   68.14   68.99   62.78   62.05   59.17   64.44   65.37   60.66   63.19   63.26   62.91   62.91   62.91   63.89   64.01   63.46   63.19   62.64   58.29   59.67   61.33   64.44   63.81   59.12   59.12   58.84   58.84   60.22   59.00   60.94   59.67   62.43   63.71   62.26   62.53   62.53   62.15   61.88   64.64   64.36   61.33   61.05   61.88   62.71   62.71   60.50   61.88   61.60   63.81   61.88   61.88   61.88   63.81   63.54   64.29   64.29   64.29   62.71   63.33   64.33   64.09   64.09   64.44   64.44   61.50   57.46   56.91   53.19   54.60   54.04   52.68   53.89   56.11   55.28   53.61   53.33   55.56   56.11   56.39   57.78   56.67
     3: tr|A0A961X6C3|A0A961X6C3_9HYPH   64.54   65.19  100.00   70.00   66.57   69.15   69.55   65.74   65.65   63.61   65.00   62.22   63.09   61.54   61.92   62.36   62.36   62.09   63.13   62.36   63.19   62.36   61.81   62.09   62.91   63.74   65.56   65.66   64.29   64.01   60.44   60.44   61.54   60.88   60.88   59.34   61.54   60.06   62.36   62.36   60.71   63.19   62.64   62.91   62.91   61.54   62.09   62.36   59.89   59.89   61.54   62.36   62.09   63.19   62.91   62.91   62.91   62.36   62.36   62.91   62.91   62.91   62.64   63.33   63.48   62.91   62.91   61.94   61.94   60.88   62.09   60.99   54.10   51.81   53.20   53.24   57.50   56.39   58.06   54.72   54.44   57.22   57.22   54.72   58.61   58.61
     4: tr|A0A951SFV2|A0A951SFV2_9PROT   63.89   70.28   70.00  100.00   67.97   69.64   68.99   66.57   65.00   64.44   64.72   62.78   61.00   61.39   62.50   62.22   62.22   63.06   63.41   63.89   63.61   62.22   61.39   63.61   60.56   63.33   64.44   64.72   63.33   62.50   62.78   62.78   61.94   61.84   61.56   61.67   60.83   61.28   63.06   62.78   61.39   60.56   60.00   62.22   62.22   62.50   62.78   64.17   60.83   60.83   63.61   62.50   61.94   63.89   63.61   63.61   63.61   64.44   64.72   65.28   65.28   65.28   62.78   63.33   64.04   64.44   64.44   62.78   63.06   60.45   62.50   60.83   54.71   53.76   53.76   55.77   55.56   56.39   56.94   56.39   56.11   58.06   58.33   57.78   59.72   59.72
     5: tr|A0A2E7QC93|A0A2E7QC93_9PROT   61.00   67.97   66.57   67.97  100.00   77.99   79.05   69.36   63.79   64.07   62.95   64.90   61.17   64.07   66.30   66.30   66.30   65.74   65.83   67.41   66.57   66.30   66.30   61.56   62.67   65.74   66.57   66.02   62.67   61.56   61.56   61.56   62.95   60.34   59.22   61.84   61.84   64.07   64.62   64.35   64.62   60.17   61.28   64.07   63.51   61.00   64.07   63.23   59.89   59.89   64.62   64.07   62.67   64.07   62.95   62.95   62.95   64.90   64.62   64.07   64.07   64.07   64.35   62.40   62.54   64.07   64.07   62.95   63.51   60.06   62.40   61.56   54.57   55.31   53.35   53.24   59.61   56.27   57.38   55.71   55.43   57.38   57.10   57.38   57.66   59.05
     6: tr|A0A2E8K388|A0A2E8K388_9GAMM   64.17   68.14   69.15   69.64   77.99  100.00   95.25   66.30   63.89   62.67   65.46   65.46   61.88   62.87   63.86   63.41   63.41   64.40   65.83   63.86   64.40   63.14   62.67   62.57   61.79   64.77   66.30   64.23   62.87   62.06   61.52   61.52   62.60   59.51   60.05   60.93   61.98   62.87   63.96   63.41   64.23   61.52   60.98   64.85   64.50   60.98   64.23   62.13   62.60   62.60   62.40   64.77   62.67   64.31   64.31   64.31   64.31   65.12   64.85   63.41   63.41   63.41   63.41   64.07   65.07   64.85   64.85   64.07   65.18   60.33   60.98   59.62   56.10   56.15   57.82   54.08   60.45   57.66   61.00   57.94   57.66   59.61   60.17   57.66   59.33   60.17
     7: tr|A0A946XMZ2|A0A946XMZ2_9PROT   64.80   68.99   69.55   68.99   79.05   95.25  100.00   68.16   64.80   63.13   66.48   65.92   62.75   65.08   65.08   65.36   65.36   65.92   66.29   65.64   66.20   65.36   64.80   63.97   64.80   66.76   66.76   66.48   65.64   65.08   63.97   63.97   65.08   61.62   61.62   63.13   63.13   64.80   65.92   65.36   65.92   63.13   62.57   67.32   67.04   64.25   66.48   64.25   63.97   63.97   64.25   66.20   65.36   66.20   65.92   65.92   65.92   67.04   66.76   65.92   65.92   65.92   64.80   64.25   64.97   65.64   65.64   64.53   65.08   61.90   62.57   61.17   54.43   55.46   57.70   53.39   59.78   57.54   60.06   56.98   56.70   58.66   59.22   56.70   60.06   60.61
     8: tr|A0A953VMP4|A0A953VMP4_9RHOB   62.78   62.78   65.74   66.57   69.36   66.30   68.16  100.00   70.19   71.87   62.12   62.78   60.61   63.61   65.18   64.17   64.17   64.72   65.08   64.44   64.44   62.78   63.89   63.79   61.84   62.40   64.90   64.07   62.67   61.56   61.56   61.56   61.28   60.89   62.29   61.56   61.56   62.12   63.33   61.94   62.22   60.72   59.89   64.35   64.07   62.40   62.67   64.62   62.12   62.12   66.30   64.90   62.12   63.79   63.23   63.23   63.23   63.51   63.51   63.61   63.61   63.61   63.23   62.67   62.54   61.84   61.84   62.95   62.40   61.17   62.12   61.28   51.52   52.79   54.75   52.53   54.17   52.50   55.99   52.92   52.65   54.60   54.60   54.60   56.82   59.89
     9: tr|A0A9C9FZ13|A0A9C9FZ13_9GAMM   59.00   62.05   65.65   65.00   63.79   63.89   64.80   70.19  100.00   73.33   61.67   61.67   59.72   62.33   62.88   62.88   62.88   62.88   63.41   62.88   62.60   62.88   62.33   63.43   63.16   62.88   62.78   63.16   63.71   62.60   60.94   60.94   61.77   59.72   58.33   58.45   57.89   60.56   60.11   60.11   59.83   59.83   60.11   62.88   62.60   59.00   59.83   60.66   59.00   59.00   61.22   60.39   60.39   60.66   61.77   61.77   61.77   60.11   59.83   61.50   61.50   61.50   59.28   59.17   60.39   59.83   59.83   59.72   60.56   60.28   59.28   60.11   49.24   50.97   52.92   51.83   51.94   52.22   53.61   51.94   51.67   52.78   51.67   53.06   54.44   56.39
    10: tr|A0A7V2AMP7|A0A7V2AMP7_9PROT   59.17   59.17   63.61   64.44   64.07   62.67   63.13   71.87   73.33  100.00   63.89   59.17   59.61   61.11   61.67   62.78   62.78   63.33   63.41   63.33   63.61   61.94   61.67   63.89   63.06   62.50   63.33   63.06   63.06   61.94   59.44   59.44   59.44   57.66   59.05   58.33   58.33   59.05   59.17   58.33   58.61   57.78   58.33   60.56   60.56   58.89   60.00   60.28   56.94   56.94   61.11   60.83   60.56   58.89   62.50   62.50   62.50   60.56   60.56   61.67   61.67   61.67   59.17   59.44   59.83   59.17   59.17   59.17   59.44   58.50   59.17   60.83   51.06   51.53   53.48   54.37   53.06   53.89   53.89   53.61   53.33   54.17   54.72   55.28   53.89   56.94
    11: tr|A0A6M8W955|A0A6M8W955_UNCPS   61.39   64.44   65.00   64.72   62.95   65.46   66.48   62.12   61.67   63.89  100.00   63.89   62.67   63.06   65.00   66.39   66.39   66.39   66.48   65.28   65.28   63.89   65.00   65.00   62.22   66.11   66.94   65.56   65.28   65.00   63.61   63.61   65.56   63.51   65.46   67.22   61.94   64.07   66.67   65.28   65.00   64.17   63.06   66.11   66.11   62.50   64.44   65.28   63.06   63.06   64.17   65.83   66.67   65.83   67.78   67.78   67.78   66.94   66.67   65.00   65.00   65.00   65.28   65.28   65.45   65.56   65.56   65.56   65.56   62.95   63.33   63.06   54.41   56.55   56.82   55.21   56.94   55.28   56.94   55.83   55.83   56.11   56.67   60.00   57.22   57.50
    12: tr|A0A962P112|A0A962P112_9GAMM   61.50   65.37   62.22   62.78   64.90   65.46   65.92   62.78   61.67   59.17   63.89  100.00   63.79   65.65   66.94   66.20   66.20   65.10   65.46   64.27   65.37   64.54   65.37   63.33   62.78   66.94   68.89   66.67   63.89   63.89   62.22   62.22   63.89   63.23   63.79   62.50   63.89   68.52   67.04   68.14   66.76   65.00   65.56   65.83   65.28   62.78   64.17   68.33   65.28   65.28   66.39   66.39   64.44   66.39   65.28   65.28   65.28   66.94   66.67   67.04   67.04   67.04   67.78   66.39   66.29   67.22   67.22   65.83   65.56   65.74   61.67   62.22   56.23   55.99   56.82   52.96   56.39   56.11   56.67   57.22   56.94   57.22   57.78   56.94   56.94   60.28
    13: tr|A0A2P9H569|A0A2P9H569_9BURK   61.11   60.66   63.09   61.00   61.17   61.88   62.75   60.61   59.72   59.61   62.67   63.79  100.00   67.49   69.70   69.42   69.42   69.42   69.75   70.25   70.80   68.32   70.52   67.22   65.56   67.77   67.97   68.04   66.39   66.39   66.12   66.12   66.39   66.39   67.22   66.12   65.29   65.75   65.01   66.12   65.29   69.42   69.42   66.39   66.39   64.19   66.94   68.32   67.49   67.49   66.67   68.04   65.01   66.39   67.49   67.49   67.49   67.22   67.22   67.49   67.49   67.49   69.15   70.47   69.58   70.25   70.25   68.52   68.80   68.78   66.67   67.22   53.05   51.68   53.91   55.65   54.60   55.15   54.32   54.60   54.87   55.71   56.27   55.99   55.99   59.33
    14: tr|A0A7V8BJA3|A0A7V8BJA3_9BURK   61.88   63.19   61.54   61.39   64.07   62.87   65.08   63.61   62.33   61.11   63.06   65.65   67.49  100.00   83.47   84.72   84.72   83.83   86.39   82.48   84.10   86.06   86.22   70.30   67.65   71.16   72.50   70.62   67.92   67.65   68.73   68.73   69.27   65.41   65.41   66.49   67.58   70.54   70.35   69.89   69.62   67.12   69.27   68.48   68.19   66.04   67.65   72.63   66.58   66.58   68.02   69.00   68.29   69.38   69.65   69.65   69.65   69.38   69.11   67.74   67.74   67.74   70.00   71.39   70.79   69.38   69.38   70.00   70.28   69.19   64.96   65.77   54.71   54.32   55.71   55.21   55.83   56.11   56.11   55.28   55.00   56.67   57.22   57.22   57.50   60.00
    15: tr|A0A935A3F5|A0A935A3F5_9PROT   62.88   63.26   61.92   62.50   66.30   63.86   65.08   65.18   62.88   61.67   65.00   66.94   69.70   83.47  100.00   88.89   88.89   90.96   92.18   88.03   88.56   81.84   86.14   70.67   69.27   71.97   75.83   73.32   70.35   69.81   70.35   70.35   70.35   67.03   68.29   67.20   67.58   68.25   70.73   69.11   67.11   66.94   67.84   69.29   68.70   66.05   68.73   71.05   67.38   67.38   68.82   69.92   68.28   70.16   69.89   69.89   69.89   69.62   69.35   67.37   67.37   67.37   70.82   71.11   71.35   70.43   70.43   69.44   69.44   67.12   68.29   67.75   55.02   52.92   55.71   55.77   55.00   54.72   55.83   56.11   55.83   55.56   56.11   58.06   56.94   59.44
    16: tr|A0A363SLG0|A0A363SLG0_9RHOO   62.43   62.91   62.36   62.22   66.30   63.41   65.36   64.17   62.88   62.78   66.39   66.20   69.42   84.72   88.89  100.00  100.00   91.64   93.89   87.87   90.03   85.52   89.73   72.75   68.46   72.78   75.00   72.78   69.81   69.81   69.35   69.35   69.35   66.22   68.11   68.94   68.13   70.27   70.62   69.95   70.16   68.19   68.73   69.29   68.73   66.31   67.39   72.63   67.92   67.92   68.02   68.98   67.48   69.65   71.00   71.00   71.00   69.92   69.65   69.09   69.09   69.09   72.70   71.11   71.63   69.92   69.92   69.44   69.17   69.25   69.00   68.46   54.71   55.43   55.99   55.77   55.28   54.17   54.44   55.00   54.72   55.83   55.83   58.61   56.94   59.17
    17: tr|A0A953IMN5|A0A953IMN5_9RHOO   62.43   62.91   62.36   62.22   66.30   63.41   65.36   64.17   62.88   62.78   66.39   66.20   69.42   84.72   88.89  100.00  100.00   91.64   93.89   87.87   90.03   85.52   89.73   72.75   68.46   72.78   75.00   72.78   69.81   69.81   69.35   69.35   69.35   66.22   68.11   68.94   68.13   70.27   70.62   70.24   70.16   68.19   68.73   69.29   68.73   66.31   67.39   72.63   67.92   67.92   68.02   69.35   67.48   69.65   71.00   71.00   71.00   69.92   69.65   69.09   69.09   69.09   72.70   71.11   71.63   69.92   69.92   69.44   69.17   69.81   69.00   68.46   54.71   55.43   55.99   55.77   55.28   54.17   54.44   55.00   54.72   55.83   55.83   58.61   56.94   59.17
    18: tr|A0A2N2TX40|A0A2N2TX40_9PROT   62.15   62.91   62.09   63.06   65.74   64.40   65.92   64.72   62.88   63.33   66.39   65.10   69.42   83.83   90.96   91.64   91.64  100.00   99.17   89.15   90.74   84.64   87.57   71.93   70.35   72.78   75.28   73.05   70.89   70.89   69.81   69.81   70.62   67.30   69.84   68.45   67.86   69.33   70.81   68.92   68.70   66.85   67.48   70.11   69.41   66.22   68.73   71.51   67.29   67.29   68.46   69.65   68.73   69.81   70.62   70.62   70.62   70.35   70.08   67.72   67.72   67.72   70.48   71.39   71.35   69.81   69.81   70.00   69.72   68.48   69.11   68.83   53.50   53.76   55.15   55.21   55.00   54.72   54.44   54.17   53.89   55.83   55.83   57.78   56.94   59.72
    19: tr|A0A963C7X2|A0A963C7X2_9RHOO   62.95   63.89   63.13   63.41   65.83   65.83   66.29   65.08   63.41   63.41   66.48   65.46   69.75   86.39   92.18   93.89   93.89   99.17  100.00   91.11   92.78   87.22   89.44   74.30   72.07   74.30   76.26   74.86   72.63   72.63   71.79   71.79   72.35   68.91   71.43   70.67   68.72   72.83   72.98   71.31   71.87   68.72   69.55   71.79   72.07   69.55   70.11   74.30   69.83   69.83   70.39   71.51   70.95   72.07   72.91   72.91   72.91   72.91   72.63   70.83   70.83   70.83   73.46   71.79   71.63   71.79   71.79   70.39   70.11   70.31   71.23   70.39   53.80   53.91   55.59   55.21   55.03   55.31   54.75   54.47   54.19   56.15   56.15   58.10   57.26   60.06
    20: tr|A0A933V420|A0A933V420_9RHOO   60.77   64.01   62.36   63.89   67.41   63.86   65.64   64.44   62.88   63.33   65.28   64.27   70.25   82.48   88.03   87.87   87.87   89.15   91.11  100.00   92.86   83.29   84.59   72.73   70.62   73.32   76.39   74.66   70.62   70.62   70.35   70.35   71.43   68.38   69.29   67.38   68.13   69.33   70.81   69.46   68.17   67.39   69.65   69.84   69.41   67.82   68.73   71.77   68.10   68.10   69.81   71.00   69.27   70.08   71.43   71.43   71.43   70.62   70.35   67.72   67.72   67.72   70.48   72.22   71.63   70.62   70.62   70.28   70.28   69.57   69.92   69.11   54.41   54.04   56.55   55.77   54.44   54.17   54.44   54.17   53.89   55.00   55.56   58.89   56.39   59.17
    21: tr|A0A936RTA5|A0A936RTA5_9RHOO   62.43   63.46   63.19   63.61   66.57   64.40   66.20   64.44   62.60   63.61   65.28   65.37   70.80   84.10   88.56   90.03   90.03   90.74   92.78   92.86  100.00   85.71   88.92   71.39   70.62   73.58   76.67   75.20   71.16   70.08   69.81   69.81   71.97   68.38   69.57   68.45   67.31   70.13   71.89   70.54   69.50   67.65   69.65   70.38   70.21   66.49   69.54   72.85   68.36   68.36   68.73   71.00   69.54   71.16   72.51   72.51   72.51   71.16   70.89   69.58   69.58   69.58   72.34   72.22   72.19   70.89   70.89   71.11   70.83   69.84   69.11   68.56   55.62   54.60   56.55   56.06   55.83   56.11   55.28   56.39   56.11   56.94   57.22   59.44   58.06   60.28
    22: tr|A0A809R3U4|A0A809R3U4_9PROT   60.77   63.19   62.36   62.22   66.30   63.14   65.36   62.78   62.88   61.94   63.89   64.54   68.32   86.06   81.84   85.52   85.52   84.64   87.22   83.29   85.71  100.00   88.11   71.12   68.46   72.24   72.78   70.89   69.27   68.19   68.19   68.19   69.00   65.95   67.03   67.85   67.86   68.92   69.27   68.28   69.09   66.85   68.46   67.93   67.92   65.77   68.46   70.46   65.50   65.50   68.02   69.81   66.94   69.11   68.29   68.29   68.29   67.75   67.48   66.67   66.67   66.67   69.46   70.28   69.94   69.38   69.11   69.44   69.44   68.92   67.92   67.92   53.50   53.20   55.99   54.93   54.72   54.72   54.44   54.72   54.44   56.11   56.67   57.78   56.67   59.72
    23: tr|A0A7V8BYE9|A0A7V8BYE9_9RHOO   61.60   62.64   61.81   61.39   66.30   62.67   64.80   63.89   62.33   61.67   65.00   65.37   70.52   86.22   86.14   89.73   89.73   87.57   89.44   84.59   88.92   88.11  100.00   71.39   69.84   73.37   74.17   72.28   70.38   69.02   70.11   70.11   70.11   65.67   68.39   68.12   67.86   69.48   70.46   69.65   69.92   68.21   69.02   69.29   69.02   66.30   68.48   71.86   67.66   67.66   67.76   69.84   68.31   69.67   71.31   71.31   71.31   69.67   69.67   69.19   69.19   69.19   72.28   71.39   71.35   70.22   70.22   69.72   69.44   69.21   68.48   67.93   53.80   54.32   55.99   55.21   55.83   56.11   55.28   55.83   55.56   56.67   57.50   58.33   58.61   61.11
    24: tr|A0A951T1I0|A0A951T1I0_9RHOO   61.22   58.29   62.09   63.61   61.56   62.57   63.97   63.79   63.43   63.89   65.00   63.33   67.22   70.30   70.67   72.75   72.75   71.93   74.30   72.73   71.39   71.12   71.39  100.00   84.01   77.24   78.61   77.24   82.66   80.76   80.49   80.49   78.05   69.29   69.95   67.20   67.86   67.11   69.21   69.48   67.20   66.76   69.02   70.03   68.53   68.00   68.83   71.70   66.40   66.40   68.65   71.39   68.92   71.35   70.54   70.54   70.54   70.81   70.81   69.33   69.33   69.33   68.27   70.56   71.63   69.46   69.46   70.83   71.39   72.68   73.57   73.02   52.89   55.43   59.61   57.46   55.56   55.56   55.28   53.61   53.33   55.83   56.11   59.44   58.33   60.83
    25: tr|A0A9D6DFJ5|A0A9D6DFJ5_9RHOO   60.66   59.67   62.91   60.56   62.67   61.79   64.80   61.84   63.16   63.06   62.22   62.78   65.56   67.65   69.27   68.46   68.46   70.35   72.07   70.62   70.62   68.46   69.84   84.01  100.00   76.53   80.00   77.87   82.13   80.53   79.62   79.62   78.28   67.91   68.28   68.29   67.58   68.72   68.92   67.92   68.00   66.76   69.97   71.47   70.51   67.47   68.45   71.51   66.31   66.31   68.82   71.43   69.35   70.70   72.04   72.04   72.04   70.97   71.24   69.35   69.35   69.35   69.62   70.83   71.07   69.89   69.89   70.56   71.11   70.43   68.90   70.62   50.76   52.92   57.10   54.37   54.72   54.17   52.22   52.50   52.22   53.89   54.72   57.22   56.67   59.17
    26: tr|A0A936P9D2|A0A936P9D2_9PROT   62.60   61.33   63.74   63.33   65.74   64.77   66.76   62.40   62.88   62.50   66.11   66.94   67.77   71.16   71.97   72.78   72.78   72.78   74.30   73.32   73.58   72.24   73.37   77.24   76.53  100.00   85.28   83.73   80.53   77.60   79.36   79.36   78.02   69.25   68.01   69.65   70.60   71.93   72.43   72.51   70.13   68.10   68.90   72.83   72.12   67.73   70.59   72.58   67.11   67.11   71.24   71.70   69.35   72.31   70.97   70.97   70.97   72.31   72.04   71.51   71.51   71.51   72.04   71.39   70.22   70.97   70.97   71.94   71.11   71.51   71.58   71.70   52.58   53.20   56.82   53.80   55.28   55.56   55.28   54.72   54.44   55.28   55.28   59.17   57.78   59.17
    27: tr|A0A6L4YES8|A0A6L4YES8_9RHOO   64.17   64.44   65.56   64.44   66.57   66.30   66.76   64.90   62.78   63.33   66.94   68.89   67.97   72.50   75.83   75.00   75.00   75.28   76.26   76.39   76.67   72.78   74.17   78.61   80.00   85.28  100.00   92.22   80.56   79.72   79.72   79.72   81.94   72.42   71.59   72.22   72.50   75.77   75.83   76.11   74.72   71.94   73.89   76.67   76.39   72.78   73.61   77.50   71.11   71.11   75.83   76.39   74.44   76.94   76.11   76.11   76.11   76.67   76.67   76.11   76.11   76.11   76.39   74.72   74.16   74.72   74.72   73.33   74.17   72.70   74.44   74.17   52.58   54.87   57.94   55.77   56.11   55.83   55.56   54.72   54.44   55.83   56.39   60.00   60.28   62.22
    28: tr|A0A916J3F8|A0A916J3F8_9PROT   64.54   63.81   65.66   64.72   66.02   64.23   66.48   64.07   63.16   63.06   65.56   66.67   68.04   70.62   73.32   72.78   72.78   73.05   74.86   74.66   75.20   70.89   72.28   77.24   77.87   83.73   92.22  100.00   79.73   78.40   78.02   78.02   80.16   69.52   68.28   70.46   71.15   72.19   73.24   73.32   71.47   67.83   70.51   75.54   73.73   69.87   71.39   74.46   68.72   68.72   73.66   73.58   70.70   73.39   73.39   73.39   73.39   73.92   73.92   72.58   72.58   72.58   73.39   73.33   73.03   72.31   72.31   72.78   73.89   70.97   71.05   72.24   53.50   54.32   57.38   56.90   56.67   55.28   55.56   54.72   54.44   55.56   55.83   60.56   60.56   62.22
    29: tr|A0A1N7AT81|A0A1N7AT81_9RHOO   62.33   59.12   64.29   63.33   62.67   62.87   65.64   62.67   63.71   63.06   65.28   63.89   66.39   67.92   70.35   69.81   69.81   70.89   72.63   70.62   71.16   69.27   70.38   82.66   82.13   80.53   80.56   79.73  100.00   92.53   83.38   83.38   82.84   69.25   70.70   68.83   69.23   70.05   70.00   71.16   69.87   69.17   68.90   71.47   70.51   69.07   71.39   70.70   67.91   67.91   70.43   70.89   69.35   71.51   72.04   72.04   72.04   71.51   71.51   70.43   70.43   70.43   70.16   70.56   71.35   69.09   68.82   71.39   70.56   72.58   70.51   71.97   53.19   54.60   59.05   56.62   56.11   56.94   55.83   55.56   55.28   56.94   57.22   61.11   59.44   61.11
    30: tr|H0Q4V0|H0Q4V0_9RHOO           61.77   59.12   64.01   62.50   61.56   62.06   65.08   61.56   62.60   61.94   65.00   63.89   66.39   67.65   69.81   69.81   69.81   70.89   72.63   70.62   70.08   68.19   69.02   80.76   80.53   77.60   79.72   78.40   92.53  100.00   83.38   83.38   82.04   69.25   70.97   69.38   69.51   70.32   70.27   71.16   69.60   69.17   69.44   71.74   70.51   67.47   70.59   70.43   68.18   68.18   69.62   71.16   68.28   70.16   71.24   71.24   71.24   71.51   71.51   69.09   69.09   69.09   70.16   70.83   71.07   69.09   68.82   70.83   69.72   72.04   70.78   72.51   52.89   54.32   57.66   54.65   54.72   56.67   55.83   54.17   53.89   56.39   56.67   58.61   59.17   60.83
    31: tr|A0A2R4BQP6|A0A2R4BQP6_THAAR   60.94   58.84   60.44   62.78   61.56   61.52   63.97   61.56   60.94   59.44   63.61   62.22   66.12   68.73   70.35   69.35   69.35   69.81   71.79   70.35   69.81   68.19   70.11   80.49   79.62   79.36   79.72   78.02   83.38   83.38  100.00  100.00   87.70   66.94   68.65   68.02   68.13   68.01   69.46   69.62   67.83   67.12   66.04   70.11   69.44   65.68   68.63   69.81   68.10   68.10   69.27   69.35   69.27   70.62   69.54   69.54   69.54   69.54   69.54   69.09   69.09   69.09   69.09   70.28   68.82   69.00   69.00   69.72   70.00   70.08   70.08   70.62   51.67   53.48   57.10   55.77   53.89   55.83   55.56   54.17   53.89   55.00   55.00   57.22   57.78   59.44
    32: tr|Q9F2B8|Q9F2B8_THAAR           60.94   58.84   60.44   62.78   61.56   61.52   63.97   61.56   60.94   59.44   63.61   62.22   66.12   68.73   70.35   69.35   69.35   69.81   71.79   70.35   69.81   68.19   70.11   80.49   79.62   79.36   79.72   78.02   83.38   83.38  100.00  100.00   87.70   66.94   68.65   68.02   68.13   68.01   69.46   69.62   67.83   67.12   66.04   70.11   69.44   65.68   68.63   69.81   68.10   68.10   69.27   69.35   69.27   70.62   69.54   69.54   69.54   69.54   69.54   69.09   69.09   69.09   69.09   70.28   68.82   69.00   69.00   69.72   70.00   70.08   70.08   70.62   51.67   53.48   57.10   55.77   53.89   55.83   55.56   54.17   53.89   55.00   55.00   57.22   57.78   59.44
    33: tr|Q5P476|Q5P476_AROAE           59.83   60.22   61.54   61.94   62.95   62.60   65.08   61.28   61.77   59.44   65.56   63.89   66.39   69.27   70.35   69.35   69.35   70.62   72.35   71.43   71.97   69.00   70.11   78.05   78.28   78.02   81.94   80.16   82.84   82.04   87.70   87.70  100.00   69.35   70.00   70.46   69.23   69.35   71.08   70.97   70.24   69.00   68.46   71.47   71.05   66.49   69.44   71.16   68.10   68.10   71.16   70.43   71.16   72.78   71.97   71.97   71.97   71.70   71.70   69.89   69.89   69.89   70.97   70.56   71.63   70.89   70.89   72.22   72.50   70.35   71.43   71.70   51.67   55.43   58.22   54.93   56.11   57.22   56.39   55.28   55.00   56.39   56.94   57.78   59.17   60.83
    34: tr|A0A3A0FBY4|A0A3A0FBY4_9BURK   59.17   59.00   60.88   61.84   60.34   59.51   61.62   60.89   59.72   57.66   63.51   63.23   66.39   65.41   67.03   66.22   66.22   67.30   68.91   68.38   68.38   65.95   65.67   69.29   67.91   69.25   72.42   69.52   69.25   69.25   66.94   66.94   69.35  100.00   71.24   72.01   72.45   71.31   69.92   70.54   69.79   72.04   71.77   72.48   70.97   73.53   71.58   72.51   68.63   68.63   74.39   72.97   74.39   76.01   76.01   76.01   76.01   76.55   76.28   72.51   72.51   72.51   74.12   74.09   75.77   72.24   72.24   75.77   76.04   69.00   69.89   70.81   54.27   52.79   55.59   54.80   52.37   54.60   54.60   52.37   52.09   54.04   54.60   56.27   56.55   59.33
    35: tr|A0A7V8BLG7|A0A7V8BLG7_9BURK   59.44   60.94   60.88   61.56   59.22   60.05   61.62   62.29   58.33   59.05   65.46   63.79   67.22   65.41   68.29   68.11   68.11   69.84   71.43   69.29   69.57   67.03   68.39   69.95   68.28   68.01   71.59   68.28   70.70   70.97   68.65   68.65   70.00   71.24  100.00   72.68   73.28   72.85   72.09   72.43   72.31   74.19   73.12   72.21   71.62   73.92   73.32   75.61   75.74   75.74   73.71   75.95   73.98   75.88   76.69   76.69   76.69   77.24   77.51   74.53   74.53   74.53   75.61   75.77   77.75   76.42   76.15   75.21   74.93   67.39   69.09   68.92   52.13   51.96   54.19   53.39   54.32   54.04   54.60   52.37   52.09   54.04   55.99   55.15   59.05   59.61
    36: tr|A0A7Y5PHR3|A0A7Y5PHR3_9BURK   61.77   59.67   59.34   61.67   61.84   60.93   63.13   61.56   58.45   58.33   67.22   62.50   66.12   66.49   67.20   68.94   68.94   68.45   70.67   67.38   68.45   67.85   68.12   67.20   68.29   69.65   72.22   70.46   68.83   69.38   68.02   68.02   70.46   72.01   72.68  100.00   73.63   70.59   72.75   73.30   69.87   71.08   71.20   73.02   72.53   72.80   74.53   73.58   70.97   70.97   74.32   77.11   73.78   75.14   76.49   76.49   76.49   75.41   75.41   73.87   73.87   73.87   75.20   75.56   75.84   74.32   74.32   77.50   76.11   68.58   70.84   70.03   51.98   52.37   53.48   51.27   53.33   53.06   53.33   51.94   51.94   53.61   53.61   53.89   57.22   59.72
    37: tr|A0A521VR49|A0A521VR49_9HYPH   58.73   62.43   61.54   60.83   61.84   61.98   63.13   61.56   57.89   58.33   61.94   63.89   65.29   67.58   67.58   68.13   68.13   67.86   68.72   68.13   67.31   67.86   67.86   67.86   67.58   70.60   72.50   71.15   69.23   69.51   68.13   68.13   69.23   72.45   73.28   73.63  100.00   73.28   73.35   74.73   73.90   75.55   75.55   77.20   76.65   75.55   73.90   75.55   71.98   71.98   78.30   78.30   71.98   75.27   75.27   75.27   75.27   75.27   75.55   75.00   75.00   75.00   75.82   76.67   76.12   75.55   75.55   75.56   75.56   69.15   69.23   69.51   51.98   52.09   53.76   51.55   53.06   53.89   54.17   52.22   51.94   53.33   53.89   55.00   55.00   57.50
    38: tr|A0A7C8EVW8|A0A7C8EVW8_DESBX   60.83   63.71   60.06   61.28   64.07   62.87   64.80   62.12   60.56   59.05   64.07   68.52   65.75   70.54   68.25   70.27   70.27   69.33   72.83   69.33   70.13   68.92   69.48   67.11   68.72   71.93   75.77   72.19   70.05   70.32   68.01   68.01   69.35   71.31   72.85   70.59   73.28  100.00   83.20   85.68   83.42   73.33   75.07   77.38   75.93   70.79   72.39   76.27   73.40   73.40   75.40   76.49   72.46   75.13   74.60   74.60   74.60   74.60   74.60   75.86   75.86   75.86   77.98   77.99   78.31   74.87   74.87   77.99   78.27   68.46   67.47   66.76   54.27   55.03   56.70   52.96   52.65   54.32   52.92   53.20   52.92   54.32   54.32   55.15   55.71   57.66
    39: tr|A0A562VIZ7|A0A562VIZ7_9BACT   62.15   62.26   62.36   63.06   64.62   63.96   65.92   63.33   60.11   59.17   66.67   67.04   65.01   70.35   70.73   70.62   70.62   70.81   72.98   70.81   71.89   69.27   70.46   69.21   68.92   72.43   75.83   73.24   70.00   70.27   69.46   69.46   71.08   69.92   72.09   72.75   73.35   83.20  100.00   86.79   87.87   73.24   72.43   78.80   77.57   72.16   73.51   76.36   74.59   74.59   76.63   78.65   75.27   75.82   75.82   75.82   75.82   75.82   75.82   75.47   75.47   75.47   78.38   75.56   77.81   76.90   76.90   78.33   78.89   66.40   69.19   68.11   55.93   54.32   57.10   54.08   53.61   54.44   54.17   55.00   54.72   55.83   55.28   56.94   57.22   60.00
    40: tr|B9M8I0|B9M8I0_GEODF           61.60   62.53   62.36   62.78   64.35   63.41   65.36   61.94   60.11   58.33   65.28   68.14   66.12   69.89   69.11   69.95   70.24   68.92   71.31   69.46   70.54   68.28   69.65   69.48   67.92   72.51   76.11   73.32   71.16   71.16   69.62   69.62   70.97   70.54   72.43   73.30   74.73   85.68   86.79  100.00   89.52   73.32   74.39   77.72   77.09   73.32   73.32   77.78   73.85   73.85   76.15   75.94   73.71   76.15   75.07   75.07   75.07   76.15   76.15   77.63   77.63   77.63   78.38   76.39   77.81   76.15   76.15   77.22   77.50   68.00   67.92   67.39   56.53   55.15   57.94   52.68   52.50   53.89   52.78   53.89   53.61   53.33   53.89   56.11   57.22   58.89
    41: tr|Q39TU4|Q39TU4_GEOMG           62.15   62.53   60.71   61.39   64.62   64.23   65.92   62.22   59.83   58.61   65.00   66.76   65.29   69.62   67.11   70.16   70.16   68.70   71.87   68.17   69.50   69.09   69.92   67.20   68.00   70.13   74.72   71.47   69.87   69.60   67.83   67.83   70.24   69.79   72.31   69.87   73.90   83.42   87.87   89.52  100.00   71.81   73.26   77.45   75.46   69.55   71.12   74.47   71.88   71.88   74.40   76.82   71.47   73.60   72.27   72.27   72.27   72.80   72.80   74.14   74.14   74.14   75.93   75.00   77.25   73.33   73.07   76.94   77.22   68.01   68.90   67.12   55.02   54.87   57.10   53.24   52.50   54.17   52.78   53.61   53.61   53.89   53.89   55.00   57.50   58.61
    42: tr|A0A934X7M8|A0A934X7M8_9BURK   57.89   62.15   63.19   60.56   60.17   61.52   63.13   60.72   59.83   57.78   64.17   65.00   69.42   67.12   66.94   68.19   68.19   66.85   68.72   67.39   67.65   66.85   68.21   66.76   66.76   68.10   71.94   67.83   69.17   69.17   67.12   67.12   69.00   72.04   74.19   71.08   75.55   73.33   73.24   73.32   71.81  100.00   84.49   72.83   71.66   73.67   74.46   73.99   76.80   76.80   73.99   76.01   73.46   74.53   74.26   74.26   74.26   74.26   73.99   74.53   74.53   74.53   76.68   76.94   78.93   76.41   76.14   76.67   75.56   69.62   70.51   70.08   53.80   52.92   55.99   52.96   53.06   54.72   53.33   52.50   52.22   54.72   54.17   54.44   57.22   58.89
    43: tr|A0A9D7AMK3|A0A9D7AMK3_9BURK   59.00   61.88   62.64   60.00   61.28   60.98   62.57   59.89   60.11   58.33   63.06   65.56   69.42   69.27   67.84   68.73   68.73   67.48   69.55   69.65   69.65   68.46   69.02   69.02   69.97   68.90   73.89   70.51   68.90   69.44   66.04   66.04   68.46   71.77   73.12   71.20   75.55   75.07   72.43   74.39   73.26   84.49  100.00   72.55   71.24   73.80   76.34   74.39   75.87   75.87   73.32   76.28   72.78   75.20   75.20   75.20   75.20   75.47   75.47   74.12   74.12   74.12   78.17   79.44   78.93   77.63   77.36   76.67   76.67   70.97   69.71   69.54   51.67   52.09   55.71   52.68   53.33   53.06   51.94   52.22   51.94   53.61   54.17   54.44   56.94   58.89
    44: tr|A0A3D1J358|A0A3D1J358_9BURK   60.94   64.64   62.91   62.22   64.07   64.85   67.32   64.35   62.88   60.56   66.11   65.83   66.39   68.48   69.29   69.29   69.29   70.11   71.79   69.84   70.38   67.93   69.29   70.03   71.47   72.83   76.67   75.54   71.47   71.74   70.11   70.11   71.47   72.48   72.21   73.02   77.20   77.38   78.80   77.72   77.45   72.83   72.55  100.00   96.47   74.73   73.91   77.32   75.00   75.00   77.60   79.62   75.41   76.23   77.05   77.05   77.05   76.50   76.50   75.27   75.27   75.27   76.63   75.28   75.28   75.68   75.68   77.22   77.78   69.21   67.93   68.75   53.19   52.92   55.71   53.24   52.50   54.44   54.17   53.06   52.78   54.17   54.44   55.56   56.39   57.78
    45: tr|A0A3D3PPF3|A0A3D3PPF3_9BURK   61.50   64.36   62.91   62.22   63.51   64.50   67.04   64.07   62.60   60.56   66.11   65.28   66.39   68.19   68.70   68.73   68.73   69.41   72.07   69.41   70.21   67.92   69.02   68.53   70.51   72.12   76.39   73.73   70.51   70.51   69.44   69.44   71.05   70.97   71.62   72.53   76.65   75.93   77.57   77.09   75.46   71.66   71.24   96.47  100.00   72.03   73.46   76.00   73.67   73.67   76.20   78.98   73.53   75.13   75.13   75.13   75.13   75.40   75.40   73.81   73.81   73.81   75.93   75.28   75.56   74.33   74.33   77.22   77.22   68.38   67.12   68.46   52.89   52.65   55.71   53.24   52.50   54.72   54.17   53.06   52.78   54.17   54.44   55.28   56.39   57.78
    46: tr|A0A7X6I804|A0A7X6I804_9BURK   60.66   61.33   61.54   62.50   61.00   60.98   64.25   62.40   59.00   58.89   62.50   62.78   64.19   66.04   66.05   66.31   66.31   66.22   69.55   67.82   66.49   65.77   66.30   68.00   67.47   67.73   72.78   69.87   69.07   67.47   65.68   65.68   66.49   73.53   73.92   72.80   75.55   70.79   72.16   73.32   69.55   73.67   73.80   74.73   72.03  100.00   77.01   73.40   76.39   76.39   75.20   76.55   76.80   76.27   76.00   76.00   76.00   77.07   76.80   76.98   76.98   76.98   76.46   76.67   79.21   75.47   75.47   80.28   79.44   66.67   68.10   67.65   51.37   50.70   54.32   53.24   51.94   53.06   52.22   51.39   51.11   52.78   52.78   53.61   55.83   58.33
    47: tr|A0A963LFF5|A0A963LFF5_9BURK   61.22   61.05   62.09   62.78   64.07   64.23   66.48   62.67   59.83   60.00   64.44   64.17   66.94   67.65   68.73   67.39   67.39   68.73   70.11   68.73   69.54   68.46   68.48   68.83   68.45   70.59   73.61   71.39   71.39   70.59   68.63   68.63   69.44   71.58   73.32   74.53   73.90   72.39   73.51   73.32   71.12   74.46   76.34   73.91   73.46   77.01  100.00   75.54   77.81   77.81   75.81   78.17   76.08   76.34   75.54   75.54   75.54   78.23   77.96   76.34   76.34   76.34   78.76   77.22   77.25   77.15   76.88   78.89   79.72   67.39   70.70   69.81   52.28   54.32   56.27   52.68   53.61   53.89   53.06   53.33   53.06   54.17   53.89   54.72   56.39   59.17
    48: tr|A0A932BH34|A0A932BH34_9PROT   63.99   61.88   62.36   64.17   63.23   62.13   64.25   64.62   60.66   60.28   65.28   68.33   68.32   72.63   71.05   72.63   72.63   71.51   74.30   71.77   72.85   70.46   71.86   71.70   71.51   72.58   77.50   74.46   70.70   70.43   69.81   69.81   71.16   72.51   75.61   73.58   75.55   76.27   76.36   77.78   74.47   73.99   74.39   77.32   76.00   73.40   75.54  100.00   75.20   75.20   77.33   77.78   74.93   76.80   77.07   77.07   77.07   77.33   77.60   76.74   76.74   76.74   79.68   80.00   79.21   78.93   78.93   79.44   79.72   70.19   69.73   70.46   56.23   55.71   57.94   54.93   54.44   55.00   53.33   54.44   54.17   55.28   55.83   59.17   58.89   61.39
    49: tr|A0A935C5S1|A0A935C5S1_9PROT   60.66   62.71   59.89   60.83   59.89   62.60   63.97   62.12   59.00   56.94   63.06   65.28   67.49   66.58   67.38   67.92   67.92   67.29   69.83   68.10   68.36   65.50   67.66   66.40   66.31   67.11   71.11   68.72   67.91   68.18   68.10   68.10   68.10   68.63   75.74   70.97   71.98   73.40   74.59   73.85   71.88   76.80   75.87   75.00   73.67   76.39   77.81   75.20  100.00  100.00   74.13   77.63   75.20   75.73   74.13   74.13   74.13   76.80   76.80   77.87   77.87   77.87   79.73   77.22   80.34   78.40   78.40   78.61   79.17   68.19   66.67   66.31   51.98   52.09   54.60   53.52   51.94   52.78   53.33   51.67   51.39   53.33   53.89   54.17   57.50   58.89
    50: tr|A0A9E0Q4E6|A0A9E0Q4E6_9BURK   60.66   62.71   59.89   60.83   59.89   62.60   63.97   62.12   59.00   56.94   63.06   65.28   67.49   66.58   67.38   67.92   67.92   67.29   69.83   68.10   68.36   65.50   67.66   66.40   66.31   67.11   71.11   68.72   67.91   68.18   68.10   68.10   68.10   68.63   75.74   70.97   71.98   73.40   74.59   73.85   71.88   76.80   75.87   75.00   73.67   76.39   77.81   75.20  100.00  100.00   74.13   77.63   75.20   75.73   74.13   74.13   74.13   76.80   76.80   77.87   77.87   77.87   79.73   77.22   80.34   78.40   78.40   78.61   79.17   68.19   66.67   66.31   51.98   52.09   54.60   53.52   51.94   52.78   53.33   51.67   51.39   53.33   53.89   54.17   57.50   58.89
    51: tr|A0A1J5RL54|A0A1J5RL54_9ZZZZ   61.77   60.50   61.54   63.61   64.62   62.40   64.25   66.30   61.22   61.11   64.17   66.39   66.67   68.02   68.82   68.02   68.02   68.46   70.39   69.81   68.73   68.02   67.76   68.65   68.82   71.24   75.83   73.66   70.43   69.62   69.27   69.27   71.16   74.39   73.71   74.32   78.30   75.40   76.63   76.15   74.40   73.99   73.32   77.60   76.20   75.20   75.81   77.33   74.13   74.13  100.00   82.66   73.60   76.53   75.47   75.47   75.47   76.80   77.07   78.02   78.02   78.02   77.48   78.33   80.06   77.87   77.87   80.28   80.56   69.38   70.27   70.73   54.41   52.92   55.15   54.65   54.44   55.00   54.72   53.61   53.33   54.72   55.56   56.39   58.06   60.56
    52: tr|A0A948DMI8|A0A948DMI8_UNCPS   61.50   61.88   62.36   62.50   64.07   64.77   66.20   64.90   60.39   60.83   65.83   66.39   68.04   69.00   69.92   68.98   69.35   69.65   71.51   71.00   71.00   69.81   69.84   71.39   71.43   71.70   76.39   73.58   70.89   71.16   69.35   69.35   70.43   72.97   75.95   77.11   78.30   76.49   78.65   75.94   76.82   76.01   76.28   79.62   78.98   76.55   78.17   77.78   77.63   77.63   82.66  100.00   75.34   77.24   77.78   77.78   77.78   79.67   79.95   78.92   78.92   78.92   81.35   80.28   80.90   80.22   79.95   81.39   81.94   68.90   70.89   69.81   52.89   52.92   55.99   53.24   54.44   54.72   55.28   53.61   53.33   55.28   55.56   56.67   58.61   61.67
    53: tr|A0A8I1R9A5|A0A8I1R9A5_9BURK   59.56   61.60   62.09   61.94   62.67   62.67   65.36   62.12   60.39   60.56   66.67   64.44   65.01   68.29   68.28   67.48   67.48   68.73   70.95   69.27   69.54   66.94   68.31   68.92   69.35   69.35   74.44   70.70   69.35   68.28   69.27   69.27   71.16   74.39   73.98   73.78   71.98   72.46   75.27   73.71   71.47   73.46   72.78   75.41   73.53   76.80   76.08   74.93   75.20   75.20   73.60   75.34  100.00   84.80   82.93   82.93   82.93   83.47   83.47   78.28   78.28   78.28   77.21   78.61   77.81   78.13   78.13   78.33   79.17   68.02   67.30   69.65   52.28   52.37   54.60   52.68   53.33   52.78   52.50   52.50   52.22   53.06   53.61   54.44   55.83   57.22
    54: tr|A0A3N5GVI0|A0A3N5GVI0_9BURK   61.50   63.81   63.19   63.89   64.07   64.31   66.20   63.79   60.66   58.89   65.83   66.39   66.39   69.38   70.16   69.65   69.65   69.81   72.07   70.08   71.16   69.11   69.67   71.35   70.70   72.31   76.94   73.39   71.51   70.16   70.62   70.62   72.78   76.01   75.88   75.14   75.27   75.13   75.82   76.15   73.60   74.53   75.20   76.23   75.13   76.27   76.34   76.80   75.73   75.73   76.53   77.24   84.80  100.00   85.87   85.87   85.87   86.40   86.40   79.89   79.89   79.89   79.89   81.11   82.02   81.07   81.07   81.94   81.94   68.29   69.73   70.19   53.19   53.20   55.43   54.37   53.89   54.44   54.44   52.78   52.50   53.89   54.44   55.83   57.22   59.44
