#
#
#  Percent Identity  Matrix - created by Clustal2.1 
#
#

     1: YP_007878771|Rhodococcus_fascian  100.00   43.43   45.60   44.65   29.85   29.22   29.22   27.41   25.68   26.59   28.31   27.02   34.05   29.75   31.29   32.42   31.17   33.13   33.03   25.69   24.38   26.36   23.46
     2: WP_017577317|Nocardiopsis_kunsan   43.43  100.00   51.65   52.41   26.63   25.21   25.50   26.65   24.07   26.07   25.81   25.37   27.93   26.11   27.49   30.79   27.60   29.20   29.39   25.22   22.06   23.41   22.22
     3: WP_019808815|Saccharomonospora_h   45.60   51.65  100.00   93.26   27.16   26.19   26.19   26.79   28.06   26.87   30.61   27.91   30.77   30.30   29.91   33.43   32.31   32.93   33.23   25.54   23.71   26.13   22.73
     4: WP_007024405|Saccharomonospora_p   44.65   52.41   93.26  100.00   26.01   25.07   25.07   26.27   28.14   26.35   29.48   27.08   29.54   29.70   30.00   32.93   32.72   33.03   33.63   25.93   23.78   25.30   22.49
     5: WP_019172886|Pseudaminobacter_sa   29.85   26.63   27.16   26.01  100.00   93.17   94.81   59.67   55.00   56.67   31.25   34.43   36.14   33.73   33.83   34.60   35.19   35.67   35.09   27.43   26.55   26.01   26.27
     6: WP_006329721|Mesorhizobium_sp_ST   29.22   25.21   26.19   25.07   93.17  100.00   96.61   55.82   53.76   55.35   32.09   32.17   35.10   32.27   33.05   33.24   35.38   35.07   33.43   26.38   25.79   26.20   26.15
     7: YP_004141220|Mesorhizobium_cicer   29.22   25.50   26.19   25.07   94.81   96.61  100.00   55.56   54.03   55.08   31.81   32.75   35.10   32.85   32.76   33.81   35.67   35.36   33.70   26.38   26.36   26.20   26.15
     8: WP_010805389|Pandoraea_sp_SD6-2|   27.41   26.65   26.79   26.27   59.67   55.82   55.56  100.00   64.34   66.13   28.65   28.99   31.86   29.36   32.19   31.52   33.33   32.75   32.40   27.25   25.79   25.35   25.86
     9: YP_786432|Bordetella_avium_197N|   25.68   24.07   28.06   28.14   55.00   53.76   54.03   64.34  100.00   83.11   28.82   27.83   29.29   27.99   29.89   29.31   31.96   33.14   32.29   29.57   26.93   27.04   22.77
    10: YP_008030147|Achromobacter_xylos   26.59   26.07   26.87   26.35   56.67   55.35   55.08   66.13   83.11  100.00   28.16   28.12   29.88   27.99   30.57   31.03   33.14   33.43   32.68   29.28   26.65   27.04   24.71
    11: WP_005861995|Sagittula_stellata|   28.31   25.81   30.61   29.48   31.25   32.09   31.81   28.65   28.82   28.16  100.00   58.84   38.69   36.66   38.51   38.82   37.69   39.23   38.11   30.29   28.74   28.20   27.11
    12: WP_017998921|Paracoccus_sp_N5|No   27.02   25.37   27.91   27.08   34.43   32.17   32.75   28.99   27.83   28.12   58.84  100.00   38.14   40.65   43.44   41.76   39.22   41.07   40.12   31.66   30.09   29.24   25.81
    13: WP_010145261|Citricoccus_sp_CH26   34.05   27.93   30.77   29.54   36.14   35.10   35.10   31.86   29.29   29.88   38.69   38.14  100.00   77.42   41.54   42.09   42.64   40.90   40.71   28.78   28.78   28.24   28.96
    14: WP_016690975|Rhodococcus_rhodoch   29.75   26.11   30.30   29.70   33.73   32.27   32.85   29.36   27.99   27.99   36.66   40.65   77.42  100.00   40.06   41.96   41.74   40.30   38.95   28.78   28.53   29.53   28.24
    15: WP_019068892|Streptomyces_sp_R1-   31.29   27.49   29.91   30.00   33.83   33.05   32.76   32.19   29.89   30.57   38.51   43.44   41.54   40.06  100.00   42.82   45.10   46.31   46.00   31.09   28.45   30.72   28.86
    16: YP_003394607|Conexibacter_woesei   32.42   30.79   33.43   32.93   34.60   33.24   33.81   31.52   29.31   31.03   38.82   41.76   42.09   41.96   42.82  100.00   48.97   50.00   49.57   28.24   29.20   28.82   26.02
    17: YP_004721312|Sulfobacillus_acido   31.17   27.60   32.31   32.72   35.19   35.38   35.67   33.33   31.96   33.14   37.69   39.22   42.64   41.74   45.10   48.97  100.00   64.72   63.56   31.07   33.04   30.41   28.49
    18: CAJ89997|Streptomyces_ambofacien   33.13   29.20   32.93   33.03   35.67   35.07   35.36   32.75   33.14   33.43   39.23   41.07   40.90   40.30   46.31   50.00   64.72  100.00   92.20   30.29   32.84   33.62   30.97
    19: WP_007497605|Streptomyces_zincir   33.03   29.39   33.23   33.63   35.09   33.43   33.70   32.40   32.29   32.68   38.11   40.12   40.71   38.95   46.00   49.57   63.56   92.20  100.00   29.15   31.88   33.33   29.23
    20: WP_009070940|Metallosphaera_yell   25.69   25.22   25.54   25.93   27.43   26.38   26.38   27.25   29.57   29.28   30.29   31.66   28.78   28.78   31.09   28.24   31.07   30.29   29.15  100.00   31.14   34.82   31.41
    21: WP_009070848|Metallosphaera_yell   24.38   22.06   23.71   23.78   26.55   25.79   26.36   25.79   26.93   26.65   28.74   30.09   28.78   28.53   28.45   29.20   33.04   32.84   31.88   31.14  100.00   37.02   34.97
    22: WP_009070871|Metallosphaera_yell   26.36   23.41   26.13   25.30   26.01   26.20   26.20   25.35   27.04   27.04   28.20   29.24   28.24   29.53   30.72   28.82   30.41   33.62   33.33   34.82   37.02  100.00   46.50
    23: WP_018033436|crenarchaeote_SCGC_   23.46   22.22   22.73   22.49   26.27   26.15   26.15   25.86   22.77   24.71   27.11   25.81   28.96   28.24   28.86   26.02   28.49   30.97   29.23   31.41   34.97   46.50  100.00
