#
#
#  Percent Identity  Matrix - created by Clustal2.1 
#
#

     1: tr|H0Q4V3|H0Q4V3_9RHOO          100.00   42.94   40.24   43.79   44.38   49.11   49.11   45.56   49.11   45.56   44.38   47.93   48.52   48.52   46.75
     2: tr|A0A933IY81|A0A933IY81_UNCDE   42.94  100.00   45.40   46.01   48.47   47.85   50.92   46.63   47.85   50.92   45.40   44.79   48.47   48.47   47.24
     3: tr|A0A7C5URD3|A0A7C5URD3_UNCDE   40.24   45.40  100.00   48.86   42.77   52.35   46.20   45.98   52.63   51.46   51.46   48.54   50.88   50.88   50.88
     4: tr|A0A0U5BVJ2|A0A0U5BVJ2_9BACT   43.79   46.01   48.86  100.00   47.13   48.24   51.16   52.57   52.33   54.65   52.91   51.74   51.74   51.74   51.16
     5: tr|A0A533SNC3|A0A533SNC3_UNCXX   44.38   48.47   42.77   47.13  100.00   49.41   50.58   51.72   49.71   52.87   53.76   50.87   54.29   54.29   52.57
     6: tr|A0A929EY34|A0A929EY34_UNCPS   49.11   47.85   52.35   48.24   49.41  100.00   54.71   54.12   55.29   55.88   57.65   57.06   58.24   58.24   57.06
     7: tr|A0A3M1E615|A0A3M1E615_UNCDE   49.11   50.92   46.20   51.16   50.58   54.71  100.00   83.14   61.05   66.28   61.05   66.28   63.37   63.37   63.95
     8: tr|A0A5D3WML9|A0A5D3WML9_9BACT   45.56   46.63   45.98   52.57   51.72   54.12   83.14  100.00   62.79   65.70   59.30   66.28   61.05   61.05   62.21
     9: tr|A0A0B5FKX6|A0A0B5FKX6_9BACT   49.11   47.85   52.63   52.33   49.71   55.29   61.05   62.79  100.00   67.82   63.58   69.94   68.57   68.57   68.00
    10: tr|A0A533RK02|A0A533RK02_UNCDE   45.56   50.92   51.46   54.65   52.87   55.88   66.28   65.70   67.82  100.00   67.63   70.52   67.82   67.82   66.67
    11: tr|A0A2N6ENG0|A0A2N6ENG0_9BACT   44.38   45.40   51.46   52.91   53.76   57.65   61.05   59.30   63.58   67.63  100.00   71.10   68.79   68.79   68.79
    12: tr|A0A2N6EGA1|A0A2N6EGA1_9BACT   47.93   44.79   48.54   51.74   50.87   57.06   66.28   66.28   69.94   70.52   71.10  100.00   73.41   73.41   73.41
    13: tr|A0A1E7HNG8|A0A1E7HNG8_9BACT   48.52   48.47   50.88   51.74   54.29   58.24   63.37   61.05   68.57   67.82   68.79   73.41  100.00  100.00   95.43
    14: tr|A0A1E7IT61|A0A1E7IT61_9BACT   48.52   48.47   50.88   51.74   54.29   58.24   63.37   61.05   68.57   67.82   68.79   73.41  100.00  100.00   95.43
    15: tr|A0A1E7GRS1|A0A1E7GRS1_9BACT   46.75   47.24   50.88   51.16   52.57   57.06   63.95   62.21   68.00   66.67   68.79   73.41   95.43   95.43  100.00
