#
#
#  Percent Identity  Matrix - created by Clustal2.1 
#
#

     1: tr|A0A352Z6R1|A0A352Z6R1_UNCDE  100.00   59.22   61.30   52.40   51.64   51.75   24.33   25.47   22.65   25.06   26.23   25.78   25.49   24.62   26.81   24.95   24.95   24.29
     2: tr|E1YIW2|E1YIW2_9BACT           59.22  100.00   65.80   51.20   49.78   51.42   24.11   25.00   22.20   25.06   26.68   26.46   26.21   25.11   26.87   26.97   28.07   27.85
     3: tr|D8F9E5|D8F9E5_9DELT           61.30   65.80  100.00   50.66   50.11   50.55   26.52   27.08   23.93   25.45   27.31   27.31   26.33   25.00   26.55   26.65   26.43   25.33
     4: tr|A0A7C0YER5|A0A7C0YER5_UNCDU   52.40   51.20   50.66  100.00   56.04   56.04   27.93   28.10   25.79   27.09   26.24   25.79   25.72   25.50   26.89   27.43   26.33   25.88
     5: tr|A0A1G1E3B5|A0A1G1E3B5_9BACT   51.64   49.78   50.11   56.04  100.00   66.15   23.98   24.34   23.36   26.70   26.98   26.98   26.50   24.28   27.39   30.16   25.28   25.94
     6: tr|A0A931R2P1|A0A931R2P1_UNCNI   51.75   51.42   50.55   56.04   66.15  100.00   24.44   25.77   23.42   26.23   26.29   26.07   26.99   24.78   28.10   28.85   25.77   25.55
     7: tr|D8F9E3|D8F9E3_9DELT           24.33   24.11   26.52   27.93   23.98   24.44  100.00   77.19   50.62   54.29   52.56   52.56   27.82   28.66   27.88   29.44   26.72   26.51
     8: tr|E1YIW4|E1YIW4_9BACT           25.47   25.00   27.08   28.10   24.34   25.77   77.19  100.00   51.40   53.75   51.61   52.03   28.13   28.79   27.59   29.23   27.25   27.47
     9: tr|A0A1V5C4Z5|A0A1V5C4Z5_9BACT   22.65   22.20   23.93   25.79   23.36   23.42   50.62   51.40  100.00   58.73   56.08   55.67   27.48   28.54   27.54   28.48   25.74   25.53
    10: tr|A0A3A6MXD5|A0A3A6MXD5_9FIRM   25.06   25.06   25.45   27.09   26.70   26.23   54.29   53.75   58.73  100.00   63.54   63.54   31.06   29.81   30.71   31.40   28.51   28.72
    11: tr|A0A445MSK0|A0A445MSK0_9BACT   26.23   26.68   27.31   26.24   26.98   26.29   52.56   51.61   56.08   63.54  100.00   96.74   28.93   28.93   29.89   30.19   27.67   28.09
    12: tr|A0A445MXI7|A0A445MXI7_9BACT   25.78   26.46   27.31   25.79   26.98   26.07   52.56   52.03   55.67   63.54   96.74  100.00   29.35   29.35   30.32   31.03   27.67   28.09
    13: tr|D8F9E1|D8F9E1_9DELT           25.49   26.21   26.33   25.72   26.50   26.99   27.82   28.13   27.48   31.06   28.93   29.35  100.00   80.36   49.70   52.19   50.00   50.40
    14: tr|E1YIW6|E1YIW6_9BACT           24.62   25.11   25.00   25.50   24.28   24.78   28.66   28.79   28.54   29.81   28.93   29.35   80.36  100.00   49.70   52.59   49.60   48.41
    15: tr|A0A1V5C505|A0A1V5C505_9BACT   26.81   26.87   26.55   26.89   27.39   28.10   27.88   27.59   27.54   30.71   29.89   30.32   49.70   49.70  100.00   55.58   53.09   54.09
    16: tr|A0A3A6MY27|A0A3A6MY27_9FIRM   24.95   26.97   26.65   27.43   30.16   28.85   29.44   29.23   28.48   31.40   30.19   31.03   52.19   52.59   55.58  100.00   63.56   63.96
    17: tr|A0A445MSK1|A0A445MSK1_9BACT   24.95   28.07   26.43   26.33   25.28   25.77   26.72   27.25   25.74   28.51   27.67   27.67   50.00   49.60   53.09   63.56  100.00   96.04
    18: tr|A0A445MXN5|A0A445MXN5_9BACT   24.29   27.85   25.33   25.88   25.94   25.55   26.51   27.47   25.53   28.72   28.09   28.09   50.40   48.41   54.09   63.96   96.04  100.00
