#
#
#  Percent Identity  Matrix - created by Clustal2.1 
#
#

     1: tr|A0A5K8A248|A0A5K8A248_9BACT  100.00  100.00   70.59   63.24   70.59   67.65   66.18   67.65   64.71
     2: tr|A0A5K8AL33|A0A5K8AL33_9BACT  100.00  100.00   70.59   63.24   70.59   67.65   66.18   67.65   64.71
     3: tr|A0A934A075|A0A934A075_UNCDE   70.59   70.59  100.00   70.59   63.24   60.29   61.76   63.24   63.24
     4: tr|A0A1W9M5F9|A0A1W9M5F9_9BACT   63.24   63.24   70.59  100.00   72.06   72.06   73.53   72.06   73.53
     5: tr|S0FYS1|S0FYS1_9BACT           70.59   70.59   63.24   72.06  100.00   91.18   89.71   80.88   83.82
     6: tr|A0A1H2E0L6|A0A1H2E0L6_9BACT   67.65   67.65   60.29   72.06   91.18  100.00   98.53   88.24   92.65
     7: tr|K0N3F9|K0N3F9_DESTT           66.18   66.18   61.76   73.53   89.71   98.53  100.00   89.71   94.12
     8: tr|A0A1H2E0B0|A0A1H2E0B0_9BACT   67.65   67.65   63.24   72.06   80.88   88.24   89.71  100.00   94.12
     9: tr|K0NFX4|K0NFX4_DESTT           64.71   64.71   63.24   73.53   83.82   92.65   94.12   94.12  100.00
