#
#
#  Percent Identity  Matrix - created by Clustal2.1 
#
#

     1: WP_006201796|Mesorhizobium_amorp  100.00   67.33   68.33   66.22   67.67   68.33   70.80   70.33   31.19   31.19   32.20   23.88   26.90   20.82   20.48   20.21   22.34   18.90   18.56   19.18   19.86   18.84   21.43   20.75   19.86   18.84   18.77   18.09   18.43   18.71   19.93   17.35   17.53   18.21   19.05   20.07   18.31   19.66   19.66   18.31   19.66   18.37   20.82   19.66   20.75   19.80   19.80   19.80   19.80   18.43   18.77   18.43   20.00   19.66   20.34   21.02   21.02   18.98   20.00   19.86   19.73   19.66   21.62   21.36   18.98   21.02   21.36   21.28   19.93   19.93   20.27   20.27   21.28   19.80   22.11   20.41   19.66   18.31   19.66   22.11   19.32   19.66   21.84   21.02   20.40   18.71   20.13   20.54   20.20   20.81   20.54   20.07   19.13   19.13   20.47   20.13   21.07   21.58   17.24   18.97   17.67   16.96   19.23   18.82   17.96   21.75
     2: NP_772916|Bradyrhizobium_japonic   67.33  100.00   74.67   74.92   71.33   73.00   68.00   69.00   31.53   30.85   31.86   24.65   31.14   20.55   18.84   19.15   19.93   20.00   19.66   19.93   20.96   18.90   18.77   20.82   19.59   18.21   21.23   17.81   18.15   20.14   20.34   20.14   20.34   20.00   19.80   20.48   19.05   20.41   19.73   18.37   19.73   18.77   20.89   18.37   20.82   21.58   20.55   20.21   20.89   19.86   20.21   19.18   19.73   21.09   20.75   20.41   20.75   20.75   20.07   18.15   18.43   18.37   21.36   21.09   18.71   21.09   20.41   19.66   21.69   22.03   21.02   21.69   21.02   19.18   22.18   21.16   19.05   18.37   18.37   20.48   19.05   18.71   21.23   20.41   18.12   19.05   18.12   20.88   20.20   20.13   20.20   18.46   18.12   18.79   19.80   19.46   19.13   21.31   19.72   19.38   19.43   19.08   20.98   18.88   18.66   21.40
     3: WP_007436152|Acetobacteraceae_ba   68.33   74.67  100.00   82.27   76.33   76.67   66.80   70.67   30.17   29.49   29.49   23.96   28.37   19.86   19.52   19.15   22.68   20.00   20.00   19.93   20.96   20.27   20.48   22.18   21.99   20.62   20.21   18.84   19.18   20.14   20.69   18.43   18.97   18.97   21.16   19.45   19.73   22.11   21.09   20.75   19.73   20.48   21.23   20.41   20.82   22.26   21.92   21.23   19.86   19.86   19.86   20.21   19.73   21.77   22.79   22.11   20.75   20.41   19.39   20.89   20.14   20.75   23.73   23.47   21.09   21.09   22.11   23.05   21.36   21.69   22.03   22.03   23.05   21.92   23.55   22.18   20.75   20.07   20.75   22.18   20.41   19.73   21.92   21.77   19.46   21.09   21.14   21.55   19.87   21.81   20.88   17.79   19.13   19.46   18.46   18.46   18.79   21.99   17.99   19.38   17.67   16.96   22.03   20.98   18.66   20.00
     4: YP_001524796|Azorhizobium_caulin   66.22   74.92   82.27  100.00   72.67   73.33   66.00   68.67   29.93   29.39   29.73   23.61   28.82   20.21   17.81   18.44   22.34   17.93   18.97   18.56   18.90   17.87   22.53   23.21   23.02   22.34   20.89   19.86   17.47   20.14   21.38   18.43   21.38   19.66   21.84   21.84   21.09   22.79   20.07   20.75   18.71   20.82   22.26   21.43   21.50   21.92   21.58   21.23   21.23   21.23   21.92   21.23   21.77   20.75   23.81   22.45   21.77   21.43   20.75   22.26   21.84   22.11   22.37   22.11   21.43   21.09   21.43   22.03   20.34   20.00   20.68   20.34   21.02   20.55   22.53   20.14   21.43   20.41   20.41   22.87   21.77   21.43   23.63   22.79   19.46   19.05   19.13   21.21   20.20   20.81   20.88   19.46   19.80   20.13   19.80   20.81   20.47   21.31   18.69   19.03   19.43   18.37   19.93   19.58   17.61   20.35
     5: YP_005189751|Sinorhizobium_fredi   67.67   71.33   76.33   72.67  100.00   95.02   77.29   77.74   31.86   31.42   31.42   22.84   25.95   20.82   19.80   20.49   22.26   19.59   18.56   18.84   20.55   17.81   20.07   22.79   21.58   19.52   20.48   19.45   20.48   20.75   19.93   19.05   19.59   18.90   22.11   20.41   21.36   23.05   19.32   19.32   20.00   20.41   20.48   19.66   20.75   21.84   20.48   19.80   21.16   18.77   18.77   19.80   21.02   21.36   22.37   21.36   20.68   19.66   19.32   19.45   20.07   19.66   22.64   21.69   19.32   21.02   20.34   21.62   20.95   21.28   21.96   20.95   21.62   20.82   23.47   20.75   20.68   20.00   20.00   22.45   19.32   19.32   20.48   21.02   18.39   19.32   20.07   21.48   21.48   23.08   22.48   18.39   18.73   18.39   18.39   18.06   20.74   23.29   17.93   18.62   18.31   17.96   21.60   20.91   17.54   18.88
     6: YP_002827080|Rhizobium_sp_NGR234   68.33   73.00   76.67   73.33   95.02  100.00   76.89   78.74   32.88   32.09   31.76   23.53   26.30   20.14   21.16   21.55   22.60   20.27   18.90   19.18   20.89   18.15   19.73   22.79   22.26   19.52   19.80   20.14   19.45   20.41   20.62   19.39   19.93   18.56   22.45   21.43   22.71   23.05   18.98   18.98   20.68   20.41   20.82   20.34   20.41   21.50   20.14   19.45   20.48   19.80   19.45   20.48   20.68   22.03   21.69   21.36   22.03   21.36   20.34   20.48   20.75   20.34   22.97   22.03   19.32   21.02   20.34   21.28   20.61   20.61   20.95   20.27   21.28   20.48   23.13   20.41   20.68   20.00   20.00   22.79   19.66   19.66   21.84   22.03   18.73   20.00   20.40   21.14   21.14   22.74   22.48   18.73   19.40   19.40   19.40   19.06   21.40   22.60   19.31   19.66   20.07   19.72   21.60   21.25   18.60   20.28
     7: ZP_03499467|Rhizobium_etli_Kim_5   70.80   68.00   66.80   66.00   77.29   76.89  100.00   86.06   32.24   31.71   31.71   24.69   25.52   18.93   20.99   19.74   22.13   18.67   17.84   18.60   19.01   18.18   21.72   21.72   21.49   19.83   21.40   20.58   20.16   20.49   19.92   20.49   19.50   18.67   21.72   21.31   20.82   22.04   21.22   19.18   20.00   19.67   18.52   18.78   16.39   17.28   16.87   16.46   18.52   16.87   16.46   18.11   19.59   21.63   20.00   19.59   20.82   19.59   20.41   19.59   20.08   20.82   24.80   24.49   21.63   20.82   22.45   22.76   20.33   20.73   22.36   21.54   21.95   21.81   22.95   21.72   21.63   21.22   21.63   22.13   19.59   20.00   23.46   22.86   20.08   21.29   20.08   21.77   21.77   21.69   22.18   18.88   18.88   18.88   18.88   18.07   18.88   24.38   18.33   20.83   17.80   18.64   21.52   20.25   17.72   19.33
     8: WP_008532837|Rhizobium_sp_Pop5|N   70.33   69.00   70.67   68.67   77.74   78.74   86.06  100.00   32.88   34.80   33.78   24.22   27.34   19.45   19.45   21.55   21.92   19.24   18.21   17.81   19.52   17.12   20.75   23.13   21.92   18.49   19.80   18.77   20.14   19.39   21.31   19.73   19.59   19.59   21.09   20.75   21.69   22.71   20.68   17.97   20.68   19.39   20.48   20.34   20.07   20.48   19.80   19.80   20.48   18.77   18.77   19.11   20.34   21.36   20.68   20.00   20.68   20.68   20.34   20.48   20.41   20.34   23.31   22.71   21.36   21.02   20.68   21.96   19.59   19.93   20.61   20.27   20.27   20.14   22.79   19.73   22.37   21.36   23.05   23.81   20.68   20.68   22.87   22.71   20.74   21.69   19.73   19.80   19.46   21.07   21.14   19.40   20.07   19.40   19.40   18.73   21.40   23.29   18.28   19.66   17.61   17.61   21.60   20.21   17.89   19.93
     9: YP_002547179|Agrobacterium_vitis   31.19   31.53   30.17   29.93   31.86   32.88   32.24   32.88  100.00   84.18   86.53   27.82   32.98   20.55   23.29   25.18   23.37   23.10   23.10   23.37   25.09   23.71   22.18   20.82   20.62   20.62   20.21   17.81   19.52   19.45   20.69   20.48   20.34   20.34   22.18   23.21   23.47   21.77   20.75   20.75   22.45   23.89   23.97   23.13   22.18   21.92   21.58   22.26   22.26   21.58   22.26   22.95   23.47   24.49   21.43   21.43   21.09   21.09   20.07   21.92   22.18   22.79   20.68   19.73   21.77   22.11   21.77   22.03   21.36   21.02   21.36   21.69   21.69   21.43   22.37   21.02   21.09   21.09   21.77   21.16   21.09   20.07   21.58   21.09   20.54   20.14   21.55   21.62   21.96   21.89   21.96   19.87   22.22   18.52   19.19   19.19   24.24   17.18   21.38   21.03   22.81   23.16   25.17   25.52   21.83   21.75
    10: YP_002978892|Rhizobium_leguminos   31.19   30.85   29.49   29.39   31.42   32.09   31.71   34.80   84.18  100.00   92.98   27.37   35.79   20.55   25.34   25.18   24.05   23.45   23.10   22.34   24.74   23.02   23.55   23.21   23.02   22.34   22.26   21.23   21.92   21.50   23.79   22.53   21.38   21.72   23.21   24.23   24.15   23.13   22.45   21.77   24.49   25.26   27.05   24.49   24.91   25.00   24.66   24.66   23.97   23.29   24.32   23.97   25.17   26.87   22.11   22.45   22.79   23.13   21.09   24.32   23.21   23.47   22.71   21.77   22.79   24.49   23.47   23.39   23.39   23.39   23.05   24.07   23.39   23.47   25.08   23.05   24.15   24.15   25.51   24.57   24.15   23.13   22.95   22.45   20.54   20.82   22.56   22.97   23.31   22.90   23.99   21.55   22.90   20.88   20.88   20.88   23.57   19.93   20.69   21.03   22.46   23.16   26.22   27.27   22.54   23.16
    11: YP_002546983|Agrobacterium_vitis   32.20   31.86   29.49   29.73   31.42   31.76   31.71   33.78   86.53   92.98  100.00   27.02   35.44   20.21   24.66   25.89   24.05   23.79   24.14   23.02   24.40   23.71   23.21   22.87   22.68   21.99   21.92   20.55   20.89   21.16   22.07   22.18   20.34   21.38   23.21   23.55   24.15   23.13   22.45   21.77   24.15   24.57   26.37   23.81   24.23   24.66   25.00   25.00   23.97   22.95   23.97   23.97   24.83   26.53   21.43   22.11   21.09   22.11   20.07   23.63   22.53   23.47   22.37   21.43   22.11   23.47   24.15   23.73   23.39   23.39   23.05   24.41   23.39   22.79   25.08   23.39   23.13   23.13   24.49   23.89   22.79   22.45   22.60   22.11   20.20   20.82   22.22   22.64   21.96   22.22   22.30   21.89   23.57   21.89   21.89   21.55   23.57   18.90   21.38   21.72   23.16   23.86   25.52   26.22   21.48   22.46
    12: WP_009374718|Brevibacterium_case   23.88   24.65   23.96   23.61   22.84   23.53   24.69   24.22   27.82   27.37   27.02  100.00   42.31   18.82   22.65   23.91   22.18   21.05   21.40   18.53   17.48   18.18   18.75   23.26   21.60   21.25   19.79   21.18   19.44   17.71   20.98   21.18   21.33   19.58   19.79   19.03   19.72   18.69   19.38   21.11   21.45   21.80   22.22   20.76   21.45   20.83   21.53   21.88   21.53   22.22   20.49   21.18   21.11   22.49   19.72   20.42   21.45   20.07   19.38   20.35   20.14   19.03   21.38   21.72   21.80   22.15   21.11   21.38   21.38   20.34   20.00   20.69   20.34   20.83   20.83   21.88   22.15   20.42   20.76   21.53   21.45   20.42   20.49   20.42   20.14   21.55   16.72   19.23   18.88   19.51   19.93   17.30   18.82   19.16   19.16   19.51   19.72   19.65   21.13   20.70   20.50   19.06   21.79   21.28   22.66   26.91
    13: WP_010143817|Citricoccus_sp_CH26   26.90   31.14   28.37   28.82   25.95   26.30   25.52   27.34   32.98   35.79   35.44   42.31  100.00   22.38   21.40   24.28   23.94   20.76   20.76   19.31   19.31   18.97   21.72   23.97   22.38   20.98   21.60   20.56   21.95   20.96   23.51   20.34   21.75   21.05   24.32   25.00   24.48   24.48   22.34   22.68   23.10   23.26   24.74   25.26   27.78   26.48   27.18   27.53   25.78   25.09   26.83   25.78   25.17   24.74   23.55   24.57   22.68   21.23   18.77   21.03   22.57   21.92   23.37   24.91   21.03   23.79   22.15   24.83   24.57   23.21   23.55   25.00   23.63   25.78   24.57   22.84   23.21   22.15   22.68   23.26   22.68   22.84   24.04   23.10   20.21   21.95   23.71   20.34   20.34   18.90   19.31   19.86   19.24   19.24   18.90   18.90   20.21   21.38   22.26   21.48   23.19   23.55   21.86   23.21   23.66   25.82
    14: WP_020006753|Salinicoccus_albus|   20.82   20.55   19.86   20.21   20.82   20.14   18.93   19.45   20.55   20.55   20.21   18.82   22.38  100.00   29.11   32.57   34.30   28.85   28.21   28.75   28.43   28.43   33.02   34.16   35.03   33.76   31.76   33.75   33.54   31.13   32.92   30.00   30.16   29.84   36.71   30.48   32.17   32.17   27.22   30.79   31.13   32.29   32.49   31.11   32.06   30.16   30.48   30.79   33.33   32.70   32.70   32.38   33.12   32.28   27.39   29.30   31.85   29.07   30.57   34.84   31.96   32.28   34.48   33.65   33.13   34.60   36.19   35.13   33.23   32.29   35.67   33.12   34.08   32.81   33.86   31.31   31.60   32.52   32.41   34.06   32.30   34.04   31.99   31.68   30.67   28.57   26.92   27.33   27.33   26.28   26.69   26.97   27.88   28.21   27.24   27.24   27.49   25.89   19.35   18.12   27.81   27.81   25.66   26.21   18.18   26.00
    15: WP_007693959|Halococcus_hameline   20.48   18.84   19.52   17.81   19.80   21.16   20.99   19.45   23.29   25.34   24.66   22.65   21.40   29.11  100.00   40.33   36.16   28.30   28.30   27.56   25.64   25.96   32.27   32.27   37.18   34.29   33.87   31.31   30.99   29.71   31.41   31.95   30.45   32.05   35.14   29.62   34.50   32.91   29.62   29.62   30.89   31.21   31.53   30.25   32.80   32.80   32.17   32.17   33.76   35.03   33.12   33.76   32.59   32.80   27.48   29.07   30.67   31.09   31.95   33.01   33.87   33.12   35.35   35.03   34.08   35.35   33.76   33.76   32.48   32.48   33.23   32.91   33.55   34.29   35.26   34.41   33.76   33.76   33.76   33.55   35.03   34.71   33.12   32.48   28.66   28.90   25.96   26.69   26.69   26.28   27.01   28.57   28.21   27.56   28.53   27.88   24.13   28.57   20.71   20.78   31.33   32.67   28.24   29.61   23.57   25.42
    16: WP_007694004|Halococcus_hameline   20.21   19.15   19.15   18.44   20.49   21.55   19.74   21.55   25.18   25.18   25.89   23.91   24.28   32.57   40.33  100.00   40.60   28.15   27.81   27.39   25.41   25.74   31.13   33.66   32.78   34.55   34.77   31.13   34.77   31.13   33.11   34.11   33.11   33.77   33.33   29.70   34.11   33.11   29.04   30.69   35.64   34.65   36.30   31.68   33.33   33.99   33.00   33.33   34.32   34.32   33.00   32.01   33.66   33.33   31.68   30.36   32.34   32.78   32.34   33.22   33.00   32.34   35.31   34.65   35.31   33.33   34.32   31.35   30.69   29.70   30.03   32.01   32.67   31.89   33.22   31.56   33.33   32.67   33.99   33.77   31.68   31.02   34.65   32.67   29.93   31.44   29.37   30.13   31.13   29.04   32.12   29.70   29.70   28.05   29.37   28.71   29.04   29.57   28.52   26.42   31.74   33.45   32.42   33.79   24.48   27.59
    17: WP_009487252|Halobacterium_sp_DL   22.34   19.93   22.68   22.34   22.26   22.60   22.13   21.92   23.37   24.05   24.05   22.18   23.94   34.30   36.16   40.60  100.00   31.25   29.93   28.20   28.20   28.52   37.46   36.81   39.54   38.56   38.76   38.11   35.18   32.57   34.43   36.48   35.08   34.43   38.89   29.97   32.03   33.01   29.97   33.22   32.90   34.53   34.64   32.57   32.90   31.70   33.01   33.66   32.68   33.33   34.97   33.66   32.25   33.22   33.22   30.62   31.92   32.68   31.92   38.44   36.27   36.48   34.53   36.16   35.18   33.88   35.83   34.53   32.90   33.22   32.90   34.20   33.22   31.80   33.11   32.13   36.16   34.20   33.88   33.01   32.90   33.55   34.31   34.20   30.62   31.15   31.27   27.45   29.08   28.01   29.74   30.62   28.01   29.32   28.66   29.32   37.46   33.33   23.36   24.75   32.23   31.56   33.00   33.00   24.24   30.43
    18: YP_004654058|Runella_slithyformi   18.90   20.00   20.00   17.93   19.59   20.27   18.67   19.24   23.10   23.45   23.79   21.05   20.76   28.85   28.30   28.15   31.25  100.00   90.27   78.42   75.99   75.99   29.75   31.27   32.59   32.37   32.59   32.27   31.63   31.55   30.55   31.01   29.90   29.26   34.91   33.55   35.03   34.39   30.38   33.54   32.38   33.23   33.33   33.76   31.31   31.73   31.41   31.41   30.77   30.77   32.37   30.13   32.80   35.13   31.46   31.46   33.33   34.81   33.02   33.86   34.19   32.49   33.97   32.91   35.87   32.06   35.99   34.71   31.86   32.49   33.54   34.29   33.97   33.12   33.23   34.29   37.62   37.58   36.08   37.38   35.13   36.94   36.54   36.83   29.69   31.53   27.99   27.76   27.76   26.42   27.13   28.35   28.62   28.34   28.30   27.99   32.49   30.72   21.05   18.89   23.23   23.23   22.22   21.67   19.32   24.07
    19: YP_006875481|Emticicia_oligotrop   18.56   19.66   20.00   18.97   18.56   18.90   17.84   18.21   23.10   23.10   24.14   21.40   20.76   28.21   28.30   27.81   29.93   90.27  100.00   77.51   75.08   76.60   29.75   31.58   33.23   32.37   34.19   31.95   32.27   31.23   28.62   30.70   30.55   30.23   34.91   34.19   35.67   35.67   30.06   32.91   33.02   33.23   33.65   33.76   31.31   32.37   32.05   31.73   31.73   31.41   32.37   30.77   33.44   34.81   31.46   31.15   32.06   33.12   32.09   34.81   35.46   34.38   33.02   32.27   34.92   32.70   35.99   34.39   31.55   32.49   33.54   33.65   32.70   32.48   32.27   33.97   39.18   38.22   36.39   38.02   36.08   37.58   37.50   36.83   29.60   30.25   27.90   28.30   29.56   27.59   28.62   27.95   29.47   28.34   28.21   28.21   30.91   30.41   20.39   19.54   24.24   23.23   22.56   21.67   19.66   24.07
    20: WP_020606827|Spirosoma_spitsberg   19.18   19.93   19.93   18.56   18.84   19.18   18.60   17.81   23.37   22.34   23.02   18.53   19.31   28.75   27.56   27.39   28.20   78.42   77.51  100.00   84.55   86.71   27.76   31.79   34.08   32.91   30.57   30.25   30.25   29.87   26.60   28.71   27.88   30.13   32.92   31.85   33.65   31.75   29.65   32.81   32.28   33.12   34.19   32.70   28.98   30.03   29.39   29.07   31.63   30.67   30.67   29.71   31.75   33.75   32.30   31.68   32.28   32.49   31.37   33.75   35.03   33.65   33.23   32.17   35.44   32.91   36.19   35.56   30.50   32.08   33.75   34.81   34.49   32.05   30.89   32.91   33.44   33.97   34.07   34.39   33.12   34.60   37.70   34.18   29.60   30.48   29.37   28.93   27.67   28.53   28.62   27.64   28.21   26.98   26.65   27.27   31.76   27.81   19.02   16.88   22.82   22.82   21.81   20.93   19.59   23.31
    21: YP_003386396|Spirosoma_linguale_   19.86   20.96   20.96   18.90   20.55   20.89   19.01   19.52   25.09   24.74   24.40   17.48   19.31   28.43   25.64   25.41   28.20   75.99   75.08   84.55  100.00   86.67   28.71   28.70   33.12   31.95   28.66   29.30   27.71   27.99   25.32   27.13   26.92   27.88   32.60   30.25   32.06   31.75   28.08   32.81   32.28   32.80   35.14   32.70   31.53   31.31   30.67   31.31   30.99   30.67   30.67   29.71   32.38   33.75   32.92   31.68   33.23   32.81   31.99   31.86   32.80   31.45   31.65   29.94   33.86   31.33   33.97   33.33   30.82   32.70   33.44   32.28   32.59   32.05   30.57   32.59   33.44   34.29   34.38   34.08   34.70   35.24   35.46   32.91   29.28   30.48   30.09   31.13   29.56   30.72   30.19   29.81   29.15   29.21   28.84   29.15   31.45   28.44   18.69   18.18   24.16   23.15   23.49   22.59   19.93   23.31
    22: WP_018618625|Spirosoma_luteum|No   18.84   18.90   20.27   17.87   17.81   18.15   18.18   17.12   23.71   23.02   23.71   18.18   18.97   28.43   25.96   25.74   28.52   75.99   76.60   86.71   86.67  100.00   29.34   30.25   33.44   32.91   29.94   29.62   28.66   28.93   26.28   28.08   26.92   27.88   33.23   30.89   33.33   31.43   29.02   32.49   31.65   32.48   33.55   31.43   28.66   28.75   28.43   28.75   29.07   28.43   28.75   28.43   30.48   33.12   32.30   31.68   31.33   33.12   31.68   34.70   33.44   33.02   32.91   32.17   35.13   33.23   36.83   33.33   30.82   32.39   33.44   33.23   33.23   31.41   29.94   32.59   33.44   35.56   35.33   35.99   35.65   35.87   36.10   33.23   30.84   31.11   30.31   29.87   28.30   29.78   28.93   28.57   29.15   28.57   28.21   28.53   32.39   28.44   18.03   17.53   22.48   21.81   22.82   21.93   19.26   22.64
    23: ZP_05519398|Streptomyces_hygrosc   21.43   18.77   20.48   22.53   20.07   19.73   21.72   20.75   22.18   23.55   23.21   18.75   21.72   33.02   32.27   31.13   37.46   29.75   29.75   27.76   28.71   29.34  100.00   63.35   65.92   63.38   45.14   46.86   44.16   43.79   43.85   41.93   42.54   45.40   51.88   44.62   43.53   42.27   40.00   43.57   44.24   45.14   46.37   42.90   42.09   43.81   44.76   44.76   44.44   43.81   44.44   44.44   44.16   44.38   41.82   41.82   44.03   43.67   42.77   46.50   46.86   46.88   43.30   45.45   47.04   45.91   44.79   46.86   45.65   45.34   46.86   45.91   46.54   47.63   47.96   48.89   46.89   47.19   46.89   48.90   47.20   49.69   44.65   44.24   39.87   40.19   29.84   30.57   30.89   30.48   30.89   31.78   30.79   33.33   33.97   33.33   35.51   35.46   22.80   22.48   30.67   30.67   31.00   31.48   24.50   25.50
    24: WP_019362589|Pseudomonas_fuscova   20.75   20.82   22.18   23.21   22.79   22.79   21.72   23.13   20.82   23.21   22.87   23.26   23.97   34.16   32.27   33.66   36.81   31.27   31.58   31.79   28.70   30.25   63.35  100.00   72.06   66.88   44.51   47.80   44.48   45.20   46.42   43.21   46.98   46.35   49.23   45.11   42.90   42.90   41.56   44.83   43.61   45.31   46.06   43.53   42.09   42.86   43.49   43.17   44.44   42.54   41.59   41.59   43.85   43.75   41.85   42.20   42.45   43.57   40.18   47.34   47.17   46.73   43.17   44.51   45.23   43.40   44.16   44.97   42.59   41.05   43.57   44.34   43.40   44.16   44.51   45.40   46.81   46.91   46.63   47.99   45.71   47.22   44.72   46.15   35.45   37.23   31.00   32.62   32.32   31.91   32.62   31.86   31.91   33.75   31.91   31.61   33.03   33.02   23.70   22.80   31.67   31.67   29.33   29.84   24.83   27.85
    25: WP_019063410|Streptomyces_prunic   19.86   19.59   21.99   23.02   21.58   22.26   21.49   21.92   20.62   23.02   22.68   21.60   22.38   35.03   37.18   32.78   39.54   32.59   33.23   34.08   33.12   33.44   65.92   72.06  100.00   83.49   49.36   50.96   44.59   47.45   47.60   46.50   47.60   49.84   54.78   46.18   45.05   45.05   42.68   45.22   46.18   49.04   49.68   46.50   44.27   46.18   45.86   46.18   45.22   45.22   44.59   45.54   46.01   48.09   42.17   43.45   46.65   47.12   44.41   50.49   51.44   49.68   47.13   48.09   49.04   48.73   47.45   47.13   46.50   46.18   46.33   46.65   46.01   48.40   45.83   46.95   48.73   50.00   50.00   49.52   48.41   50.00   46.18   48.09   39.87   41.83   33.23   32.69   32.36   31.61   33.66   35.14   33.55   34.52   34.52   33.87   32.59   32.36   22.22   25.08   32.44   32.11   30.10   31.13   24.83   26.60
    26: WP_020556226|Streptomyces_scabri   18.84   18.21   20.62   22.34   19.52   19.52   19.83   18.49   20.62   22.34   21.99   21.25   20.98   33.76   34.29   34.55   38.56   32.37   32.37   32.91   31.95   32.91   63.38   66.88   83.49  100.00   46.50   49.04   44.59   46.50   45.37   45.54   45.05   46.96   50.16   43.63   43.13   43.13   40.45   42.36   44.90   47.45   48.09   44.27   42.04   42.68   43.31   43.95   42.04   42.04   41.08   41.40   44.41   45.86   42.81   44.09   44.73   45.51   43.13   50.49   49.20   48.73   45.54   45.86   47.45   46.18   44.27   43.95   44.59   44.90   44.09   45.05   45.05   44.55   43.59   45.34   45.86   47.45   48.09   47.28   45.86   47.45   45.22   46.82   37.94   40.20   33.55   32.36   31.72   31.61   32.69   34.19   33.87   33.55   33.55   32.90   34.19   32.69   20.59   23.13   29.10   29.77   29.10   29.80   24.49   25.93
    27: WP_019122681|Brevibacillus_sp_ph   18.77   21.23   20.21   20.89   20.48   19.80   21.40   19.80   20.21   22.26   21.92   19.79   21.60   31.76   33.87   34.77   38.76   32.59   34.19   30.57   28.66   29.94   45.14   44.51   49.36   46.50  100.00   61.01   54.57   55.49   59.94   59.87   58.41   56.83   56.47   47.47   48.25   46.98   53.31   52.85   55.49   58.31   57.41   56.33   50.32   52.06   52.38   52.06   53.97   53.65   55.24   54.60   59.37   58.68   52.06   52.70   55.24   52.87   51.43   56.59   55.84   54.57   48.90   51.10   52.98   51.27   50.95   50.79   51.41   50.16   52.06   51.43   50.48   48.26   49.84   51.44   51.41   51.10   50.78   50.31   50.16   51.10   51.89   53.92   37.38   35.39   33.65   32.15   32.15   31.41   33.44   34.28   34.94   35.90   35.58   34.62   35.22   37.74   22.48   23.78   27.67   26.67   28.00   27.54   23.99   23.83
    28: WP_019395282|Bacillus_endophytic   18.09   17.81   18.84   19.86   19.45   20.14   20.58   18.77   17.81   21.23   20.55   21.18   20.56   33.75   31.31   31.13   38.11   32.27   31.95   30.25   29.30   29.62   46.86   47.80   50.96   49.04   61.01  100.00   56.47   61.32   62.03   61.32   60.63   59.05   58.36   49.68   48.57   50.16   48.26   52.53   53.46   55.97   55.84   52.53   49.68   49.52   51.75   51.75   53.33   53.65   52.38   53.33   53.97   54.26   49.21   49.52   52.70   52.55   51.43   56.91   55.84   56.47   47.80   47.80   54.09   52.22   52.85   50.79   49.69   48.74   52.38   50.16   50.79   49.05   50.63   50.80   54.72   55.35   55.35   54.57   53.46   54.40   48.26   51.26   36.42   36.69   30.77   32.48   32.48   30.77   32.48   32.18   31.41   32.37   32.05   32.05   34.07   35.16   21.17   23.45   29.33   28.67   29.33   31.48   21.28   26.51
    29: ZP_05655307|Enterococcus_casseli   18.43   18.15   19.18   17.47   20.48   19.45   20.16   20.14   19.52   21.92   20.89   19.44   21.95   33.54   30.99   34.77   35.18   31.63   32.27   30.25   27.71   28.66   44.16   44.48   44.59   44.59   54.57   56.47  100.00   64.35   65.40   66.25   63.17   62.86   50.95   46.52   49.84   49.52   52.05   49.05   51.42   50.79   51.27   50.63   48.10   48.89   49.52   48.25   52.38   50.16   49.21   49.84   55.24   52.68   50.16   46.98   48.89   47.77   48.89   55.31   55.38   56.15   47.00   46.06   53.63   49.68   51.27   47.95   46.37   44.79   47.30   46.03   47.62   46.98   46.35   47.92   52.37   54.26   53.63   52.85   53.31   53.63   51.58   52.05   36.42   37.34   33.65   32.15   33.12   32.05   33.12   34.81   33.97   32.37   32.37   32.05   31.96   35.48   19.87   22.15   26.67   26.67   32.00   33.55   21.62   24.16
    30: YP_003672363|Geobacillus_sp_C56-   18.71   20.14   20.14   20.14   20.75   20.41   20.49   19.39   19.45   21.50   21.16   17.71   20.96   31.13   29.71   31.13   32.57   31.55   31.23   29.87   27.99   28.93   43.79   45.20   47.45   46.50   55.49   61.32   64.35  100.00   67.51   66.77   67.30   66.98   51.71   43.35   47.63   47.00   49.06   52.04   55.45   52.98   54.26   53.00   50.63   51.43   53.33   52.70   53.97   53.97   53.33   53.65   55.21   55.00   52.04   51.72   51.26   50.16   51.10   53.97   56.29   53.89   46.42   46.71   52.02   50.63   51.74   48.11   48.92   46.44   49.84   48.43   49.69   49.53   49.22   50.16   49.23   52.50   50.93   50.78   50.31   52.19   48.11   49.53   37.54   38.78   33.54   31.43   30.79   30.06   30.16   33.23   33.23   32.91   32.91   31.96   33.23   32.80   23.13   24.10   29.00   29.67   32.33   33.11   20.13   25.50
    31: EPZ52841|Alicyclobacillus_acidot   19.93   20.34   20.69   21.38   19.93   20.62   19.92   21.31   20.69   23.79   22.07   20.98   23.51   32.92   31.41   33.11   34.43   30.55   28.62   26.60   25.32   26.28   43.85   46.42   47.60   45.37   59.94   62.03   65.40   67.51  100.00   71.47   72.06   69.84   54.60   46.50   46.65   46.96   53.97   55.10   53.94   56.60   56.96   56.05   50.96   51.59   51.91   51.27   53.82   54.46   51.91   53.50   58.47   57.78   49.84   50.48   53.99   53.21   53.04   57.93   55.70   54.92   47.80   47.63   51.08   50.00   51.27   47.62   47.80   46.23   48.56   48.88   48.88   46.98   48.57   50.16   50.15   50.77   51.08   49.69   48.91   49.85   47.98   49.84   36.33   36.93   30.97   30.74   32.04   30.00   31.72   33.33   31.61   32.26   31.61   31.29   32.72   37.66   24.10   23.78   29.67   30.00   32.33   33.44   22.11   23.83
    32: WP_019004508|Cohnella_laeviribos   17.35   20.14   18.43   18.43   19.05   19.39   20.49   19.73   20.48   22.53   22.18   21.18   20.34   30.00   31.95   34.11   36.48   31.01   30.70   28.71   27.13   28.08   41.93   43.21   46.50   45.54   59.87   61.32   66.25   66.77   71.47  100.00   73.02   72.06   52.19   47.47   47.00   44.16   51.88   54.23   55.14   56.25   57.10   54.89   52.22   53.65   53.33   52.38   55.56   55.56   54.60   55.24   57.73   57.50   50.00   49.06   53.77   52.85   52.83   57.96   56.29   56.56   46.89   47.34   55.11   51.57   53.63   49.06   48.30   47.68   51.26   50.63   51.26   47.63   49.53   51.43   52.47   54.35   54.94   53.58   52.78   54.35   52.50   54.80   38.29   39.55   34.92   33.44   33.76   31.11   32.48   34.98   35.56   33.65   33.97   33.65   34.37   39.94   24.43   25.41   29.67   29.67   33.67   33.44   23.15   22.82
    33: WP_006447594|Alicyclobacillus_he   17.53   20.34   18.97   21.38   19.59   19.93   19.50   19.59   20.34   21.38   20.34   21.33   21.75   30.16   30.45   33.11   35.08   29.90   30.55   27.88   26.92   26.92   42.54   46.98   47.60   45.05   58.41   60.63   63.17   67.30   72.06   73.02  100.00   77.46   54.78   47.77   47.92   45.69   53.65   56.37   55.56   57.14   58.10   56.37   53.82   55.41   54.78   53.50   54.78   57.96   54.78   55.73   56.87   57.14   50.80   49.84   53.67   51.60   51.76   56.96   56.83   55.87   46.98   46.67   54.29   50.64   50.00   49.52   49.52   48.25   49.52   49.52   48.24   48.56   48.24   49.52   51.43   52.70   52.38   51.91   50.16   51.43   47.30   49.84   37.62   36.93   32.26   32.04   33.01   30.65   33.01   34.71   34.52   33.23   32.90   33.23   34.39   35.71   24.10   24.43   29.00   28.67   32.67   31.91   21.43   24.50
    34: YP_003185016|Alicyclobacillus_ac   18.21   20.00   18.97   19.66   18.90   18.56   18.67   19.59   20.34   21.72   21.38   19.58   21.05   29.84   32.05   33.77   34.43   29.26   30.23   30.13   27.88   27.88   45.40   46.35   49.84   46.96   56.83   59.05   62.86   66.98   69.84   72.06   77.46  100.00   55.10   45.22   45.69   45.37   51.11   52.23   54.29   57.46   60.32   54.14   56.37   56.69   56.37   56.37   57.64   58.60   56.05   56.05   56.55   55.87   51.12   49.52   53.04   50.32   50.48   55.66   56.19   54.92   44.76   45.08   53.97   51.27   50.64   49.21   46.98   46.67   48.56   48.56   48.24   47.28   47.92   49.20   51.11   53.65   53.65   50.32   50.79   52.06   47.30   50.48   39.55   39.87   32.58   33.98   33.01   31.94   33.01   34.08   32.90   31.94   31.94   31.61   33.12   33.44   23.45   24.76   28.33   28.67   31.00   30.92   21.43   24.83
    35: YP_642989|Rubrobacter_xylanophil   19.05   19.80   21.16   21.84   22.11   22.45   21.72   21.09   22.18   23.21   23.21   19.79   24.32   36.71   35.14   33.33   38.89   34.91   34.91   32.92   32.60   33.23   51.88   49.23   54.78   50.16   56.47   58.36   50.95   51.71   54.60   52.19   54.78   55.10  100.00   51.90   52.37   52.05   51.56   54.86   52.81   57.86   57.73   56.47   51.90   53.33   52.06   52.06   53.33   54.29   53.65   54.60   55.21   54.69   48.44   48.44   51.26   52.52   49.69   58.23   58.49   57.32   50.00   50.94   57.50   55.35   54.57   54.09   50.62   50.93   54.55   52.20   51.89   50.32   53.46   51.43   56.35   58.62   56.39   56.60   53.27   54.23   52.05   54.06   36.79   37.06   30.60   29.11   30.70   28.71   30.06   32.61   31.23   34.38   33.12   32.18   34.16   35.24   21.50   21.82   29.43   30.43   31.44   31.91   22.48   26.60
    36: YP_003388810|Spirosoma_linguale_   20.07   20.48   19.45   21.84   20.41   21.43   21.31   20.75   23.21   24.23   23.55   19.03   25.00   30.48   29.62   29.70   29.97   33.55   34.19   31.85   30.25   30.89   44.62   45.11   46.18   43.63   47.47   49.68   46.52   43.35   46.50   47.47   47.77   45.22   51.90  100.00   63.92   64.24   51.10   53.31   48.58   50.16   50.95   52.05   47.00   46.20   47.15   47.78   50.32   49.37   49.05   49.68   50.63   50.16   45.89   49.05   48.10   49.52   49.05   56.09   58.54   58.99   50.16   50.79   57.73   52.68   52.37   54.89   52.05   51.42   52.53   52.22   51.90   53.33   52.38   52.87   56.15   55.52   56.47   58.86   58.04   57.73   52.53   54.26   34.71   33.66   29.07   29.17   31.09   28.43   28.53   30.06   31.95   30.03   30.99   30.67   31.33   29.90   20.06   19.48   26.00   26.00   26.00   26.73   20.54   21.48
    37: YP_006874602|Emticicia_oligotrop   18.31   19.05   19.73   21.09   21.36   22.71   20.82   21.69   23.47   24.15   24.15   19.72   24.48   32.17   34.50   34.11   32.03   35.03   35.67   33.65   32.06   33.33   43.53   42.90   45.05   43.13   48.25   48.57   49.84   47.63   46.65   47.00   47.92   45.69   52.37   63.92  100.00   83.65   49.37   51.89   53.46   53.48   55.56   55.84   49.37   50.48   50.16   51.11   53.33   53.02   52.70   52.38   53.00   54.09   52.68   52.68   52.68   52.05   49.53   56.23   56.33   56.92   51.57   52.22   56.60   54.40   52.68   54.26   54.09   53.46   54.26   53.63   53.94   52.55   52.22   54.29   55.97   59.31   56.29   58.54   59.75   58.68   55.87   55.66   35.56   36.13   28.98   30.67   29.71   29.94   30.03   29.65   32.17   32.17   31.21   31.21   29.97   33.65   21.50   21.82   29.77   31.10   27.42   27.15   20.81   23.57
    38: YP_004655105|Runella_slithyformi   19.66   20.41   22.11   22.79   23.05   23.05   22.04   22.71   21.77   23.13   23.13   18.69   24.48   32.17   32.91   33.11   33.01   34.39   35.67   31.75   31.75   31.43   42.27   42.90   45.05   43.13   46.98   50.16   49.52   47.00   46.96   44.16   45.69   45.37   52.05   64.24   83.65  100.00   51.26   53.77   53.46   56.33   55.87   55.52   50.63   50.79   51.11   52.38   52.06   52.06   51.75   51.75   53.31   53.46   52.37   53.63   53.00   50.16   48.90   55.91   57.28   57.55   54.09   55.70   55.66   55.97   54.26   55.21   55.97   55.35   55.52   53.63   52.37   52.87   54.11   55.24   59.12   59.62   56.92   59.18   58.49   58.04   52.70   52.52   36.51   35.81   30.25   31.63   30.35   31.21   30.35   29.65   31.53   33.44   31.85   31.85   31.23   33.33   21.17   21.17   29.43   30.43   26.42   27.48   19.46   23.91
    39: WP_019180387|Microbacterium_yann   19.66   19.73   21.09   20.07   19.32   18.98   21.22   20.68   20.75   22.45   22.45   19.38   22.34   27.22   29.62   29.04   29.97   30.38   30.06   29.65   28.08   29.02   40.00   41.56   42.68   40.45   53.31   48.26   52.05   49.06   53.97   51.88   53.65   51.11   51.56   51.10   49.37   51.26  100.00   67.19   62.81   60.06   59.62   60.06   53.00   55.06   55.38   54.11   55.70   55.70   54.11   54.11   57.55   58.88   55.49   55.17   58.62   57.41   54.86   59.05   56.92   57.94   52.19   52.83   54.69   55.17   55.66   55.80   53.89   53.27   53.29   53.92   53.61   53.48   52.52   52.53   53.89   53.29   52.96   53.46   51.40   50.16   51.42   49.69   30.91   30.45   30.06   30.48   31.11   30.38   30.79   29.06   31.65   30.38   30.06   30.06   27.50   31.53   20.78   21.43   25.33   25.00   26.67   27.63   20.07   23.83
    40: WP_003802812|Arthrobacter_globif   18.31   18.37   20.75   20.75   19.32   18.98   19.18   17.97   20.75   21.77   21.77   21.11   22.68   30.79   29.62   30.69   33.22   33.54   32.91   32.81   32.81   32.49   43.57   44.83   45.22   42.36   52.85   52.53   49.05   52.04   55.10   54.23   56.37   52.23   54.86   53.31   51.89   53.77   67.19  100.00   71.79   68.77   67.72   68.24   58.36   60.76   60.13   60.13   62.66   63.92   62.97   63.61   66.04   66.25   60.50   60.82   63.01   60.88   57.68   62.54   60.57   61.87   54.55   55.21   58.93   57.37   61.32   61.32   57.19   58.12   57.05   57.68   56.11   55.87   58.36   58.23   57.81   56.29   56.56   56.15   54.38   55.66   51.90   53.92   33.12   31.41   32.91   31.43   31.75   31.01   31.11   31.66   31.65   33.23   32.28   32.28   31.35   32.80   21.43   24.68   27.67   27.00   30.00   31.02   22.07   24.83
    41: WP_005237880|Rhodococcus_opacus|   19.66   19.73   19.73   18.71   20.00   20.68   20.00   20.68   22.45   24.49   24.15   21.45   23.10   31.13   30.89   35.64   32.90   32.38   33.02   32.28   32.28   31.65   44.24   43.61   46.18   44.90   55.49   53.46   51.42   55.45   53.94   55.14   55.56   54.29   52.81   48.58   53.46   53.46   62.81   71.79  100.00   67.81   69.50   68.87   64.04   66.14   66.14   64.24   65.82   68.67   66.46   67.41   68.55   71.88   60.06   62.26   63.52   58.68   57.55   61.15   58.93   58.75   57.14   58.44   59.63   58.62   60.69   59.25   57.14   56.83   57.86   58.18   55.97   57.23   57.50   57.28   55.28   55.76   55.90   55.31   53.42   55.14   54.55   54.35   34.81   34.73   35.87   35.03   35.35   35.24   36.62   35.83   35.56   35.87   34.92   34.60   32.71   34.82   25.00   27.60   32.33   32.00   32.33   31.15   23.75   26.51
    42: WP_020422912|Amycolatopsis_sp_AT   18.37   18.77   20.48   20.82   20.41   20.41   19.67   19.39   23.89   25.26   24.57   21.80   23.26   32.29   31.21   34.65   34.53   33.23   33.23   33.12   32.80   32.48   45.14   45.31   49.04   47.45   58.31   55.97   50.79   52.98   56.60   56.25   57.14   57.46   57.86   50.16   53.48   56.33   60.06   68.77   67.81  100.00   86.79   73.19   65.62   67.41   67.09   66.46   68.67   68.99   68.04   68.67   74.37   75.79   62.66   62.97   69.62   65.40   64.56   63.78   62.26   62.58   54.52   55.31   61.68   57.73   58.68   58.18   58.57   58.88   60.44   58.86   56.96   55.97   57.86   58.28   57.94   57.01   57.63   58.75   54.52   55.76   53.12   54.21   35.03   33.33   33.23   33.65   33.01   31.63   33.01   33.12   32.59   33.55   32.91   31.95   35.62   35.37   22.08   25.65   28.67   28.00   30.67   30.49   21.89   23.15
    43: WP_004558689|Amycolatopsis_vanco   20.82   20.89   21.23   22.26   20.48   20.82   18.52   20.48   23.97   27.05   26.37   22.22   24.74   32.49   31.53   36.30   34.64   33.33   33.65   34.19   35.14   33.55   46.37   46.06   49.68   48.09   57.41   55.84   51.27   54.26   56.96   57.10   58.10   60.32   57.73   50.95   55.56   55.87   59.62   67.72   69.50   86.79  100.00   74.68   66.14   68.35   67.41   68.35   70.57   70.57   69.30   70.25   74.60   74.13   63.49   62.54   68.57   65.61   64.44   64.63   62.46   62.46   55.66   55.66   61.32   58.54   59.49   58.04   58.49   58.49   60.63   59.68   59.05   56.01   59.49   59.11   57.23   57.55   57.86   58.04   55.66   56.60   53.77   54.72   36.10   35.71   33.97   34.73   34.73   32.37   34.08   33.12   32.69   32.37   31.41   31.09   35.33   37.10   25.00   25.97   29.33   28.33   32.33   33.44   22.30   24.50
    44: WP_020545901|Nonomuraea_coxensis   19.66   18.37   20.41   21.43   19.66   20.34   18.78   20.34   23.13   24.49   23.81   20.76   25.26   31.11   30.25   31.68   32.57   33.76   33.76   32.70   32.70   31.43   42.90   43.53   46.50   44.27   56.33   52.53   50.63   53.00   56.05   54.89   56.37   54.14   56.47   52.05   55.84   55.52   60.06   68.24   68.87   73.19   74.68  100.00   65.93   68.67   68.04   68.35   73.10   73.42   73.10   75.00   76.03   74.84   62.46   62.46   65.62   61.08   59.31   63.58   64.04   64.15   54.40   54.89   59.43   57.86   56.60   57.23   54.40   54.72   55.84   56.47   54.57   53.97   56.33   57.46   58.49   57.23   57.55   57.10   55.03   55.97   52.53   53.14   35.24   34.19   33.12   32.27   30.99   31.53   32.27   33.44   34.08   33.76   32.48   31.85   34.70   35.26   24.68   26.95   29.00   28.00   29.00   29.37   23.15   24.16
