#
#
#  Percent Identity  Matrix - created by Clustal2.1 
#
#

     1: WP_005081210|Mycobacterium_absce  100.00   50.98   48.18   47.21   48.52   47.04   52.92   52.61   54.25   54.25   52.13   49.51   50.00   50.66   53.62   50.65   51.63   51.63   50.49   51.80   54.10   54.25   51.96   52.79   50.65   51.80   51.48   48.20   50.49   49.51   50.82   50.83   49.84   49.51   47.87   50.16   48.52   49.67   50.49   55.59   58.36   57.84   57.70   22.97   24.66   24.66   25.34   25.00   24.32   25.68   23.65   25.68   25.00   25.68   26.69   26.35   26.69   26.01   24.32   25.00   25.34   25.68   24.66   26.69   24.66   24.66   25.34   25.68   25.68   25.98   25.34   26.35   25.34
     2: BAA98135|Rhodococcus_jostii_RHA1   50.98  100.00   54.10   53.11   55.08   50.98   53.24   52.60   55.05   54.40   53.42   56.21   58.63   56.39   53.44   51.95   54.87   54.55   52.94   52.61   53.75   55.05   51.47   52.44   51.79   54.40   57.00   55.19   55.52   54.55   53.90   52.79   52.94   54.90   53.42   56.03   55.05   57.65   54.07   57.05   54.90   58.12   55.56   23.67   24.67   25.67   26.33   26.67   27.00   28.00   27.67   26.33   26.00   26.00   28.00   28.67   26.67   25.00   25.33   25.67   26.67   26.67   24.33   25.33   24.67   24.33   24.67   25.67   26.00   26.32   27.00   26.67   26.00
     3: WP_003891830|Mycobacterium_smegm   48.18   54.10  100.00   70.72   70.39   55.26   52.94   54.28   56.39   54.61   59.02   54.93   54.93   60.07   58.55   59.21   57.89   59.87   55.12   55.45   56.39   58.22   60.86   55.74   54.61   55.45   54.79   51.97   54.28   55.26   54.28   55.26   55.78   57.43   55.12   55.45   55.45   57.89   55.78   54.28   56.07   55.41   54.43   26.69   28.04   27.70   28.72   30.07   28.72   29.39   29.05   28.72   27.03   26.69   29.39   27.70   28.38   27.03   26.35   27.03   28.04   28.72   27.70   27.03   26.35   26.35   26.69   27.70   26.35   26.69   27.70   28.04   28.38
     4: WP_003887906|Mycobacterium_phlei   47.21   53.11   70.72  100.00   83.06   52.15   55.52   56.39   55.23   53.44   56.58   55.74   55.74   56.91   56.54   56.72   57.70   58.69   55.59   54.61   54.61   56.07   59.34   56.25   54.75   53.62   53.95   53.62   52.96   54.28   51.97   55.59   55.26   57.24   50.33   53.29   52.30   55.41   52.96   52.46   53.92   53.92   53.27   26.94   27.61   27.61   29.29   29.97   27.95   29.29   29.29   28.96   27.27   26.94   29.29   27.95   28.96   28.28   26.94   28.96   28.96   28.96   28.62   26.60   25.59   25.25   25.59   26.26   26.60   27.66   27.61   28.28   27.95
     5: YP_886370|Mycobacterium_smegmati   48.52   55.08   70.39   83.06  100.00   53.80   57.59   58.36   58.50   57.05   58.88   57.05   57.05   57.57   59.48   58.69   59.67   59.34   56.25   55.26   55.92   56.72   60.98   56.91   55.41   54.28   55.26   53.29   52.63   55.26   52.96   58.22   55.92   56.91   51.32   53.29   52.63   55.74   53.95   57.38   57.19   55.88   55.88   26.60   26.26   26.60   28.28   29.29   28.28   29.97   29.29   28.62   28.28   27.27   28.96   27.95   29.29   28.28   27.27   27.95   28.62   28.96   28.96   28.96   26.26   26.60   27.61   28.28   27.27   28.37   27.61   28.28   28.96
     6: WP_004941491|Streptomyces_mobara   47.04   50.98   55.26   52.15   53.80  100.00   56.90   57.05   56.72   59.67   57.19   60.20   61.31   62.38   59.74   63.28   62.95   64.59   60.66   60.00   61.76   61.31   62.95   63.40   62.95   59.67   58.69   60.78   61.11   61.44   61.11   58.03   57.05   60.33   61.97   61.31   60.33   63.93   62.95   59.08   57.57   58.36   57.57   25.93   24.92   24.24   25.93   24.92   25.25   26.60   27.27   26.60   27.27   26.26   27.61   28.28   27.61   27.27   26.60   26.60   26.94   24.92   24.58   25.59   24.24   24.24   24.58   24.92   24.92   24.82   26.60   26.94   26.94
     7: WP_020872675|Streptomyces_rapamy   52.92   53.24   52.94   55.52   57.59   56.90  100.00   90.10   61.64   65.75   56.01   54.64   57.53   59.66   57.24   57.34   57.68   57.68   58.08   57.73   63.23   64.04   64.73   64.26   62.33   62.33   63.36   61.64   59.93   61.99   60.27   56.40   59.79   61.17   57.53   59.93   59.59   60.27   59.59   64.48   61.86   63.14   61.86   24.03   25.44   26.15   28.27   26.86   26.50   27.92   27.56   26.86   27.92   28.27   28.62   27.56   29.33   26.50   26.86   26.50   27.21   27.92   28.27   29.33   27.21   27.21   28.62   28.62   29.68   29.68   28.62   30.74   29.68
     8: ZP_05519363|Streptomyces_hygrosc   52.61   52.60   54.28   56.39   58.36   57.05   90.10  100.00   62.54   64.17   57.52   56.86   57.65   59.67   60.00   58.12   59.09   59.74   59.48   58.82   65.36   65.47   65.80   64.71   63.52   60.59   61.56   60.91   59.61   61.56   60.26   57.57   59.80   60.78   58.96   61.24   60.91   60.91   58.96   63.61   62.75   62.34   62.42   23.83   23.49   24.83   27.85   26.51   26.51   26.51   26.85   26.51   26.17   26.85   28.19   26.51   27.85   26.17   26.51   26.17   26.85   27.85   27.85   28.86   26.85   27.18   28.19   28.19   29.19   29.33   28.52   29.87   29.87
     9: WP_016570455|Streptomyces_albulu   54.25   55.05   56.39   55.23   58.50   56.72   61.64   62.54  100.00   68.08   59.15   58.17   58.96   58.03   60.78   57.33   61.24   59.61   57.84   56.86   62.75   62.87   61.56   63.40   60.26   57.52   59.80   56.86   57.19   55.56   56.54   59.21   57.19   58.82   57.19   59.80   58.82   61.24   59.80   63.73   64.50   65.58   65.47   25.17   24.83   25.17   28.86   28.86   27.52   29.19   29.53   28.86   28.52   28.86   28.52   26.85   29.87   27.52   27.85   27.18   27.18   29.87   28.19   29.53   27.18   27.52   28.52   29.19   29.19   28.98   28.19   29.19   29.19
    10: WP_007240950|Gordonia_otitidis_N   54.25   54.40   54.61   53.44   57.05   59.67   65.75   64.17   68.08  100.00   59.15   61.44   63.52   62.95   63.28   61.24   62.21   62.87   66.99   65.69   66.99   67.10   62.87   68.30   65.47   60.13   60.13   59.80   61.44   61.44   61.11   61.18   62.42   63.07   62.75   65.36   64.71   65.47   64.71   65.25   65.03   66.45   67.32   25.93   24.92   26.60   27.27   27.61   26.60   29.63   28.96   27.95   26.60   27.27   28.62   28.96   28.62   26.94   27.27   26.94   27.27   29.63   27.95   28.96   26.94   27.61   28.28   28.96   28.62   28.37   28.62   28.62   27.61
    11: WP_020548828|Streptomyces_scabri   52.13   53.42   59.02   56.58   58.88   57.19   56.01   57.52   59.15   59.15  100.00   61.64   62.75   67.11   69.74   64.71   70.26   69.93   66.89   67.21   65.15   64.71   67.32   64.82   63.73   60.33   61.64   56.86   59.15   59.80   60.13   63.28   63.93   65.90   63.61   63.61   63.61   62.42   60.66   56.25   55.08   61.11   58.03   24.92   24.92   23.91   25.93   26.26   23.91   25.59   25.59   25.93   26.26   25.93   25.93   27.27   26.60   25.25   24.58   24.24   24.24   23.91   23.57   23.91   23.91   24.24   23.23   24.24   23.91   25.53   23.91   24.92   25.59
    12: WP_020124614|Streptomyces_canus|   49.51   56.21   54.93   55.74   57.05   60.20   54.64   56.86   58.17   61.44   61.64  100.00   81.05   66.23   67.21   61.76   68.63   67.97   67.54   68.20   66.23   65.69   68.95   68.85   67.32   61.31   62.30   61.31   63.28   62.30   61.64   62.83   60.98   62.95   62.95   66.56   65.57   64.38   63.28   59.02   58.17   62.75   62.75   24.32   25.00   23.65   27.03   26.35   25.34   27.70   28.38   28.38   26.69   27.70   28.72   30.41   28.72   26.69   27.03   26.35   26.01   29.05   26.35   27.03   25.00   25.68   27.03   27.03   27.36   26.33   28.04   26.35   27.36
    13: YP_004814463|Streptomyces_violac   50.00   58.63   54.93   55.74   57.05   61.31   57.53   57.65   58.96   63.52   62.75   81.05  100.00   66.23   61.97   62.21   66.45   68.08   67.65   67.32   66.01   66.78   70.03   68.30   67.10   60.13   60.46   60.13   60.78   61.44   59.48   61.51   62.09   64.05   60.78   64.05   61.76   65.15   63.07   61.31   58.17   62.87   62.42   25.25   26.94   25.25   28.96   25.93   25.93   27.27   28.62   27.61   26.60   27.27   27.61   28.96   27.27   27.95   27.27   26.60   26.26   28.28   27.27   28.28   27.27   26.60   27.61   27.95   28.28   27.66   26.60   26.60   27.95
    14: WP_019632211|Actinomadura_atrame   50.66   56.39   60.07   56.91   57.57   62.38   59.66   59.67   58.03   62.95   67.11   66.23   66.23  100.00   69.08   68.85   71.80   70.82   67.76   67.76   67.11   66.89   68.52   71.38   70.16   62.83   63.82   62.17   65.79   63.82   65.46   66.34   67.76   68.42   65.79   68.42   68.09   66.56   64.80   57.70   56.72   60.98   60.00   25.08   25.76   24.41   26.78   25.42   24.75   27.80   29.15   27.46   27.80   27.12   29.49   29.15   28.81   27.46   27.12   26.10   26.44   27.12   28.14   27.46   26.44   26.78   27.12   27.46   26.78   27.14   26.10   29.83   28.47
    15: WP_020389747|Kribbella_catacumba   53.62   53.44   58.55   56.54   59.48   59.74   57.24   60.00   60.78   63.28   69.74   67.21   61.97   69.08  100.00   66.89   73.44   70.82   67.43   67.11   70.72   69.18   67.87   69.08   68.85   62.83   62.50   62.50   63.16   62.17   62.83   63.82   63.49   64.14   64.80   66.45   66.45   66.23   63.82   58.44   59.22   61.44   61.49   23.33   23.33   22.67   25.33   24.67   23.67   25.00   25.33   25.00   25.33   25.33   26.67   26.33   27.00   24.00   24.00   23.00   24.33   27.00   27.00   26.00   24.00   24.33   24.67   25.33   25.00   24.56   25.33   25.67   26.00
    16: ZP_06776302|Streptomyces_clavuli   50.65   51.95   59.21   56.72   58.69   63.28   57.34   58.12   57.33   61.24   64.71   61.76   62.21   68.85   66.89  100.00   75.00   74.35   62.42   62.75   64.71   63.84   67.75   66.01   63.84   60.91   61.24   58.31   61.24   61.56   61.24   60.20   65.36   66.34   64.50   66.45   65.47   66.12   65.15   60.33   60.46   63.96   61.11   26.25   26.25   25.25   28.24   24.58   24.92   28.57   29.57   27.91   26.58   27.24   27.91   28.57   27.91   28.57   27.57   26.58   26.91   27.57   26.25   26.58   24.58   25.91   25.58   26.25   24.58   24.48   26.25   26.25   27.24
    17: WP_019985479|Streptomyces_sp_Ame   51.63   54.87   57.89   57.70   59.67   62.95   57.68   59.09   61.24   62.21   70.26   68.63   66.45   71.80   73.44   75.00  100.00   81.17   65.69   66.34   68.95   67.75   70.68   67.65   66.45   63.52   64.17   62.21   63.52   63.52   62.87   68.75   66.01   66.01   65.47   67.75   66.78   68.08   67.10   60.66   60.13   62.99   61.76   25.50   25.84   25.50   27.52   25.84   24.16   26.51   28.19   27.18   26.17   26.85   27.52   28.19   28.86   26.51   26.17   25.50   26.17   26.51   25.50   27.18   24.50   25.17   26.85   26.51   25.84   26.50   27.18   26.17   26.51
    18: WP_010265171|Streptomyces_sp|Non   51.63   54.55   59.87   58.69   59.34   64.59   57.68   59.74   59.61   62.87   69.93   67.97   68.08   70.82   70.82   74.35   81.17  100.00   65.36   66.01   68.95   68.40   70.36   67.97   64.82   65.15   65.80   60.91   64.50   62.87   63.52   64.14   65.36   66.67   63.52   65.80   64.82   69.38   67.10   60.66   58.17   62.99   62.42   28.00   27.33   27.33   27.67   26.33   25.33   27.00   28.67   27.33   26.00   26.67   27.67   27.33   29.00   27.00   25.33   26.00   26.67   27.00   26.67   28.00   25.33   25.67   27.00   27.00   26.67   25.96   27.33   26.33   27.67
    19: WP_005177853|Gordonia_aichiensis   50.49   52.94   55.12   55.59   56.25   60.66   58.08   59.48   57.84   66.99   66.89   67.54   67.65   67.76   67.43   62.42   65.69   65.36  100.00   93.14   69.84   66.99   64.71   68.85   69.28   62.09   62.09   62.75   63.40   63.07   63.40   65.79   66.99   66.01   64.05   66.01   66.01   66.01   63.40   60.20   59.67   61.44   59.02   22.56   25.25   23.91   25.93   24.24   23.91   23.91   24.92   24.92   23.91   23.91   26.26   25.59   25.93   25.59   24.58   23.57   23.57   25.59   24.92   25.25   24.24   23.91   24.24   24.58   25.25   25.89   24.24   26.26   25.93
    20: WP_007238703|Gordonia_otitidis_N   51.80   52.61   55.45   54.61   55.26   60.00   57.73   58.82   56.86   65.69   67.21   68.20   67.32   67.76   67.11   62.75   66.34   66.01   93.14  100.00   71.15   68.63   66.34   69.51   70.26   62.09   61.44   61.11   62.42   61.76   63.07   66.45   66.67   67.97   65.36   66.34   65.69   65.69   63.07   59.87   59.02   62.09   59.67   22.56   24.92   23.91   25.59   23.57   23.57   22.90   24.24   25.25   23.57   23.57   25.93   25.59   25.93   25.59   23.91   23.91   23.91   25.25   24.24   24.92   23.57   23.91   23.91   24.58   25.25   25.53   23.91   25.93   25.25
    21: WP_006339353|Gordonia_rhizospher   54.10   53.75   56.39   54.61   55.92   61.76   63.23   65.36   62.75   66.99   65.15   66.23   66.01   67.11   70.72   64.71   68.95   68.95   69.84   71.15  100.00   86.60   68.30   72.31   69.28   64.92   64.92   64.05   64.38   64.05   65.36   64.59   63.93   65.57   62.95   65.25   63.93   66.34   63.61   64.14   63.61   67.32   65.25   23.23   24.24   23.91   26.60   26.26   25.25   25.59   25.93   25.93   25.59   25.59   27.27   26.94   26.94   24.92   25.25   24.92   25.25   26.94   25.25   25.93   23.57   24.24   25.25   25.59   25.93   26.24   26.26   27.27   27.61
    22: WP_020791942|Gordonia_sp_NB4-1Y|   54.25   55.05   58.22   56.07   56.72   61.31   64.04   65.47   62.87   67.10   64.71   65.69   66.78   66.89   69.18   63.84   67.75   68.40   66.99   68.63   86.60  100.00   69.38   71.24   67.75   64.05   64.05   63.40   64.05   63.07   64.38   60.86   63.40   65.03   63.40   65.36   64.05   65.47   64.05   64.26   62.75   65.47   63.40   23.57   24.92   24.24   27.95   26.60   26.26   25.59   26.60   28.28   25.25   25.59   27.95   27.61   26.94   24.24   25.25   24.24   24.58   26.60   25.25   25.93   24.58   24.92   26.26   25.93   25.93   26.60   26.94   27.61   27.27
    23: ZP_05481560|Streptomyces_sp_AA4|   51.96   51.47   60.86   59.34   60.98   62.95   64.73   65.80   61.56   62.87   67.32   68.95   70.03   68.52   67.87   67.75   70.68   70.36   64.71   66.34   68.30   69.38  100.00   73.86   70.03   63.07   63.07   61.11   62.09   62.42   62.75   63.49   68.30   69.93   64.05   66.67   65.36   66.78   64.05   60.66   61.44   62.21   62.09   26.26   27.27   25.93   27.95   26.94   25.25   26.60   27.61   28.62   26.60   26.94   29.29   27.27   27.95   27.61   26.60   26.60   27.27   28.28   26.94   27.61   25.93   26.94   27.61   27.61   27.95   27.30   28.28   28.96   29.29
    24: WP_020670137|Amycolatopsis_nigre   52.79   52.44   55.74   56.25   56.91   63.40   64.26   64.71   63.40   68.30   64.82   68.85   68.30   71.38   69.08   66.01   67.65   67.97   68.85   69.51   72.31   71.24   73.86  100.00   87.25   64.92   64.59   62.42   63.73   62.75   63.07   61.97   67.54   70.49   65.90   68.20   67.54   68.30   65.25   60.53   60.66   64.38   63.93   24.92   26.94   26.94   26.94   25.59   25.93   26.60   27.95   26.94   26.94   26.60   28.28   27.27   27.61   26.94   26.94   25.93   25.93   26.94   25.59   26.26   23.91   24.24   25.59   25.25   25.25   25.18   27.95   26.26   26.60
    25: YP_006812885|Nocardia_brasiliens   50.65   51.79   54.61   54.75   55.41   62.95   62.33   63.52   60.26   65.47   63.73   67.32   67.10   70.16   68.85   63.84   66.45   64.82   69.28   70.26   69.28   67.75   70.03   87.25  100.00   62.42   63.40   62.75   61.76   62.09   60.46   61.84   65.36   69.61   65.69   67.97   66.99   67.10   64.38   57.70   59.48   60.91   61.76   23.23   24.92   25.59   26.26   24.58   24.58   26.26   26.94   24.92   26.26   26.26   28.62   25.59   26.94   25.93   25.93   24.58   25.59   26.26   25.59   25.93   23.23   23.57   24.58   24.92   24.92   24.11   25.93   26.26   25.93
    26: WP_016696324|Rhodococcus_rhodoch   51.80   54.40   55.45   53.62   54.28   59.67   62.33   60.59   57.52   60.13   60.33   61.31   60.13   62.83   62.83   60.91   63.52   65.15   62.09   62.09   64.92   64.05   63.07   64.92   62.42  100.00   89.90   76.22   77.52   76.87   77.52   59.21   66.01   67.97   64.82   67.10   65.80   69.28   66.12   60.20   60.33   60.91   61.31   23.15   24.83   24.50   27.85   25.50   24.83   27.18   27.85   27.18   26.85   27.18   29.87   28.86   29.19   26.17   27.85   26.51   26.51   28.19   26.85   26.85   25.50   25.50   27.18   26.85   27.52   27.21   28.52   27.18   27.18
    27: WP_006930681|Rhodococcus_sp_EsD8   51.48   57.00   54.79   53.95   55.26   58.69   63.36   61.56   59.80   60.13   61.64   62.30   60.46   63.82   62.50   61.24   64.17   65.80   62.09   61.44   64.92   64.05   63.07   64.59   63.40   89.90  100.00   75.24   76.87   75.24   76.22   61.18   64.71   67.32   63.52   66.12   65.80   68.95   65.47   60.53   60.33   61.24   60.98   22.48   23.83   23.49   28.19   24.83   24.83   27.85   27.85   27.18   26.51   26.85   29.53   28.52   28.86   25.84   27.52   26.17   26.17   28.52   26.85   27.18   25.50   25.50   27.18   26.85   27.18   26.86   28.52   27.52   27.52
    28: WP_009478406|Rhodococcus_sp_JVH1   48.20   55.19   51.97   53.62   53.29   60.78   61.64   60.91   56.86   59.80   56.86   61.31   60.13   62.17   62.50   58.31   62.21   60.91   62.75   61.11   64.05   63.40   61.11   62.42   62.75   76.22   75.24  100.00   85.39   87.01   86.36   61.64   65.36   66.67   62.87   66.12   66.45   70.26   65.80   59.87   59.34   59.93   59.02   23.75   24.75   24.41   24.41   25.08   25.08   24.41   25.75   25.75   24.75   25.75   27.42   27.09   26.42   25.08   25.75   25.08   25.75   25.75   24.08   25.08   24.75   24.41   26.09   25.75   25.42   25.70   26.76   26.42   26.09
    29: YP_704844|Rhodococcus_jostii_RHA   50.49   55.52   54.28   52.96   52.63   61.11   59.93   59.61   57.19   61.44   59.15   63.28   60.78   65.79   63.16   61.24   63.52   64.50   63.40   62.42   64.38   64.05   62.09   63.73   61.76   77.52   76.87   85.39  100.00   89.29   91.23   60.98   64.38   65.69   64.17   68.40   68.40   68.30   66.78   59.54   60.00   60.59   60.00   24.75   24.75   24.75   25.75   24.08   23.75   25.42   26.76   27.09   25.75   26.42   27.76   28.43   27.76   25.75   26.42   24.75   25.08   27.42   25.75   25.08   24.75   24.08   26.09   25.75   25.75   26.06   28.43   25.08   24.75
    30: YP_002782542|Rhodococcus_opacus_   49.51   54.55   55.26   54.28   55.26   61.44   61.99   61.56   55.56   61.44   59.80   62.30   61.44   63.82   62.17   61.56   63.52   62.87   63.07   61.76   64.05   63.07   62.42   62.75   62.09   76.87   75.24   87.01   89.29  100.00   93.18   60.98   66.67   66.34   65.80   69.38   69.06   68.63   67.43   60.86   59.67   59.61   57.38   24.75   24.75   24.41   25.08   25.08   24.41   25.42   26.09   27.09   25.42   26.09   27.76   28.43   26.76   24.41   25.42   24.41   24.75   26.42   25.42   25.75   25.08   24.75   26.42   26.42   26.09   26.41   26.42   25.42   26.76
    31: WP_005255173|Rhodococcus_opacus_   50.82   53.90   54.28   51.97   52.96   61.11   60.27   60.26   56.54   61.11   60.13   61.64   59.48   65.46   62.83   61.24   62.87   63.52   63.40   63.07   65.36   64.38   62.75   63.07   60.46   77.52   76.22   86.36   91.23   93.18  100.00   60.98   66.67   66.01   64.50   68.40   69.06   70.26   67.10   59.21   59.67   60.91   59.02   24.41   24.75   24.41   26.09   24.75   24.08   25.08   26.42   27.42   25.75   26.09   28.09   28.43   27.09   25.42   26.42   25.42   25.75   26.76   26.42   26.09   25.42   25.08   27.42   26.76   26.42   26.41   26.76   25.75   26.42
    32: YP_003199647|Nakamurella_multipa   50.83   52.79   55.26   55.59   58.22   58.03   56.40   57.57   59.21   61.18   63.28   62.83   61.51   66.34   63.82   60.20   68.75   64.14   65.79   66.45   64.59   60.86   63.49   61.97   61.84   59.21   61.18   61.64   60.98   60.98   60.98  100.00   73.03   71.71   63.49   67.11   66.45   69.08   66.78   57.10   58.55   59.21   57.24   25.93   26.26   25.93   28.62   27.27   25.93   27.27   28.28   26.94   26.26   26.94   28.96   28.96   29.29   26.94   28.28   27.27   27.27   29.29   27.95   25.93   24.92   25.93   26.60   27.27   26.94   26.60   27.27   28.28   28.62
    33: WP_018158172|Demetria_terragena|   49.84   52.94   55.78   55.26   55.92   57.05   59.79   59.80   57.19   62.42   63.93   60.98   62.09   67.76   63.49   65.36   66.01   65.36   66.99   66.67   63.93   63.40   68.30   67.54   65.36   66.01   64.71   65.36   64.38   66.67   66.67   73.03  100.00   80.72   66.67   71.57   70.59   71.90   68.63   58.88   56.07   59.80   58.03   24.58   26.26   25.25   27.27   26.60   27.27   27.61   27.61   25.25   26.26   26.60   29.29   26.94   27.95   26.60   27.27   26.60   27.27   28.62   26.94   26.94   25.93   26.60   25.93   26.60   26.26   26.60   26.60   28.28   28.96
    34: WP_008360726|Nocardioidaceae_bac   49.51   54.90   57.43   57.24   56.91   60.33   61.17   60.78   58.82   63.07   65.90   62.95   64.05   68.42   64.14   66.34   66.01   66.67   66.01   67.97   65.57   65.03   69.93   70.49   69.61   67.97   67.32   66.67   65.69   66.34   66.01   71.71   80.72  100.00   68.95   72.55   70.59   73.86   70.92   58.88   59.02   62.42   59.02   25.93   26.94   26.26   28.28   28.62   27.95   28.62   28.96   27.95   27.61   27.61   30.30   28.96   30.30   28.28   28.62   28.28   28.62   29.63   27.61   27.61   25.59   26.60   26.94   27.61   28.28   28.01   28.62   28.28   27.95
    35: WP_018565215|Streptomyces_sp_PsT   47.87   53.42   55.12   50.33   51.32   61.97   57.53   58.96   57.19   62.75   63.61   62.95   60.78   65.79   64.80   64.50   65.47   63.52   64.05   65.36   62.95   63.40   64.05   65.90   65.69   64.82   63.52   62.87   64.17   65.80   64.50   63.49   66.67   68.95  100.00   85.34   85.67   73.86   71.66   57.89   60.00   64.17   60.98   25.50   24.83   24.50   27.52   24.83   25.17   28.19   27.85   26.17   26.85   26.85   29.19   27.52   28.86   24.83   27.18   25.50   26.51   26.51   26.17   26.17   25.84   25.84   25.84   26.51   26.17   26.15   26.17   27.18   25.84
    36: WP_005166597|Amycolatopsis_azure   50.16   56.03   55.45   53.29   53.29   61.31   59.93   61.24   59.80   65.36   63.61   66.56   64.05   68.42   66.45   66.45   67.75   65.80   66.01   66.34   65.25   65.36   66.67   68.20   67.97   67.10   66.12   66.12   68.40   69.38   68.40   67.11   71.57   72.55   85.34  100.00   94.46   76.80   70.36   60.20   61.64   66.12   63.93   25.84   25.50   24.50   27.18   26.17   26.17   27.85   28.86   27.18   26.51   27.18   29.19   27.85   29.53   26.51   27.52   26.85   27.52   28.52   27.85   28.19   26.85   27.18   27.85   27.85   27.85   27.92   27.18   28.19   27.18
    37: WP_020636663|Amycolatopsis_alba|   48.52   55.05   55.45   52.30   52.63   60.33   59.59   60.91   58.82   64.71   63.61   65.57   61.76   68.09   66.45   65.47   66.78   64.82   66.01   65.69   63.93   64.05   65.36   67.54   66.99   65.80   65.80   66.45   68.40   69.06   69.06   66.45   70.59   70.59   85.67   94.46  100.00   77.45   71.66   58.22   59.34   63.84   61.97   25.84   25.17   24.16   26.85   25.50   26.17   26.85   27.85   26.51   26.17   26.51   29.19   27.85   28.86   25.50   27.52   26.17   26.51   28.52   27.52   27.18   26.17   25.84   26.85   26.51   27.52   27.56   27.85   27.52   26.85
    38: WP_020415812|Amycolatopsis_sp_AT   49.67   57.65   57.89   55.41   55.74   63.93   60.27   60.91   61.24   65.47   62.42   64.38   65.15   66.56   66.23   66.12   68.08   69.38   66.01   65.69   66.34   65.47   66.78   68.30   67.10   69.28   68.95   70.26   68.30   68.63   70.26   69.08   71.90   73.86   73.86   76.80   77.45  100.00   84.64   61.31   62.42   63.19   62.42   23.91   25.93   25.59   27.61   25.93   26.60   26.26   27.27   25.93   25.93   26.60   28.96   27.95   28.62   26.26   27.27   26.60   27.27   28.28   27.27   26.94   25.93   25.59   26.60   26.60   26.26   26.24   27.27   26.26   27.27
    39: ZP_05511826|Streptomyces_hygrosc   50.49   54.07   55.78   52.96   53.95   62.95   59.59   58.96   59.80   64.71   60.66   63.28   63.07   64.80   63.82   65.15   67.10   67.10   63.40   63.07   63.61   64.05   64.05   65.25   64.38   66.12   65.47   65.80   66.78   67.43   67.10   66.78   68.63   70.92   71.66   70.36   71.66   84.64  100.00   60.86   61.97   61.24   60.66   23.83   24.50   23.83   25.84   26.17   25.84   26.17   26.85   25.84   25.84   25.84   28.86   27.18   28.19   25.50   27.85   26.85   26.85   27.52   26.51   26.17   25.17   24.83   25.50   25.84   26.17   25.80   27.52   26.17   26.85
    40: YP_002780493|Rhodococcus_opacus_   55.59   57.05   54.28   52.46   57.38   59.08   64.48   63.61   63.73   65.25   56.25   59.02   61.31   57.70   58.44   60.33   60.66   60.66   60.20   59.87   64.14   64.26   60.66   60.53   57.70   60.20   60.53   59.87   59.54   60.86   59.21   57.10   58.88   58.88   57.89   60.20   58.22   61.31   60.86  100.00   64.74   65.37   67.42   25.00   25.33   25.33   26.67   25.00   25.67   27.33   28.33   27.00   26.33   27.00   27.67   29.00   27.33   26.00   25.00   24.67   25.00   28.33   26.33   27.67   25.67   26.00   27.00   27.00   27.00   27.37   27.67   27.33   28.00
    41: WP_007530095|Rhodococcus_triatom   58.36   54.90   56.07   53.92   57.19   57.57   61.86   62.75   64.50   65.03   55.08   58.17   58.17   56.72   59.22   60.46   60.13   58.17   59.67   59.02   63.61   62.75   61.44   60.66   59.48   60.33   60.33   59.34   60.00   59.67   59.67   58.55   56.07   59.02   60.00   61.64   59.34   62.42   61.97   64.74  100.00   68.39   71.38   24.33   24.67   25.00   26.00   26.33   25.67   27.00   26.67   27.00   25.67   27.33   29.67   26.67   27.67   27.00   27.00   26.33   27.00   27.67   26.33   27.00   26.00   25.67   26.33   26.67   27.33   26.67   27.33   27.33   27.00
    42: WP_018102904|Streptomyces_sp_LaP   57.84   58.12   55.41   53.92   55.88   58.36   63.14   62.34   65.58   66.45   61.11   62.75   62.87   60.98   61.44   63.96   62.99   62.99   61.44   62.09   67.32   65.47   62.21   64.38   60.91   60.91   61.24   59.93   60.59   59.61   60.91   59.21   59.80   62.42   64.17   66.12   63.84   63.19   61.24   65.37   68.39  100.00   73.05   24.41   26.76   26.09   25.08   25.08   24.75   27.76   27.76   26.09   26.76   27.76   29.10   28.09   27.76   27.42   27.42   27.09   28.09   27.09   26.09   26.09   24.08   24.75   25.75   25.75   26.42   26.06   26.42   27.76   26.76
    43: YP_004810516|Streptomyces_violac   57.70   55.56   54.43   53.27   55.88   57.57   61.86   62.42   65.47   67.32   58.03   62.75   62.42   60.00   61.49   61.11   61.76   62.42   59.02   59.67   65.25   63.40   62.09   63.93   61.76   61.31   60.98   59.02   60.00   57.38   59.02   57.24   58.03   59.02   60.98   63.93   61.97   62.42   60.66   67.42   71.38   73.05  100.00   26.00   26.00   26.33   28.33   27.00   27.00   27.33   28.33   27.67   27.00   28.33   28.67   28.33   29.00   29.00   28.00   27.33   27.67   28.00   26.00   28.33   26.00   26.67   27.00   27.00   27.00   26.67   28.00   28.33   27.67
    44: WP_020656496|Massilia_niastensis   22.97   23.67   26.69   26.94   26.60   25.93   24.03   23.83   25.17   25.93   24.92   24.32   25.25   25.08   23.33   26.25   25.50   28.00   22.56   22.56   23.23   23.57   26.26   24.92   23.23   23.15   22.48   23.75   24.75   24.75   24.41   25.93   24.58   25.93   25.50   25.84   25.84   23.91   23.83   25.00   24.33   24.41   26.00  100.00   76.05   76.32   43.34   45.89   45.33   42.05   43.47   42.33   44.89   44.89   40.78   43.47   44.32   43.47   44.60   44.60   45.17   43.30   40.22   37.99   39.11   38.55   39.39   40.50   40.50   39.75   43.77   44.13   43.87
    45: WP_019449311|Cupriavidus_sp_BIS7   24.66   24.67   28.04   27.61   26.26   24.92   25.44   23.49   24.83   24.92   24.92   25.00   26.94   25.76   23.33   26.25   25.84   27.33   25.25   24.92   24.24   24.92   27.27   26.94   24.92   24.83   23.83   24.75   24.75   24.75   24.75   26.26   26.26   26.94   24.83   25.50   25.17   25.93   24.50   25.33   24.67   26.76   26.00   76.05  100.00   87.63   44.48   44.48   45.61   41.19   42.90   43.75   42.05   42.61   41.06   43.75   44.03   42.33   42.33   43.18   43.47   44.13   41.34   39.39   40.22   38.83   39.39   40.22   41.34   41.30   44.68   44.69   44.44
    46: YP_004688856|Cupriavidus_necator   24.66   25.67   27.70   27.61   26.60   24.24   26.15   24.83   25.17   26.60   23.91   23.65   25.25   24.41   22.67   25.25   25.50   27.33   23.91   23.91   23.91   24.24   25.93   26.94   25.59   24.50   23.49   24.41   24.75   24.41   24.41   25.93   25.25   26.26   24.50   24.50   24.16   25.59   23.83   25.33   25.00   26.09   26.33   76.32   87.63  100.00   44.48   45.89   45.89   40.62   42.05   43.75   42.61   42.90   41.62   43.75   43.75   43.18   41.76   42.90   44.03   44.13   42.46   39.39   41.06   39.66   41.06   41.34   42.74   41.30   44.98   43.85   43.02
    47: WP_007183677|Hydrocarboniphaga_e   25.34   26.33   28.72   29.29   28.28   25.93   28.27   27.85   28.86   27.27   25.93   27.03   28.96   26.78   25.33   28.24   27.52   27.67   25.93   25.59   26.60   27.95   27.95   26.94   26.26   27.85   28.19   24.41   25.75   25.08   26.09   28.62   27.27   28.28   27.52   27.18   26.85   27.61   25.84   26.67   26.00   25.08   28.33   43.34   44.48   44.48  100.00   68.07   68.07   61.80   64.33   65.17   66.57   66.01   63.59   66.29   67.42   64.61   66.85   65.17   65.45   68.35   65.83   64.71   64.71   65.83   66.11   65.83   66.39   66.56   64.86   68.07   67.32
    48: YP_006819853|Alcanivorax_dieselo   25.00   26.67   30.07   29.97   29.29   24.92   26.86   26.51   28.86   27.61   26.26   26.35   25.93   25.42   24.67   24.58   25.84   26.33   24.24   23.57   26.26   26.60   26.94   25.59   24.58   25.50   24.83   25.08   24.08   25.08   24.75   27.27   26.60   28.62   24.83   26.17   25.50   25.93   26.17   25.00   26.33   25.08   27.00   45.89   44.48   45.89   68.07  100.00   80.39   66.01   66.57   69.10   69.94   70.22   66.11   67.13   68.26   64.61   68.82   67.42   66.85   69.19   64.43   63.31   64.71   64.15   65.27   64.71   66.11   65.03   64.26   68.35   69.58
    49: WP_008737443|Alcanivorax_pacific   24.32   27.00   28.72   27.95   28.28   25.25   26.50   26.51   27.52   26.60   23.91   25.34   25.93   24.75   23.67   24.92   24.16   25.33   23.91   23.57   25.25   26.26   25.25   25.93   24.58   24.83   24.83   25.08   23.75   24.41   24.08   25.93   27.27   27.95   25.17   26.17   26.17   26.60   25.84   25.67   25.67   24.75   27.00   45.33   45.61   45.89   68.07   80.39  100.00   64.04   66.57   68.82   69.10   69.38   66.11   68.26   69.10   66.57   68.82   68.82   69.10   68.91   66.95   64.15   65.27   63.87   65.27   65.27   66.11   66.26   65.47   69.75   70.70
    50: WP_006029484|Burkholderia_thaila   25.68   28.00   29.39   29.29   29.97   26.60   27.92   26.51   29.19   29.63   25.59   27.70   27.27   27.80   25.00   28.57   26.51   27.00   23.91   22.90   25.59   25.59   26.60   26.60   26.26   27.18   27.85   24.41   25.42   25.42   25.08   27.27   27.61   28.62   28.19   27.85   26.85   26.26   26.17   27.33   27.00   27.76   27.33   42.05   41.19   40.62   61.80   66.01   64.04  100.00   88.48   71.63   73.60   73.31   72.75   71.63   74.44   70.51   73.88   72.75   74.16   62.92   62.36   62.64   61.80   61.24   63.20   63.20   63.20   61.66   62.76   65.17   67.04
    51: YP_624932|Burkholderia_cenocepac   23.65   27.67   29.05   29.29   29.29   27.27   27.56   26.85   29.53   28.96   25.59   28.38   28.62   29.15   25.33   29.57   28.19   28.67   24.92   24.24   25.93   26.60   27.61   27.95   26.94   27.85   27.85   25.75   26.76   26.09   26.42   28.28   27.61   28.96   27.85   28.86   27.85   27.27   26.85   28.33   26.67   27.76   28.33   43.47   42.90   42.05   64.33   66.57   66.57   88.48  100.00   75.84   76.97   76.97   73.60   73.60   76.12   73.31   75.28   74.72   76.40   65.17   62.64   63.76   62.92   62.64   64.04   64.33   64.61   62.88   63.96   66.57   68.73
    52: ZP_03571993|Burkholderia_multivo   25.68   26.33   28.72   28.96   28.62   26.60   26.86   26.51   28.86   27.95   25.93   28.38   27.61   27.46   25.00   27.91   27.18   27.33   24.92   25.25   25.93   28.28   28.62   26.94   24.92   27.18   27.18   25.75   27.09   27.09   27.42   26.94   25.25   27.95   26.17   27.18   26.51   25.93   25.84   27.00   27.00   26.09   27.67   42.33   43.75   43.75   65.17   69.10   68.82   71.63   75.84  100.00   76.12   76.69   76.69   73.60   79.49   73.03   73.03   73.88   74.16   66.01   64.89   66.01   64.61   63.76   64.61   65.73   66.29   65.95   66.67   68.82   70.14
    53: EPX97723|Ralstonia_sp_AU12-08|No   25.00   26.00   27.03   27.27   28.28   27.27   27.92   26.17   28.52   26.60   26.26   26.69   26.60   27.80   25.33   26.58   26.17   26.00   23.91   23.57   25.59   25.25   26.60   26.94   26.26   26.85   26.51   24.75   25.75   25.42   25.75   26.26   26.26   27.61   26.85   26.51   26.17   25.93   25.84   26.33   25.67   26.76   27.00   44.89   42.05   42.61   66.57   69.94   69.10   73.60   76.97   76.12  100.00   93.82   77.53   75.56   79.78   75.56   78.65   76.12   77.53   65.45   66.01   66.29   65.45   65.73   66.29   67.13   66.57   66.26   66.67   73.03   71.83
    54: WP_009239799|Ralstonia_sp_5_2_56   25.68   26.00   26.69   26.94   27.27   26.26   28.27   26.85   28.86   27.27   25.93   27.70   27.27   27.12   25.33   27.24   26.85   26.67   23.91   23.57   25.59   25.59   26.94   26.60   26.26   27.18   26.85   25.75   26.42   26.09   26.09   26.94   26.60   27.61   26.85   27.18   26.51   26.60   25.84   27.00   27.33   27.76   28.33   44.89   42.61   42.90   66.01   70.22   69.38   73.31   76.97   76.69   93.82  100.00   78.09   76.40   80.06   76.69   78.37   76.40   77.81   66.01   65.17   66.01   65.45   65.45   66.29   67.42   65.73   65.64   67.27   72.19   72.68
    55: ZP_06295942|Burkholderia_sp_CCGE   26.69   28.00   29.39   29.29   28.96   27.61   28.62   28.19   28.52   28.62   25.93   28.72   27.61   29.49   26.67   27.91   27.52   27.67   26.26   25.93   27.27   27.95   29.29   28.28   28.62   29.87   29.53   27.42   27.76   27.76   28.09   28.96   29.29   30.30   29.19   29.19   29.19   28.96   28.86   27.67   29.67   29.10   28.67   40.78   41.06   41.62   63.59   66.11   66.11   72.75   73.60   76.69   77.53   78.09  100.00   73.88   80.62   76.12   77.81   75.84   77.53   63.09   63.36   62.53   61.43   61.98   62.53   63.36   63.91   65.34   65.17   67.22   68.73
    56: YP_001585761|Burkholderia_multiv   26.35   28.67   27.70   27.95   27.95   28.28   27.56   26.51   26.85   28.96   27.27   30.41   28.96   29.15   26.33   28.57   28.19   27.33   25.59   25.59   26.94   27.61   27.27   27.27   25.59   28.86   28.52   27.09   28.43   28.43   28.43   28.96   26.94   28.96   27.52   27.85   27.85   27.95   27.18   29.00   26.67   28.09   28.33   43.47   43.75   43.75   66.29   67.13   68.26   71.63   73.60   73.60   75.56   76.40   73.88  100.00   81.18   73.31   76.97   75.00   75.84   67.13   65.73   64.61   64.89   66.29   65.17   66.57   66.85   67.18   68.47   67.70   69.30
    57: YP_001811942|Burkholderia_ambifa   26.69   26.67   28.38   28.96   29.29   27.61   29.33   27.85   29.87   28.62   26.60   28.72   27.27   28.81   27.00   27.91   28.86   29.00   25.93   25.93   26.94   26.94   27.95   27.61   26.94   29.19   28.86   26.42   27.76   26.76   27.09   29.29   27.95   30.30   28.86   29.53   28.86   28.62   28.19   27.33   27.67   27.76   29.00   44.32   44.03   43.75   67.42   68.26   69.10   74.44   76.12   79.49   79.78   80.06   80.62   81.18  100.00   79.49   83.15   81.74   83.15   67.70   68.26   66.57   66.01   66.85   66.57   67.70   68.82   68.10   69.07   70.22   71.55
    58: WP_020065725|Burkholderia_bryoph   26.01   25.00   27.03   28.28   28.28   27.27   26.50   26.17   27.52   26.94   25.25   26.69   27.95   27.46   24.00   28.57   26.51   27.00   25.59   25.59   24.92   24.24   27.61   26.94   25.93   26.17   25.84   25.08   25.75   24.41   25.42   26.94   26.60   28.28   24.83   26.51   25.50   26.26   25.50   26.00   27.00   27.42   29.00   43.47   42.33   43.18   64.61   64.61   66.57   70.51   73.31   73.03   75.56   76.69   76.12   73.31   79.49  100.00   83.99   85.96   85.11   64.04   65.73   64.61   63.48   64.33   64.33   65.45   65.73   64.42   65.47   68.54   68.45
    59: YP_001859722|Burkholderia_phymat   24.32   25.33   26.35   26.94   27.27   26.60   26.86   26.51   27.85   27.27   24.58   27.03   27.27   27.12   24.00   27.57   26.17   25.33   24.58   23.91   25.25   25.25   26.60   26.94   25.93   27.85   27.52   25.75   26.42   25.42   26.42   28.28   27.27   28.62   27.18   27.52   27.52   27.27   27.85   25.00   27.00   27.42   28.00   44.60   42.33   41.76   66.85   68.82   68.82   73.88   75.28   73.03   78.65   78.37   77.81   76.97   83.15   83.99  100.00   87.92   87.36   66.85   67.13   65.17   65.17   65.73   66.01   66.29   67.42   65.64   70.27   71.63   71.27
    60: ZP_03265362|Burkholderia_sp_H160   25.00   25.67   27.03   28.96   27.95   26.60   26.50   26.17   27.18   26.94   24.24   26.35   26.60   26.10   23.00   26.58   25.50   26.00   23.57   23.91   24.92   24.24   26.60   25.93   24.58   26.51   26.17   25.08   24.75   24.41   25.42   27.27   26.60   28.28   25.50   26.85   26.17   26.60   26.85   24.67   26.33   27.09   27.33   44.60   43.18   42.90   65.17   67.42   68.82   72.75   74.72   73.88   76.12   76.40   75.84   75.00   81.74   85.96   87.92  100.00   93.82   65.45   66.29   65.45   64.33   65.17   64.04   66.57   66.01   64.42   67.87   69.66   68.45
    61: YP_003609786|Burkholderia_sp_CCG   25.34   26.67   28.04   28.96   28.62   26.94   27.21   26.85   27.18   27.27   24.24   26.01   26.26   26.44   24.33   26.91   26.17   26.67   23.57   23.91   25.25   24.58   27.27   25.93   25.59   26.51   26.17   25.75   25.08   24.75   25.75   27.27   27.27   28.62   26.51   27.52   26.51   27.27   26.85   25.00   27.00   28.09   27.67   45.17   43.47   44.03   65.45   66.85   69.10   74.16   76.40   74.16   77.53   77.81   77.53   75.84   83.15   85.11   87.36   93.82  100.00   64.89   65.73   65.17   64.33   64.61   63.76   66.29   66.01   64.72   68.47   69.66   69.30
    62: WP_007929156|Pseudomonas_sp_GM17   25.68   26.67   28.72   28.96   28.96   24.92   27.92   27.85   29.87   29.63   23.91   29.05   28.28   27.12   27.00   27.57   26.51   27.00   25.59   25.25   26.94   26.60   28.28   26.94   26.26   28.19   28.52   25.75   27.42   26.42   26.76   29.29   28.62   29.63   26.51   28.52   28.52   28.28   27.52   28.33   27.67   27.09   28.00   43.30   44.13   44.13   68.35   69.19   68.91   62.92   65.17   66.01   65.45   66.01   63.09   67.13   67.70   64.04   66.85   65.45   64.89  100.00   70.25   68.87   67.22   66.94   68.87   67.49   68.04   68.10   71.47   71.35   73.52
    63: WP_020191357|Pseudomonas_putida|   24.66   24.33   27.70   28.62   28.96   24.58   28.27   27.85   28.19   27.95   23.57   26.35   27.27   28.14   27.00   26.25   25.50   26.67   24.92   24.24   25.25   25.25   26.94   25.59   25.59   26.85   26.85   24.08   25.75   25.42   26.42   27.95   26.94   27.61   26.17   27.85   27.52   27.27   26.51   26.33   26.33   26.09   26.00   40.22   41.34   42.46   65.83   64.43   66.95   62.36   62.64   64.89   66.01   65.17   63.36   65.73   68.26   65.73   67.13   66.29   65.73   70.25  100.00   78.24   78.79   79.61   80.72   79.89   79.89   80.98   70.27   73.55   73.24
