#
#
#  Percent Identity  Matrix - created by Clustal2.1 
#
#

     1: tr|A0A2E8J8Z5|A0A2E8J8Z5_9GAMM  100.00   43.89   46.39   46.08   49.12   50.00   54.52   46.06   45.15   46.67   46.85   46.67   47.40   46.48   46.81   46.81   44.82   46.04   45.59   49.24   48.02   48.02   49.54   49.54   49.24   49.24   48.94   48.62   48.33   48.33   48.94   48.62   48.62   48.62   49.24   48.93   49.24   49.24   48.93   48.93   49.24   49.24   49.24   49.24   49.24   49.24   49.24   49.24   48.63   48.63   48.33   48.33   48.94   48.78   47.58   48.48   48.79   47.11   48.33   47.42   46.06   47.26   46.50   46.50   46.50   46.81   46.81   46.81   46.81   46.81   46.50   46.50   46.20   45.90   45.90   46.81   46.50   46.50   46.50   46.20   46.20   46.20   46.50   46.50   46.20   46.50   46.50   47.11   47.11   46.81   46.81   46.81   46.81   46.81   46.50   46.81   46.81   49.24   49.69   47.08   47.85   48.31   47.55   48.46   49.38   49.38   48.62   48.90   49.23   49.23   48.01   50.15   49.85   50.00   49.54   49.85   48.92   48.61   48.30   48.30   48.15   48.64   48.94   48.60   48.62   47.60   48.16   50.16   47.32   46.57   46.57   51.02   51.60   47.02   51.17   49.55   55.25   51.59   52.44   58.45   52.20   54.65   54.65   52.69   53.29   53.08   51.03   52.99   53.59   53.18   53.45   51.64   54.93   52.84   53.16   55.89   56.19   54.55   55.89   55.13   55.02   53.17   52.19   51.62   51.03   50.57
     2: tr|A0A9C9W4G6|A0A9C9W4G6_9GAMM   43.89  100.00   91.64   89.69   46.39   47.32   50.64   57.37   58.62   57.37   57.99   57.68   56.43   56.11   55.35   55.17   56.74   55.49   56.11   57.68   59.25   56.11   56.11   56.11   56.43   56.43   55.49   57.37   56.43   56.43   56.74   57.37   57.37   57.37   57.05   57.05   57.05   57.05   57.05   57.05   57.05   57.05   57.05   57.05   57.05   57.05   57.05   57.05   56.43   56.43   56.11   56.11   56.11   57.05   55.80   55.80   56.11   54.86   55.49   55.80   56.43   56.74   56.74   56.74   56.74   56.74   56.74   55.80   57.05   57.05   56.43   56.43   56.74   56.74   56.43   56.74   57.05   56.43   56.43   56.74   56.74   56.74   56.43   56.43   56.74   56.74   56.11   56.43   56.43   56.43   55.80   55.80   55.80   55.80   56.11   55.80   56.11   50.48   50.64   53.67   54.31   54.17   52.23   50.96   51.29   51.28   52.72   52.77   51.77   51.77   52.06   52.73   52.41   52.94   52.41   52.41   50.80   51.45   51.77   51.77   50.96   53.16   53.33   53.09   53.21   53.35   52.08   51.91   52.87   53.67   53.67   47.48   47.17   51.26   51.90   52.27   55.24   52.05   50.78   52.04   54.29   52.38   53.33   54.87   52.27   53.02   52.70   53.25   50.49   50.63   53.07   51.13   52.10   52.10   50.94   47.91   49.20   49.38   49.20   48.75   51.78   51.45   51.25   51.61   51.13   51.25
     3: tr|A0A7C1U0Z8|A0A7C1U0Z8_9GAMM   46.39   91.64  100.00   93.44   47.02   48.58   52.87   56.74   57.99   56.43   57.05   56.74   56.74   56.11   56.29   55.49   56.43   55.17   56.74   57.05   58.62   56.43   56.74   56.74   57.05   56.74   55.49   57.37   56.74   56.74   56.74   57.05   57.05   57.05   56.74   56.74   56.74   56.74   56.74   56.74   56.74   56.74   56.74   56.74   56.74   56.74   56.74   56.74   57.05   57.05   56.11   56.11   56.11   56.43   55.49   55.80   56.43   54.55   55.49   55.49   55.80   56.11   56.43   56.43   56.43   56.43   56.43   55.17   55.80   55.80   55.17   55.17   55.49   55.49   55.17   56.11   55.80   55.80   55.17   55.49   55.49   55.49   55.80   55.80   55.49   55.49   54.86   55.17   55.17   55.17   54.55   54.55   54.55   54.55   54.86   55.17   54.86   49.84   50.00   53.67   54.31   54.49   52.87   50.96   50.97   50.96   51.76   52.12   51.13   51.13   50.79   52.09   51.77   52.61   52.09   52.09   51.76   51.77   52.09   52.09   51.28   53.80   53.97   53.42   53.53   53.99   53.04   52.87   52.55   53.99   53.99   47.80   47.80   50.94   51.90   52.60   57.46   52.05   52.98   53.29   54.92   52.06   53.65   55.52   52.60   52.38   52.38   54.22   50.81   50.94   53.07   51.46   52.43   52.10   52.50   49.52   50.80   50.63   50.48   50.00   53.07   52.41   53.12   53.23   52.73   52.81
     4: tr|A0A9D0W2X7|A0A9D0W2X7_9GAMM   46.08   89.69   93.44  100.00   46.71   47.63   50.96   55.76   56.70   54.83   55.45   55.14   55.76   54.52   54.06   53.89   55.14   53.58   55.14   56.70   57.32   55.14   55.14   55.14   55.45   55.14   54.21   56.07   55.45   55.45   55.45   55.76   55.76   55.76   55.45   55.45   55.45   55.45   55.45   55.45   55.45   55.45   55.45   55.45   55.45   55.45   55.45   55.45   55.76   55.76   54.83   54.83   54.83   55.45   54.21   54.52   54.83   53.58   54.21   54.52   54.83   54.83   55.14   55.14   55.14   55.14   55.14   54.21   54.83   54.83   54.52   54.52   54.83   54.83   54.52   55.45   55.14   55.14   54.52   54.83   54.83   54.83   55.14   55.14   54.83   54.83   53.89   54.52   54.52   54.52   53.89   53.89   53.89   53.89   54.21   54.52   54.21   49.84   50.00   53.65   53.97   54.46   51.90   50.64   50.64   50.96   51.75   52.10   51.12   51.12   50.79   51.76   51.76   52.60   52.08   52.08   51.11   51.12   51.44   51.44   50.64   52.83   53.00   52.75   52.87   52.70   51.43   50.95   51.90   52.70   52.70   46.23   46.54   50.00   50.95   51.78   56.19   50.94   51.41   52.35   53.80   50.63   52.85   54.69   51.46   51.90   51.90   52.10   49.84   50.63   52.10   51.13   51.13   51.13   51.25   47.91   49.84   49.69   49.84   49.06   51.61   51.13   51.88   51.61   51.45   51.25
     5: tr|A0A9D6TDV2|A0A9D6TDV2_UNCDE   49.12   46.39   47.02   46.71  100.00   61.72   61.56   49.85   49.24   51.66   50.60   51.66   51.52   50.00   49.09   50.91   51.37   51.37   50.91   52.73   51.82   51.21   51.83   51.83   52.13   52.12   51.82   51.22   53.33   53.33   52.12   52.13   52.13   52.13   52.44   52.44   52.44   52.44   52.13   52.44   52.44   52.44   52.44   52.44   52.44   52.44   52.44   52.44   52.12   52.12   52.73   52.73   52.42   50.61   50.00   50.61   50.91   50.61   49.39   50.91   50.15   49.54   50.00   50.00   50.00   49.70   49.70   49.09   50.00   50.00   50.30   50.30   50.00   49.70   50.00   49.70   50.00   49.70   50.00   50.00   50.00   50.00   49.70   49.70   50.00   50.00   50.91   50.91   51.21   50.91   51.21   51.21   51.21   51.21   50.91   50.91   51.21   47.87   48.01   53.37   50.31   49.85   49.39   52.31   53.25   51.08   51.23   51.25   51.54   51.54   51.52   52.16   52.16   53.61   53.09   53.40   52.76   52.47   52.16   52.16   53.87   52.42   52.74   52.50   52.47   49.70   51.84   52.05   50.76   50.91   50.91   56.64   56.05   47.46   51.49   53.52   55.86   52.51   53.37   55.85   52.40   52.84   52.84   55.05   54.13   54.03   52.54   53.05   57.45   56.05   58.97   55.02   54.10   54.55   53.37   55.49   53.35   53.25   53.96   53.55   55.21   56.10   52.06   55.15   54.68   54.12
     6: tr|A0A1G0FJ28|A0A1G0FJ28_9GAMM   50.00   47.32   48.58   47.63   61.72  100.00   70.57   49.08   48.47   49.39   50.00   49.39   50.46   49.54   48.62   48.92   49.69   49.69   49.23   50.46   49.85   49.85   50.15   50.15   50.46   50.15   49.23   49.85   49.85   49.85   49.54   50.15   50.15   50.15   50.15   50.46   50.15   50.15   50.15   50.46   50.46   50.46   50.46   50.46   50.46   50.46   50.46   50.46   48.92   48.92   50.46   50.46   50.46   49.54   48.62   48.30   49.23   48.92   48.31   48.62   49.39   47.84   49.54   49.54   49.54   49.54   49.54   48.92   49.54   49.54   49.23   49.23   49.54   49.23   49.85   48.62   48.92   49.23   49.54   49.85   49.54   49.54   48.92   48.92   49.23   49.54   49.85   49.54   49.85   49.54   50.15   50.15   50.15   50.15   49.85   49.54   49.85   50.76   50.92   51.08   51.23   50.77   50.15   51.23   52.48   52.78   51.69   52.35   52.32   52.32   51.53   52.63   53.25   53.46   52.94   53.25   52.92   53.25   52.63   52.63   51.08   52.13   52.76   53.12   53.40   51.22   53.07   53.31   50.46   50.91   50.91   56.25   56.25   49.54   53.13   53.99   54.63   54.95   54.46   56.55   53.45   54.79   56.59   54.91   55.21   57.19   55.09   55.21   57.80   56.85   61.16   54.13   56.27   56.10   52.52   56.13   55.21   56.89   56.13   55.99   56.79   56.13   54.60   56.10   56.23   56.68
     7: tr|A0A7C5RPT9|A0A7C5RPT9_UNCCH   54.52   50.64   52.87   50.96   61.56   70.57  100.00   50.46   49.85   51.08   51.08   51.70   51.56   50.94   49.07   49.69   49.84   48.91   48.45   51.55   50.62   50.31   52.19   52.19   52.50   51.24   51.55   52.19   51.24   51.24   50.31   50.94   50.94   50.94   50.63   50.63   50.63   50.63   50.63   50.63   50.63   50.63   50.63   50.63   50.63   50.63   50.63   50.63   51.86   51.86   51.24   51.24   51.55   52.50   51.86   53.12   53.11   50.93   51.86   52.17   52.63   51.71   52.80   52.80   52.80   52.17   52.48   52.48   51.86   51.86   51.86   51.86   51.55   51.55   51.55   52.17   52.17   51.86   51.55   51.86   51.86   51.86   51.86   51.86   51.86   51.55   52.48   52.17   52.48   52.17   52.17   52.17   52.17   52.17   51.86   51.86   52.17   53.07   52.62   53.23   54.77   53.85   51.23   53.70   54.04   53.70   53.54   53.61   52.94   52.94   52.94   54.49   54.18   54.72   54.49   54.80   54.18   54.49   54.18   54.18   54.35   56.00   56.04   56.56   56.35   53.99   56.31   56.01   53.99   52.92   53.23   59.94   59.04   50.61   57.40   54.77   59.44   57.14   55.12   59.34   57.27   57.40   59.21   56.92   57.54   58.31   58.61   59.08   57.36   57.53   59.20   57.36   57.67   56.27   56.16   58.28   60.12   57.70   58.90   58.31   58.64   56.13   56.16   56.88   57.01   57.36
     8: tr|A0A650A752|A0A650A752_9EURY   46.06   57.37   56.74   55.76   49.85   49.08   50.46  100.00   95.99   88.54   87.39   86.53   76.01   77.17   69.08   71.18   71.97   71.68   72.41   74.71   74.14   75.86   76.23   76.23   76.52   76.72   76.59   79.47   77.30   77.30   77.01   77.17   77.17   77.17   76.88   77.17   76.88   76.88   77.17   77.17   77.17   77.17   77.17   77.17   77.17   77.17   77.17   77.17   77.84   77.39   78.03   78.03   78.32   77.17   77.87   77.17   78.45   75.57   74.43   74.20   74.20   74.34   75.29   75.29   75.29   75.29   75.29   73.85   74.64   74.64   74.06   74.06   73.85   73.85   73.28   73.85   73.56   73.56   74.14   73.85   73.85   73.85   74.14   74.14   73.85   73.85   74.93   73.85   74.14   73.85   74.43   74.43   74.43   74.14   74.43   74.14   74.14   54.01   54.49   55.25   54.04   54.21   52.47   53.89   54.86   54.52   53.11   53.16   53.44   53.44   52.78   53.44   53.44   53.33   53.12   53.44   53.11   53.75   54.06   54.06   52.35   52.15   52.47   52.53   52.81   53.73   53.42   52.52   52.94   53.42   53.73   50.46   50.46   52.11   54.46   54.57   57.62   55.95   53.85   51.82   54.63   55.69   56.92   55.21   57.10   57.23   54.77   55.84   55.52   55.66   56.15   54.57   53.63   54.09   51.64   53.12   52.19   50.15   52.50   50.45   53.92   53.44   50.60   53.61   53.44   52.40
     9: tr|C7NNI6|C7NNI6_HALUD           45.15   58.62   57.99   56.70   49.24   48.47   49.85   95.99  100.00   87.39   86.25   85.67   75.72   76.30   69.36   72.33   73.12   71.68   72.70   74.43   75.00   75.57   76.52   76.52   76.81   77.01   77.75   79.77   77.59   77.59   77.59   77.75   77.75   77.75   77.46   77.75   77.46   77.46   77.75   77.75   77.75   77.75   77.75   77.75   77.75   77.75   77.75   77.75   77.84   77.39   78.03   78.03   78.03   77.17   77.59   76.88   77.87   75.00   74.71   75.36   74.20   74.64   75.29   75.29   75.29   74.71   74.71   75.29   75.22   75.22   74.93   74.93   74.71   74.71   74.14   74.43   74.14   74.43   74.71   74.71   74.71   74.71   75.00   75.00   74.71   74.71   75.22   74.43   74.43   74.43   75.00   75.00   75.00   74.71   75.29   74.71   74.71   54.01   54.49   54.94   54.66   54.83   52.47   53.58   54.23   54.21   52.48   52.85   52.81   52.81   52.47   53.12   52.81   52.38   52.19   52.50   53.11   53.12   53.44   53.44   52.66   52.76   53.09   53.16   53.44   53.42   53.42   52.20   53.25   53.73   54.04   51.07   50.76   52.71   54.46   54.26   57.01   55.36   53.55   51.82   54.32   55.38   56.92   54.57   56.78   56.92   54.15   55.21   54.89   54.43   55.84   55.52   53.94   54.40   51.04   52.19   51.25   49.25   50.94   49.25   53.92   52.81   50.00   52.98   52.50   51.50
    10: tr|A0AAE3I8A1|A0AAE3I8A1_9EURY   46.67   57.37   56.43   54.83   51.66   49.39   51.08   88.54   87.39  100.00   94.27   94.56   73.99   74.86   68.79   73.49   72.54   72.54   73.28   73.85   74.43   74.71   74.78   74.78   75.07   75.29   75.14   78.01   75.86   75.86   75.86   76.59   76.59   76.59   76.30   76.30   76.30   76.30   76.59   76.01   76.30   76.30   76.30   76.30   76.30   76.30   76.30   76.30   76.97   76.52   76.59   76.59   76.30   76.59   76.44   76.30   76.72   76.15   76.15   75.36   74.78   73.76   77.01   77.01   77.01   76.72   76.72   73.85   75.79   75.79   75.79   75.79   75.00   75.00   74.71   74.43   74.71   74.71   75.00   75.57   75.29   75.29   74.71   74.71   75.29   75.57   75.50   75.29   75.29   75.29   75.57   75.57   75.57   75.29   75.29   74.71   75.29   54.32   54.49   55.56   53.42   53.27   53.40   54.21   54.86   54.21   53.42   52.85   53.44   53.44   53.09   53.75   53.75   53.02   52.81   53.12   53.42   53.44   53.75   53.75   53.61   54.29   54.63   53.48   53.75   52.17   52.80   52.52   53.25   53.11   53.42   51.99   51.07   52.11   55.08   53.94   58.23   55.06   53.85   52.42   54.94   56.62   56.62   56.78   60.57   59.69   56.62   57.41   58.36   56.88   56.15   56.15   55.52   55.35   53.43   54.38   54.06   51.94   54.06   52.24   55.49   55.00   51.50   55.17   55.00   53.89
    11: tr|A0A897NTD4|A0A897NTD4_9EURY   46.85   57.99   57.05   55.45   50.60   50.00   51.08   87.39   86.25   94.27  100.00   95.13   73.70   74.28   69.65   72.33   71.39   71.39   72.13   72.41   73.56   75.57   75.36   75.36   75.65   76.44   76.01   79.77   76.72   76.72   77.01   77.17   77.17   77.17   76.88   76.88   76.88   76.88   77.17   76.59   76.88   76.88   76.88   76.88   76.88   76.88   76.88   76.88   78.43   78.26   77.17   77.17   77.17   77.17   75.86   77.17   76.44   76.15   76.15   76.23   74.78   74.34   77.59   77.59   77.59   77.01   77.01   74.43   76.08   76.08   75.50   75.50   74.43   75.00   74.71   75.00   75.29   74.71   75.29   75.29   75.29   75.29   74.71   74.71   75.00   75.29   76.08   75.57   75.86   75.57   75.00   75.00   75.00   75.00   75.00   74.71   75.29   54.32   54.49   55.25   53.73   53.27   53.09   54.83   55.49   55.45   53.73   54.11   54.38   54.38   53.70   54.38   53.75   53.97   53.75   53.75   54.04   54.69   55.00   55.00   53.29   54.60   54.94   53.80   54.06   53.11   53.11   52.83   53.56   53.42   53.73   51.52   50.91   52.25   55.49   54.38   57.62   56.05   55.00   52.55   55.35   57.01   57.62   57.50   59.69   58.84   56.10   57.50   58.12   56.67   55.94   55.00   55.31   55.14   52.66   54.18   54.18   52.07   54.18   52.07   55.59   55.73   51.34   55.59   55.42   54.30
    12: tr|A0A897NP59|A0A897NP59_9EURY   46.67   57.68   56.74   55.14   51.66   49.39   51.70   86.53   85.67   94.56   95.13  100.00   72.25   72.83   68.50   72.33   71.97   71.39   72.13   72.70   73.85   74.14   74.49   74.49   74.78   75.57   75.72   78.59   75.86   75.86   76.15   76.30   76.30   76.30   76.01   76.01   76.01   76.01   76.30   75.72   76.01   76.01   76.01   76.01   76.01   76.01   76.01   76.01   77.26   77.10   76.59   76.59   76.59   75.43   74.71   75.72   75.57   75.57   75.29   74.78   73.62   73.18   76.72   76.72   76.72   76.15   76.15   73.56   76.08   76.08   76.08   76.08   74.71   74.71   74.71   75.00   75.29   75.00   75.57   75.57   75.57   75.57   75.29   75.29   75.57   75.57   76.08   75.29   75.57   75.29   75.57   75.57   75.57   75.57   75.29   75.00   75.86   54.63   54.80   55.25   52.48   52.02   53.09   53.89   54.55   54.83   53.42   53.16   53.44   53.44   52.78   53.44   53.44   53.97   53.75   54.06   53.42   54.06   54.38   54.38   53.92   53.99   54.32   53.16   53.44   51.86   52.17   51.26   52.63   52.80   53.11   52.29   51.38   51.81   55.08   53.94   56.71   55.65   54.44   52.73   54.01   55.38   56.31   56.15   59.62   58.15   55.38   56.78   57.41   55.96   55.84   55.52   54.57   54.40   53.13   54.38   54.06   51.64   54.38   52.24   55.49   55.94   51.20   55.49   55.31   54.19
    13: tr|A0A1I6K7U8|A0A1I6K7U8_9EURY   47.40   56.43   56.74   55.76   51.52   50.46   51.56   76.01   75.72   73.99   73.70   72.25  100.00   89.14   73.35   73.35   74.50   75.07   76.29   74.38   75.77   75.56   77.05   77.05   77.05   74.44   76.14   77.65   76.69   76.69   74.44   74.44   74.44   74.44   74.44   74.44   74.44   74.44   74.44   74.16   74.44   74.44   74.44   74.44   74.44   74.44   74.44   74.44   76.57   76.29   76.42   76.42   76.42   75.99   75.99   75.99   76.84   79.15   76.69   76.14   75.85   75.00   77.25   77.25   77.25   76.97   76.69   75.28   75.21   75.21   75.49   75.49   74.72   75.00   74.72   75.84   75.56   75.28   75.00   75.28   75.00   75.00   75.84   75.84   75.56   74.72   76.06   75.28   75.00   75.00   75.00   75.00   75.00   74.72   75.28   75.28   75.28   55.28   55.59   55.56   55.94   55.49   54.97   55.49   56.15   55.62   57.19   56.51   55.97   55.97   55.28   55.97   55.35   56.23   55.97   55.66   55.94   56.29   56.60   56.60   54.57   56.17   56.21   56.05   55.97   57.19   57.50   57.23   55.45   57.19   57.19   50.93   51.54   51.20   54.04   54.11   56.46   53.30   51.58   54.43   55.59   59.01   59.63   58.41   59.37   58.07   56.52   55.38   57.14   56.17   57.46   54.29   54.29   54.92   50.59   52.68   52.37   49.12   50.79   48.82   53.80   54.57   50.74   52.53   52.37   51.36
    14: tr|A0A8J8CWY5|A0A8J8CWY5_9EURY   46.48   56.11   56.11   54.52   50.00   49.54   50.94   77.17   76.30   74.86   74.28   72.83   89.14  100.00   74.50   75.64   76.79   75.07   76.57   75.70   76.34   75.21   77.87   77.87   77.87   76.07   76.37   79.36   77.78   77.78   76.35   75.78   75.78   75.78   75.78   75.78   75.78   75.78   75.50   75.50   75.78   75.78   75.78   75.78   75.78   75.78   75.78   75.78   77.39   77.10   77.52   77.52   77.23   78.00   78.00   77.43   79.43   79.20   76.07   77.30   76.72   76.74   77.21   77.21   77.21   76.92   76.92   76.64   77.14   77.14   76.86   76.86   76.35   76.64   75.78   77.49   77.21   76.07   76.35   76.35   76.35   76.35   77.21   77.21   76.92   76.35   76.86   76.64   76.64   76.64   76.35   76.35   76.35   76.35   76.64   76.64   76.64   55.28   55.59   54.63   55.62   54.23   54.35   54.86   55.52   54.38   55.94   55.56   54.72   54.72   54.35   55.35   54.09   54.63   54.40   54.40   54.69   55.35   55.66   55.66   54.26   55.25   55.28   55.73   55.66   56.25   57.50   57.55   54.83   55.94   55.94   50.62   51.23   52.41   54.04   54.11   58.23   54.71   53.24   53.21   54.66   57.45   59.32   56.19   57.46   58.70   54.66   56.96   56.19   55.25   56.83   53.97   53.97   53.97   50.75   51.74   52.37   49.85   51.42   49.85   52.22   54.26   50.00   52.22   52.05   51.06
    15: tr|A0A544QMG3|A0A544QMG3_9EURY   46.81   55.35   56.29   54.06   49.09   48.62   49.07   69.08   69.36   68.79   69.65   68.50   73.35   74.50  100.00   84.90   83.71   83.67   81.71   71.51   75.57   74.93   74.86   74.86   75.14   74.07   75.22   75.15   74.64   74.64   72.93   73.64   73.64   73.64   73.93   73.93   73.64   73.64   73.64   73.64   73.93   73.93   73.93   73.93   73.93   73.93   73.93   73.93   74.49   74.49   75.50   75.50   75.50   73.78   73.35   74.06   74.21   74.36   73.50   73.33   73.04   74.42   74.64   74.64   74.64   74.36   74.93   73.50   75.43   75.43   74.29   74.29   74.93   75.21   74.07   74.64   74.93   74.64   74.64   74.93   74.36   74.64   74.07   74.07   74.64   74.64   74.86   74.64   74.64   74.64   73.79   73.79   73.79   73.79   74.07   73.22   74.07   54.32   54.49   54.18   53.25   52.34   54.15   53.11   54.55   54.21   52.63   53.48   52.81   52.81   52.78   53.12   52.50   53.33   53.12   53.12   54.97   54.38   54.38   54.38   53.92   54.43   55.25   54.57   55.31   54.18   55.42   56.60   54.32   56.04   56.04   52.76   52.45   53.15   54.94   53.94   57.88   53.53   53.37   51.06   55.86   57.41   58.02   58.04   56.78   56.48   54.94   57.41   55.84   53.68   55.52   53.31   53.00   52.05   51.93   53.92   54.86   50.15   53.29   50.45   52.83   53.92   50.60   54.09   53.61   52.25
    16: tr|A0A6A9T7B4|A0A6A9T7B4_9EURY   46.81   55.17   55.49   53.89   50.91   48.92   49.69   71.18   72.33   73.49   72.33   72.33   73.35   75.64   84.90  100.00   86.04   88.29   85.47   74.07   78.22   75.21   76.88   76.88   77.17   76.64   76.37   79.82   78.06   78.06   77.49   77.08   77.08   77.08   77.36   77.36   77.36   77.36   77.08   77.08   77.36   77.36   77.36   77.36   77.36   77.36   77.36   77.36   78.26   77.68   77.81   77.81   77.81   75.86   76.00   76.44   76.00   75.21   75.50   75.14   75.43   73.91   75.78   75.78   75.78   75.78   75.78   73.79   76.00   76.00   75.43   75.43   75.21   75.21   74.64   75.50   75.78   74.36   75.50   75.78   75.21   75.50   74.93   74.93   75.78   75.78   76.00   76.64   76.64   76.64   75.78   75.78   75.78   76.07   76.07   75.21   76.07   55.25   55.42   55.11   53.56   52.65   54.46   53.42   54.86   54.83   52.01   52.85   54.06   54.06   53.09   53.44   53.44   53.33   53.12   53.44   54.35   54.06   54.06   54.06   55.80   55.05   55.86   55.21   55.94   53.87   54.80   55.97   54.94   57.28   57.28   52.45   51.84   52.55   55.56   54.89   57.75   53.39   52.65   52.28   55.56   57.10   56.79   56.47   57.41   57.72   55.86   57.73   56.78   54.60   55.84   55.52   53.94   53.63   52.68   55.17   54.23   51.19   53.61   50.89   54.72   54.23   51.64   55.03   54.55   53.75
    17: tr|A0A6B0SDY7|A0A6B0SDY7_9EURY   44.82   56.74   56.43   55.14   51.37   49.69   49.84   71.97   73.12   72.54   71.39   71.97   74.50   76.79   83.71   86.04  100.00   88.86   88.57   77.43   78.45   75.14   74.57   74.57   74.86   75.14   74.86   76.90   75.43   75.43   75.43   75.07   75.07   75.07   75.36   75.36   75.07   75.07   75.07   75.07   75.36   75.36   75.36   75.36   75.36   75.36   75.36   75.36   75.58   75.58   76.30   76.30   76.30   76.72   77.08   75.86   77.08   74.29   73.43   75.36   76.23   76.52   76.29   76.29   76.29   75.43   76.00   75.43   75.64   75.64   75.93   75.93   76.00   76.29   75.43   75.71   76.00   75.14   76.29   76.00   76.00   76.00   75.71   75.71   76.00   75.71   76.22   76.57   76.57   76.57   76.57   76.57   76.57   76.86   76.57   75.71   76.29   54.49   54.66   55.28   54.04   52.50   53.09   52.65   54.40   53.44   53.11   53.65   52.66   52.66   52.94   53.29   52.66   53.50   53.29   53.29   53.58   54.23   54.23   54.23   54.09   54.91   55.73   54.75   55.49   53.42   55.59   55.35   54.80   56.52   56.52   52.92   52.92   53.31   55.11   52.53   56.71   53.25   52.51   51.22   56.04   56.04   56.04   55.70   56.01   56.35   54.80   57.28   54.75   54.15   57.28   53.80   53.48   53.48   52.54   53.46   53.14   51.64   52.20   51.04   54.26   54.40   50.60   53.63   53.77   52.41
    18: tr|A0A1H5TD21|A0A1H5TD21_9EURY   46.04   55.49   55.17   53.58   51.37   49.69   48.91   71.68   71.68   72.54   71.39   71.39   75.07   75.07   83.67   88.29   88.86  100.00   91.43   75.71   78.16   76.00   77.17   77.17   77.46   76.86   76.01   77.49   78.00   78.00   76.57   76.50   76.50   76.50   76.79   76.79   77.08   77.08   76.50   76.50   76.79   76.79   76.79   76.79   76.79   76.79   76.79   76.79   77.33   77.03   78.90   78.90   78.90   75.57   76.22   75.29   75.64   74.86   75.14   74.78   76.23   75.36   75.43   75.43   75.43   75.14   75.14   75.14   76.22   76.22   75.93   75.93   76.00   76.29   74.86   75.71   76.00   75.71   75.71   76.29   75.43   75.71   75.14   75.14   76.00   75.71   76.79   76.57   76.57   76.57   75.71   75.71   75.71   75.43   76.00   74.86   76.00   54.49   54.66   55.28   55.14   53.12   54.18   53.75   55.03   55.00   53.89   53.97   54.86   54.86   53.56   53.92   53.61   54.46   54.23   54.23   54.83   55.17   55.17   55.17   54.72   55.38   56.04   55.24   55.80   54.21   55.45   55.66   55.28   57.32   57.32   54.15   53.54   52.41   55.42   53.48   56.40   53.25   52.51   53.66   55.73   56.66   56.97   56.65   57.91   56.97   55.42   56.96   56.01   54.46   57.28   56.01   54.43   54.75   53.43   54.72   54.09   52.24   53.14   51.04   55.52   54.40   50.60   54.89   54.40   53.01
    19: tr|A0A8J7Y8T7|A0A8J7Y8T7_9EURY   45.59   56.11   56.74   55.14   50.91   49.23   48.45   72.41   72.70   73.28   72.13   72.13   76.29   76.57   81.71   85.47   88.57   91.43  100.00   77.27   80.29   76.70   77.23   77.23   77.52   77.27   75.86   77.84   77.56   77.56   76.42   76.57   76.57   76.57   76.86   77.14   76.86   76.86   76.57   76.86   77.14   77.14   77.14   77.14   77.14   77.14   77.14   77.14   77.17   77.46   79.31   79.31   79.31   75.07   74.93   75.07   74.93   76.42   75.85   74.93   76.37   75.65   76.70   76.70   76.70   75.85   75.85   75.57   77.49   77.49   76.92   76.92   76.14   76.42   75.85   76.14   76.42   75.85   76.42   77.27   76.42   76.70   76.14   76.14   76.70   76.42   77.21   76.99   76.99   76.99   76.42   76.42   76.42   76.42   76.99   75.85   76.99   54.94   55.11   54.94   54.04   52.65   54.63   53.58   54.86   54.83   54.04   54.43   54.69   54.69   54.01   54.38   54.06   54.29   54.06   54.06   55.59   55.31   55.31   55.31   53.92   54.91   55.56   54.75   55.31   54.35   55.59   55.97   54.49   57.14   57.14   51.53   50.92   51.80   55.56   53.31   57.14   53.24   51.91   51.37   54.63   56.79   56.79   56.15   57.10   56.48   54.94   56.47   53.63   53.07   55.21   54.57   53.00   52.68   51.79   53.29   52.35   51.19   52.04   50.30   54.40   52.98   51.04   53.46   52.98   51.95
    20: tr|A0A1D2QI56|A0A1D2QI56_9EURY   49.24   57.68   57.05   56.70   52.73   50.46   51.55   74.71   74.43   73.85   72.41   72.70   74.38   75.70   71.51   74.07   77.43   75.71   77.27  100.00   84.03   77.37   77.90   77.90   78.19   77.44   76.55   79.66   78.77   78.77   79.05   79.78   79.78   79.78   79.78   79.49   79.78   79.78   79.49   79.49   79.49   79.78   79.49   79.49   79.49   79.78   79.78   79.78   78.98   78.98   79.10   79.10   79.66   75.99   75.84   76.27   76.69   73.11   72.63   71.39   72.80   73.07   71.79   71.79   71.79   72.07   71.79   72.91   72.83   72.83   73.67   73.67   74.02   74.02   73.74   74.02   73.74   74.02   74.02   74.02   74.02   74.02   74.30   74.30   74.02   73.74   73.39   73.46   73.46   73.46   74.02   74.02   74.02   74.02   73.74   73.46   73.46   56.48   56.17   53.68   53.73   52.65   52.78   53.58   54.55   54.04   54.66   53.63   54.06   54.06   54.01   54.38   54.38   54.92   54.69   55.00   54.04   54.69   55.00   55.00   53.92   54.29   54.63   54.75   55.00   54.04   54.66   55.03   53.87   54.66   54.66   53.68   54.29   52.69   57.41   55.66   57.31   55.17   51.44   51.98   56.79   56.48   58.33   58.68   60.25   60.49   56.79   58.49   56.47   56.44   57.73   57.41   56.15   55.84   54.39   53.92   54.23   51.75   53.61   51.75   55.97   55.17   50.44   54.40   54.86   53.15
    21: tr|A0A1H8UQL3|A0A1H8UQL3_9EURY   48.02   59.25   58.62   57.32   51.82   49.85   50.62   74.14   75.00   74.43   73.56   73.85   75.77   76.34   75.57   78.22   78.45   78.16   80.29   84.03  100.00   79.43   79.42   79.42   79.71   81.43   79.19   82.40   81.71   81.71   80.00   80.17   80.17   80.17   80.17   80.17   80.17   80.17   80.17   79.89   80.17   80.17   80.17   80.17   80.17   80.17   80.17   80.17   80.58   80.58   80.92   80.92   80.64   75.64   75.21   75.36   76.07   77.14   77.43   73.64   73.93   73.91   76.57   76.57   76.57   76.00   76.00   75.71   78.51   78.51   78.51   78.51   78.00   78.00   77.71   78.29   78.57   78.00   78.00   78.86   78.57   78.86   78.29   78.29   78.86   78.57   77.08   78.57   78.29   78.57   78.00   78.00   78.00   77.71   78.29   78.00   79.14   56.17   55.86   55.52   53.73   54.21   54.63   55.14   55.80   54.66   54.66   54.26   54.38   54.38   54.01   54.69   54.38   54.60   54.38   54.69   55.28   55.00   55.00   55.00   54.86   55.21   55.56   55.38   55.62   54.66   54.97   55.35   55.11   56.83   57.14   52.45   52.76   52.99   56.79   54.40   59.33   54.28   53.10   52.58   55.25   56.17   57.72   57.73   58.99   59.88   54.94   56.92   56.47   55.52   56.78   55.21   54.26   53.94   52.99   53.61   53.92   52.10   53.92   52.40   54.72   54.23   50.75   55.03   54.86   53.45
    22: tr|V4HPN2|V4HPN2_9EURY           48.02   56.11   56.43   55.14   51.21   49.85   50.31   75.86   75.57   74.71   75.57   74.14   75.56   75.21   74.93   75.21   75.14   76.00   76.70   77.37   79.43  100.00   86.97   86.97   87.25   86.87   87.85   88.83   89.11   89.11   87.99   88.76   88.76   88.76   87.92   88.20   87.92   87.92   88.20   87.92   87.92   88.20   87.92   87.92   87.92   88.20   88.20   88.20   88.92   88.64   88.14   88.14   88.70   79.89   80.00   79.32   80.28   78.15   76.54   77.49   76.92   77.65   77.65   77.65   77.65   77.37   77.93   77.37   77.59   77.59   77.59   77.59   77.37   77.37   77.09   77.65   77.37   77.65   77.37   77.65   77.65   77.37   77.93   77.93   77.37   77.37   77.31   77.37   77.09   77.37   77.37   77.37   77.37   77.37   77.65   77.37   77.09   54.63   54.80   58.02   54.04   53.89   53.70   53.89   54.55   54.52   54.66   54.75   54.06   54.06   54.01   54.69   54.38   53.97   53.75   54.06   54.97   54.69   55.00   55.00   53.61   54.91   55.25   54.75   55.00   54.04   54.97   55.03   53.25   55.28   55.28   53.68   54.29   52.40   55.56   53.94   57.91   53.56   50.00   52.89   58.33   58.02   58.95   58.68   58.99   58.64   57.72   57.73   57.41   56.44   58.36   56.15   56.47   56.47   54.09   55.80   54.86   52.63   55.49   53.22   55.66   55.80   52.49   56.29   55.80   54.35
    23: tr|A0A482T6F1|A0A482T6F1_9EURY   49.54   56.11   56.74   55.14   51.83   50.15   52.19   76.23   76.52   74.78   75.36   74.49   77.05   77.87   74.86   76.88   74.57   77.17   77.23   77.90   79.42   86.97  100.00  100.00   99.72   90.08   90.06   89.97   90.93   90.93   88.39   88.10   88.10   88.10   87.54   88.10   87.54   87.54   87.25   87.25   87.54   87.54   87.54   87.54   87.54   87.54   87.54   87.54   89.66   89.68   89.77   89.77   90.62   80.29   80.29   80.57   81.14   80.11   78.75   80.06   78.90   79.13   78.47   78.47   78.47   78.19   77.90   79.32   79.55   79.55   79.26   79.26   78.75   78.75   78.75   79.60   79.32   79.60   78.75   79.32   79.04   78.75   79.04   79.04   78.47   78.47   80.68   79.89   79.60   79.60   79.04   79.04   79.04   79.04   78.75   79.04   78.75   57.45   57.32   57.76   53.75   52.98   55.90   55.49   55.84   56.43   56.25   55.73   56.29   56.29   55.59   56.29   55.97   55.91   55.66   55.97   55.62   56.29   56.60   56.60   55.21   56.48   56.52   56.69   56.60   56.56   56.25   55.35   53.27   55.94   55.94   55.56   55.56   51.98   56.83   54.92   59.34   56.30   52.34   53.52   58.07   59.63   59.63   58.41   59.37   59.01   57.76   58.10   57.46   56.79   57.78   55.87   56.19   55.87   54.28   56.15   55.84   52.51   55.21   53.39   55.38   57.73   53.25   56.01   55.52   54.55
    24: tr|E4NV36|E4NV36_HALBP           49.54   56.11   56.74   55.14   51.83   50.15   52.19   76.23   76.52   74.78   75.36   74.49   77.05   77.87   74.86   76.88   74.57   77.17   77.23   77.90   79.42   86.97  100.00  100.00   99.72   90.08   90.06   89.97   90.93   90.93   88.39   88.10   88.10   88.10   87.54   88.10   87.54   87.54   87.25   87.25   87.54   87.54   87.54   87.54   87.54   87.54   87.54   87.54   89.66   89.68   89.77   89.77   90.62   80.29   80.29   80.57   81.14   80.11   78.75   80.06   78.90   79.13   78.47   78.47   78.47   78.19   77.90   79.32   79.55   79.55   79.26   79.26   78.75   78.75   78.75   79.60   79.32   79.60   78.75   79.32   79.04   78.75   79.04   79.04   78.47   78.47   80.68   79.89   79.60   79.60   79.04   79.04   79.04   79.04   78.75   79.04   78.75   57.45   57.32   57.76   53.75   52.98   55.90   55.49   55.84   56.43   56.25   55.73   56.29   56.29   55.59   56.29   55.97   55.91   55.66   55.97   55.62   56.29   56.60   56.60   55.21   56.48   56.52   56.69   56.60   56.56   56.25   55.35   53.27   55.94   55.94   55.56   55.56   51.98   56.83   54.92   59.34   56.30   52.34   53.52   58.07   59.63   59.63   58.41   59.37   59.01   57.76   58.10   57.46   56.79   57.78   55.87   56.19   55.87   54.28   56.15   55.84   52.51   55.21   53.39   55.38   57.73   53.25   56.01   55.52   54.55
    25: tr|A0A6C0UFW7|A0A6C0UFW7_9EURY   49.24   56.43   57.05   55.45   52.13   50.46   52.50   76.52   76.81   75.07   75.65   74.78   77.05   77.87   75.14   77.17   74.86   77.46   77.52   78.19   79.71   87.25   99.72   99.72  100.00   90.37   89.77   90.26   91.22   91.22   88.67   88.39   88.39   88.39   87.82   88.39   87.82   87.82   87.54   87.54   87.82   87.82   87.82   87.82   87.82   87.82   87.82   87.82   89.94   89.97   90.06   90.06   90.91   80.57   80.57   80.86   81.43   79.83   78.47   79.77   78.61   79.13   78.75   78.75   78.75   78.47   78.19   79.04   79.83   79.83   79.55   79.55   79.04   79.04   79.04   79.89   79.60   79.89   79.04   79.60   79.32   79.04   79.32   79.32   78.75   78.75   80.97   80.17   79.89   79.89   79.32   79.32   79.32   79.32   79.04   79.32   79.04   57.14   57.01   57.76   54.06   53.29   55.59   55.17   55.52   56.11   55.94   55.41   55.97   55.97   55.28   55.97   55.66   55.59   55.35   55.66   55.31   55.97   56.29   56.29   54.89   56.48   56.52   56.69   56.60   56.88   56.56   55.35   53.58   55.94   55.94   55.25   55.25   52.28   56.52   55.24   59.64   56.01   52.05   53.21   58.39   59.94   59.94   58.73   59.68   59.32   58.07   58.41   57.14   56.48   58.10   56.19   56.19   55.87   54.28   56.15   56.15   52.51   55.21   53.39   55.70   57.73   53.25   56.33   55.84   54.85
    26: tr|M0DAP7|M0DAP7_HALPD           49.24   56.43   56.74   55.14   52.12   50.15   51.24   76.72   77.01   75.29   76.44   75.57   74.44   76.07   74.07   76.64   75.14   76.86   77.27   77.44   81.43   86.87   90.08   90.08   90.37  100.00   89.55   89.40   90.78   90.78   89.11   88.48   88.48   88.48   89.04   89.61   88.76   88.76   88.76   88.48   89.04   88.76   89.04   89.04   89.04   88.76   88.76   88.76   89.49   89.49   90.40   90.40   91.24   78.75   79.15   78.75   79.72   78.15   76.82   78.06   76.35   77.36   77.09   77.09   77.09   77.37   77.09   78.49   78.15   78.15   78.15   78.15   77.37   77.37   77.65   78.49   78.21   78.21   77.93   77.93   77.93   78.21   77.93   77.93   77.65   77.93   78.43   78.77   79.05   78.77   78.77   78.77   78.77   78.77   77.93   78.21   78.21   56.79   56.66   59.26   54.04   53.27   55.25   54.52   54.86   55.45   55.28   54.75   55.00   55.00   54.32   54.69   54.69   55.24   55.00   55.31   54.66   55.00   55.31   55.31   55.17   56.13   56.17   56.33   56.25   55.90   55.90   55.03   53.25   55.90   55.90   55.21   55.83   52.10   56.17   54.89   59.10   56.61   51.86   53.19   58.64   59.88   60.19   58.99   59.31   59.57   58.02   58.99   57.41   56.75   58.36   56.47   56.15   55.52   54.09   57.05   56.11   53.22   57.05   53.80   56.29   57.05   52.20   56.60   56.11   54.65
    27: tr|A0A1G9YLW6|A0A1G9YLW6_9EURY   48.94   55.49   55.49   54.21   51.82   49.23   51.55   76.59   77.75   75.14   76.01   75.72   76.14   76.37   75.22   76.37   74.86   76.01   75.86   76.55   79.19   87.85   90.06   90.06   89.77   89.55  100.00   89.11   90.96   90.96   89.27   89.49   89.49   89.49   89.49   90.06   89.20   89.20   89.20   89.20   89.49   89.49   89.49   89.49   89.49   89.49   89.49   89.49   90.86   90.86   89.27   89.27   90.11   80.80   81.48   80.80   81.48   79.32   78.81   79.83   78.39   80.00   79.10   79.10   79.10   79.10   79.38   81.36   79.60   79.60   79.89   79.89   79.38   79.38   78.81   79.94   79.66   79.94   79.10   79.38   79.10   79.10   79.38   79.38   79.10   79.10   80.74   79.94   79.94   79.94   79.66   79.66   79.66   79.66   79.38   79.10   79.10   56.48   56.66   58.33   53.42   52.96   54.94   55.14   55.80   55.76   56.21   55.70   55.94   55.94   55.56   56.25   55.94   56.19   55.94   56.25   55.59   55.94   56.25   56.25   55.17   55.21   55.56   55.38   55.62   55.28   54.97   54.72   53.87   55.90   55.90   55.52   55.52   54.55   56.79   55.84   59.16   57.02   52.77   53.80   58.33   59.57   60.19   57.41   59.31   58.95   57.10   58.68   57.73   56.44   57.41   56.47   56.78   57.10   55.29   56.43   55.49   53.53   55.80   53.53   55.97   57.68   52.80   56.60   56.11   54.98
    28: tr|A0A8J8CXG2|A0A8J8CXG2_9EURY   48.62   57.37   57.37   56.07   51.22   49.85   52.19   79.47   79.77   78.01   79.77   78.59   77.65   79.36   75.15   79.82   76.90   77.49   77.84   79.66   82.40   88.83   89.97   89.97   90.26   89.40   89.11  100.00   91.12   91.12   90.54   90.83   90.83   90.83   89.68   90.26   89.97   89.97   89.97   89.97   90.26   90.26   89.97   89.97   89.97   89.97   89.97   89.97   91.09   91.09   90.26   90.26   90.83   82.37   82.66   82.08   83.24   79.89   79.94   79.71   78.84   79.65   79.66   79.66   79.66   79.66   79.66   79.94   78.80   78.80   79.37   79.37   78.80   78.80   78.22   79.94   79.66   79.08   79.08   79.08   79.08   79.08   79.37   79.37   79.08   79.08   79.08   79.94   79.94   79.94   79.37   79.37   79.37   78.80   79.37   78.80   79.08   56.21   56.39   57.76   54.69   54.23   54.66   54.86   55.84   56.11   55.31   55.41   55.66   55.66   54.97   55.97   55.35   55.27   55.03   55.35   55.31   55.97   56.29   56.29   55.21   55.56   55.90   55.73   55.97   55.94   55.62   55.03   54.52   55.94   55.94   54.32   54.32   53.66   56.83   55.56   60.98   57.27   53.25   53.52   58.70   58.39   60.87   58.10   59.37   59.63   58.70   59.37   56.51   55.86   58.10   56.51   56.19   56.19   54.33   55.84   56.15   53.73   56.47   54.03   55.38   57.73   53.29   56.01   55.84   55.21
    29: tr|A0A1I6IR64|A0A1I6IR64_9EURY   48.33   56.43   56.74   55.45   53.33   49.85   51.24   77.30   77.59   75.86   76.72   75.86   76.69   77.78   74.64   78.06   75.43   78.00   77.56   78.77   81.71   89.11   90.93   90.93   91.22   90.78   90.96   91.12  100.00  100.00   91.90   91.57   91.57   91.57   92.13   92.42   92.13   92.13   92.13   91.85   92.42   92.13   92.42   92.42   92.42   92.13   92.13   92.13   91.76   91.19   89.83   89.83   90.11   80.17   80.85   81.59   82.25   78.71   77.93   79.49   78.92   79.08   77.93   77.93   77.93   78.21   78.21   79.33   79.55   79.55   80.11   80.11   80.17   80.17   79.05   79.89   79.61   80.45   79.33   79.89   79.61   79.61   79.89   79.89   79.61   79.61   80.11   79.89   79.61   79.89   79.89   79.89   79.89   79.61   79.89   79.33   79.33   57.10   56.97   58.95   54.35   53.58   55.25   55.76   56.11   56.70   56.21   55.70   56.25   56.25   55.56   55.94   55.94   56.51   56.25   56.56   55.90   56.25   56.56   56.56   56.11   56.44   56.48   56.65   56.56   56.52   56.21   55.66   53.87   56.21   56.21   55.21   55.21   53.29   57.10   54.89   60.90   56.36   52.45   54.41   58.95   59.88   60.80   58.36   59.62   59.57   57.41   58.68   57.10   55.83   58.68   56.78   55.84   56.15   55.56   56.74   56.43   54.39   57.37   54.97   56.29   57.68   52.20   56.92   56.43   54.95
