#
#
#  Percent Identity  Matrix - created by Clustal2.1 
#
#

     1: WP_010124895|Sphingomonas_sp_KC8  100.00   83.51   57.99   56.83   55.19   54.01   57.83   56.52   57.14   56.71   58.06   57.79   57.14   50.55   48.55
     2: ZP_01301787|Sphingomonas_sp_SKA5   83.51  100.00   57.02   56.09   54.01   54.35   55.56   54.90   56.83   54.23   57.51   56.18   54.66   51.54   47.76
     3: YP_001683544|Caulobacter_sp_K31|   57.99   57.02  100.00   59.96   58.73   58.21   60.31   59.21   60.70   64.19   63.49   60.92   61.35   51.44   49.66
     4: WP_005666985|Massilia_timonae|No   56.83   56.09   59.96  100.00   77.20   75.16   76.72   76.51   65.81   66.52   68.26   68.17   67.03   48.47   47.56
     5: YP_001683600|Caulobacter_sp_K31|   55.19   54.01   58.73   77.20  100.00   76.72   78.66   78.02   63.52   65.73   67.12   66.95   65.81   49.46   47.23
     6: WP_018990642|Azoarcus_toluclasti   54.01   54.35   58.21   75.16   76.72  100.00   77.92   78.57   65.95   67.75   68.58   69.83   66.95   47.05   45.88
     7: YP_005883713|Marinobacter_adhaer   57.83   55.56   60.31   76.72   78.66   77.92  100.00   86.21   68.32   67.97   68.65   70.47   69.11   49.45   48.11
     8: ZP_04934639|Pseudomonas_aerugino   56.52   54.90   59.21   76.51   78.02   78.57   86.21  100.00   66.16   68.18   68.42   70.91   68.25   49.67   47.44
     9: YP_555834|Burkholderia_xenovoran   57.14   56.83   60.70   65.81   63.52   65.95   68.32   66.16  100.00   75.00   73.52   74.03   74.30   50.11   48.78
    10: WP_018990614|Azoarcus_toluclasti   56.71   54.23   64.19   66.52   65.73   67.75   67.97   68.18   75.00  100.00   76.61   76.51   76.51   51.42   48.55
    11: YP_005883731|Marinobacter_adhaer   58.06   57.51   63.49   68.26   67.12   68.58   68.65   68.42   73.52   76.61  100.00   86.07   84.44   51.26   49.43
    12: ZP_04934623|Pseudomonas_aerugino   57.79   56.18   60.92   68.17   66.95   69.83   70.47   70.91   74.03   76.51   86.07  100.00   91.61   50.33   48.34
    13: AAD21063|Pseudomonas_abietaniphi   57.14   54.66   61.35   67.03   65.81   66.95   69.11   68.25   74.30   76.51   84.44   91.61  100.00   50.22   48.67
    14: WP_018636315|Frankia_sp_BMG5_12|   50.55   51.54   51.44   48.47   49.46   47.05   49.45   49.67   50.11   51.42   51.26   50.33   50.22  100.00   53.42
    15: WP_018636333|Frankia_sp_BMG5_12|   48.55   47.76   49.66   47.56   47.23   45.88   48.11   47.44   48.78   48.55   49.43   48.34   48.67   53.42  100.00
