#
#
#  Percent Identity  Matrix - created by Clustal2.1 
#
#

     1: tr|A0A9D8JWM5|A0A9D8JWM5_UNCCH  100.00   62.65   57.14   51.19   52.38   50.00   51.19   59.52   58.33   58.33   52.38   51.19   54.76   54.76   57.14   54.76   52.38   59.52   59.52   58.33   57.14   57.14   54.76   54.76   52.38   10.71   10.26   10.59   12.79   16.85   13.10   11.63   11.63   13.33   13.64   17.24   12.64   14.61   14.61   13.48
     2: tr|A0A962JND9|A0A962JND9_9GAMM   62.65  100.00   66.27   55.42   60.24   61.45   59.04   59.04   59.04   59.04   66.27   65.06   62.65   59.04   65.06   59.04   59.04   63.86   63.86   60.24   60.24   61.45   65.06   65.06   62.65   14.46   16.67   16.87   21.69   19.28   15.66   15.66   15.66   15.66   16.87   21.69   18.07   16.87   16.87   15.66
     3: tr|A0A6M8WDS1|A0A6M8WDS1_UNCPS   57.14   66.27  100.00   65.48   60.71   63.10   60.71   61.90   60.71   60.71   60.71   61.90   58.33   59.52   59.52   66.67   65.48   65.48   65.48   61.90   61.90   57.14   66.67   66.67   63.10   14.29   14.10   14.29   19.05   19.05   11.90   14.29   15.48   16.67   17.86   17.86   16.67   15.48   15.48   14.29
     4: tr|A0A936FHS1|A0A936FHS1_9BURK   51.19   55.42   65.48  100.00   67.86   69.05   73.81   60.71   59.52   59.52   57.14   58.33   58.33   54.76   61.90   64.29   63.10   60.71   60.71   55.95   58.33   59.52   57.14   57.14   59.52   10.71   12.82   10.71   11.90   14.29   10.71   13.10   15.48   14.29   14.29   15.48   11.90   10.71   10.71    9.52
     5: tr|A0A963JLL3|A0A963JLL3_9BURK   52.38   60.24   60.71   67.86  100.00   83.33   82.14   67.86   66.67   66.67   64.29   65.48   61.90   59.52   65.48   63.10   63.10   64.29   64.29   64.29   64.29   64.29   60.71   60.71   59.52    9.52   14.10   13.10   15.48   15.48   10.71   13.10   14.29   16.67   14.29   16.67   15.48   13.10   13.10   10.71
     6: tr|A0A1E4IF54|A0A1E4IF54_9BURK   50.00   61.45   63.10   69.05   83.33  100.00   89.29   61.90   64.29   64.29   66.67   67.86   61.90   59.52   69.05   64.29   65.48   65.48   65.48   60.71   60.71   65.48   65.48   65.48   67.86   11.90   15.38   15.48   16.67   20.24   11.90   14.29   15.48   19.05   15.48   16.67   17.86   15.48   15.48   13.10
     7: tr|A0A941Z188|A0A941Z188_UNCPS   51.19   59.04   60.71   73.81   82.14   89.29  100.00   64.29   65.48   65.48   69.05   70.24   66.67   65.48   73.81   67.86   67.86   67.86   67.86   64.29   64.29   66.67   63.10   63.10   65.48   11.90   16.67   14.29   16.67   19.05   13.10   14.29   15.48   17.86   15.48   19.05   16.67   14.29   14.29   11.90
     8: tr|Q5P481|Q5P481_AROAE           59.52   59.04   61.90   60.71   67.86   61.90   64.29  100.00   85.71   85.71   70.24   70.24   70.24   71.43   63.10   67.86   63.10   65.48   65.48   61.90   60.71   65.48   65.48   65.48   63.10   11.90   10.26   14.29   16.67   15.48    9.52   10.71   11.90   14.29   11.90   17.86   14.29   11.90   11.90   10.71
     9: tr|A0A2R4BR37|A0A2R4BR37_THAAR   58.33   59.04   60.71   59.52   66.67   64.29   65.48   85.71  100.00  100.00   71.43   72.62   75.00   73.81   66.67   75.00   66.67   70.24   70.24   65.48   65.48   69.05   67.86   67.86   65.48   13.10   11.54   15.48   17.86   17.86   10.71   10.71   11.90   15.48   13.10   19.05   14.29   13.10   13.10   11.90
    10: tr|Q7B0A1|Q7B0A1_THAAR           58.33   59.04   60.71   59.52   66.67   64.29   65.48   85.71  100.00  100.00   71.43   72.62   75.00   73.81   66.67   75.00   66.67   70.24   70.24   65.48   65.48   69.05   67.86   67.86   65.48   13.10   11.54   15.48   17.86   17.86   10.71   10.71   11.90   15.48   13.10   19.05   14.29   13.10   13.10   11.90
    11: tr|A0A1N7AT45|A0A1N7AT45_9RHOO   52.38   66.27   60.71   57.14   64.29   66.67   69.05   70.24   71.43   71.43  100.00   98.82   80.00   78.82   69.05   67.86   64.29   64.29   64.29   61.90   59.52   67.86   71.43   71.43   70.59   14.12   15.19   17.65   24.71   21.18   14.12   17.65   17.65   20.00   18.82   24.71   20.00   17.65   17.65   16.47
    12: tr|H0Q4V5|H0Q4V5_9RHOO           51.19   65.06   61.90   58.33   65.48   67.86   70.24   70.24   72.62   72.62   98.82  100.00   81.18   78.82   67.86   69.05   65.48   65.48   65.48   63.10   60.71   66.67   70.24   70.24   69.41   14.12   15.19   17.65   24.71   21.18   14.12   17.65   17.65   20.00   18.82   24.71   20.00   17.65   17.65   16.47
    13: tr|A0A951VZJ8|A0A951VZJ8_9RHOO   54.76   62.65   58.33   58.33   61.90   61.90   66.67   70.24   75.00   75.00   80.00   81.18  100.00   85.88   67.86   70.24   63.10   70.24   70.24   66.67   65.48   69.05   63.10   63.10   65.88   11.76   12.66   14.12   17.65   17.65   11.76   10.59   11.76   14.12   12.94   18.82   14.12   12.94   12.94   11.76
    14: tr|A0A9D6DH87|A0A9D6DH87_9RHOO   54.76   59.04   59.52   54.76   59.52   59.52   65.48   71.43   73.81   73.81   78.82   78.82   85.88  100.00   69.05   67.86   64.29   67.86   67.86   65.48   63.10   66.67   67.86   67.86   71.76   12.94   12.66   15.29   18.82   18.82   12.94   11.76   11.76   15.29   14.12   20.00   15.29   14.12   14.12   12.94
    15: tr|A0A7V7WSP6|A0A7V7WSP6_9BURK   57.14   65.06   59.52   61.90   65.48   69.05   73.81   63.10   66.67   66.67   69.05   67.86   67.86   69.05  100.00   76.19   78.57   82.14   82.14   79.76   79.76   67.86   66.67   66.67   70.24   14.29   12.82   15.48   17.86   19.05   13.10   13.10   14.29   15.48   14.29   20.24   15.48   14.29   14.29   13.10
    16: tr|A0A933Q7S8|A0A933Q7S8_9RHOO   54.76   59.04   66.67   64.29   63.10   64.29   67.86   67.86   75.00   75.00   67.86   69.05   70.24   67.86   76.19  100.00   77.38   83.33   83.33   83.33   82.14   71.43   75.00   75.00   72.62   14.29   15.38   15.48   19.05   20.24   13.10   14.29   15.48   15.48   15.48   19.05   16.67   15.48   15.48   14.29
    17: tr|A0A9D7SLF6|A0A9D7SLF6_9RHOO   52.38   59.04   65.48   63.10   63.10   65.48   67.86   63.10   66.67   66.67   64.29   65.48   63.10   64.29   78.57   77.38  100.00   84.52   84.52   79.76   79.76   69.05   69.05   69.05   69.05   13.10   14.10   13.10   15.48   16.67   13.10   13.10   13.10   15.48   14.29   16.67   14.29   13.10   13.10   11.90
    18: tr|A0A363SLH4|A0A363SLH4_9RHOO   59.52   63.86   65.48   60.71   64.29   65.48   67.86   65.48   70.24   70.24   64.29   65.48   70.24   67.86   82.14   83.33   84.52  100.00  100.00   90.48   89.29   70.24   69.05   69.05   67.86   15.48   15.38   14.29   16.67   19.05   13.10   15.48   15.48   16.67   16.67   17.86   15.48   15.48   15.48   14.29
    19: tr|A0A953IR52|A0A953IR52_9RHOO   59.52   63.86   65.48   60.71   64.29   65.48   67.86   65.48   70.24   70.24   64.29   65.48   70.24   67.86   82.14   83.33   84.52  100.00  100.00   90.48   89.29   70.24   69.05   69.05   67.86   15.48   15.38   14.29   16.67   19.05   13.10   15.48   15.48   16.67   16.67   17.86   15.48   15.48   15.48   14.29
    20: tr|A0A7V7XMG8|A0A7V7XMG8_9RHOO   58.33   60.24   61.90   55.95   64.29   60.71   64.29   61.90   65.48   65.48   61.90   63.10   66.67   65.48   79.76   83.33   79.76   90.48   90.48  100.00   95.24   66.67   69.05   69.05   65.48   14.29   14.10   13.10   15.48   17.86   11.90   15.48   15.48   14.29   15.48   16.67   14.29   14.29   14.29   13.10
    21: tr|A0A809R6F3|A0A809R6F3_9PROT   57.14   60.24   61.90   58.33   64.29   60.71   64.29   60.71   65.48   65.48   59.52   60.71   65.48   63.10   79.76   82.14   79.76   89.29   89.29   95.24  100.00   67.86   65.48   65.48   64.29   14.29   14.10   13.10   15.48   17.86   11.90   15.48   15.48   14.29   15.48   16.67   14.29   14.29   14.29   13.10
    22: tr|A0A936TX75|A0A936TX75_9PROT   57.14   61.45   57.14   59.52   64.29   65.48   66.67   65.48   69.05   69.05   67.86   66.67   69.05   66.67   67.86   71.43   69.05   70.24   70.24   66.67   67.86  100.00   77.38   77.38   76.19   10.71   12.82   13.10   11.90   17.86    9.52   11.90   11.90   14.29   11.90   14.29   13.10   11.90   11.90   10.71
    23: tr|A0A2N2TX60|A0A2N2TX60_9PROT   54.76   65.06   66.67   57.14   60.71   65.48   63.10   65.48   67.86   67.86   71.43   70.24   63.10   67.86   66.67   75.00   69.05   69.05   69.05   69.05   65.48   77.38  100.00  100.00   91.67   11.90   14.10   14.29   19.05   20.24   10.71   14.29   13.10   13.10   14.29   15.48   15.48   14.29   14.29   13.10
    24: tr|A0A963C6N7|A0A963C6N7_9RHOO   54.76   65.06   66.67   57.14   60.71   65.48   63.10   65.48   67.86   67.86   71.43   70.24   63.10   67.86   66.67   75.00   69.05   69.05   69.05   69.05   65.48   77.38  100.00  100.00   91.67   11.90   14.10   14.29   19.05   20.24   10.71   14.29   13.10   13.10   14.29   15.48   15.48   14.29   14.29   13.10
    25: tr|A0A935A9M1|A0A935A9M1_9PROT   52.38   62.65   63.10   59.52   59.52   67.86   65.48   63.10   65.48   65.48   70.59   69.41   65.88   71.76   70.24   72.62   69.05   67.86   67.86   65.48   64.29   76.19   91.67   91.67  100.00   12.94   15.19   15.29   17.65   21.18   11.76   15.29   14.12   14.12   14.12   17.65   15.29   14.12   14.12   12.94
    26: tr|H0Q4V3|H0Q4V3_9RHOO           10.71   14.46   14.29   10.71    9.52   11.90   11.90   11.90   13.10   13.10   14.12   14.12   11.76   12.94   14.29   14.29   13.10   15.48   15.48   14.29   14.29   10.71   11.90   11.90   12.94  100.00   42.94   40.24   43.79   44.38   47.93   49.11   45.56   49.11   45.56   44.38   47.93   48.52   48.52   46.75
    27: tr|A0A933IY81|A0A933IY81_UNCDE   10.26   16.67   14.10   12.82   14.10   15.38   16.67   10.26   11.54   11.54   15.19   15.19   12.66   12.66   12.82   15.38   14.10   15.38   15.38   14.10   14.10   12.82   14.10   14.10   15.19   42.94  100.00   45.40   46.01   48.47   47.85   50.92   46.63   47.85   50.92   45.40   44.79   48.47   48.47   47.24
    28: tr|A0A7C5URD3|A0A7C5URD3_UNCDE   10.59   16.87   14.29   10.71   13.10   15.48   14.29   14.29   15.48   15.48   17.65   17.65   14.12   15.29   15.48   15.48   13.10   14.29   14.29   13.10   13.10   13.10   14.29   14.29   15.29   40.24   45.40  100.00   48.86   42.77   51.15   46.20   45.98   52.63   51.46   51.46   48.54   50.88   50.88   50.88
    29: tr|A0A0U5BVJ2|A0A0U5BVJ2_9BACT   12.79   21.69   19.05   11.90   15.48   16.67   16.67   16.67   17.86   17.86   24.71   24.71   17.65   18.82   17.86   19.05   15.48   16.67   16.67   15.48   15.48   11.90   19.05   19.05   17.65   43.79   46.01   48.86  100.00   47.13   47.70   51.16   52.57   52.33   54.65   52.91   51.74   51.74   51.74   51.16
    30: tr|A0A533SNC3|A0A533SNC3_UNCXX   16.85   19.28   19.05   14.29   15.48   20.24   19.05   15.48   17.86   17.86   21.18   21.18   17.65   18.82   19.05   20.24   16.67   19.05   19.05   17.86   17.86   17.86   20.24   20.24   21.18   44.38   48.47   42.77   47.13  100.00   49.42   50.58   51.72   49.71   52.87   53.76   50.87   54.29   54.29   52.57
    31: tr|A0A929EY34|A0A929EY34_UNCPS   13.10   15.66   11.90   10.71   10.71   11.90   13.10    9.52   10.71   10.71   14.12   14.12   11.76   12.94   13.10   13.10   13.10   13.10   13.10   11.90   11.90    9.52   10.71   10.71   11.76   47.93   47.85   51.15   47.70   49.42  100.00   51.76   51.45   54.71   53.53   56.47   55.29   55.88   55.88   54.71
    32: tr|A0A3M1E615|A0A3M1E615_UNCDE   11.63   15.66   14.29   13.10   13.10   14.29   14.29   10.71   10.71   10.71   17.65   17.65   10.59   11.76   13.10   14.29   13.10   15.48   15.48   15.48   15.48   11.90   14.29   14.29   15.29   49.11   50.92   46.20   51.16   50.58   51.76  100.00   83.14   61.05   66.28   61.05   66.28   63.37   63.37   63.95
    33: tr|A0A5D3WML9|A0A5D3WML9_9BACT   11.63   15.66   15.48   15.48   14.29   15.48   15.48   11.90   11.90   11.90   17.65   17.65   11.76   11.76   14.29   15.48   13.10   15.48   15.48   15.48   15.48   11.90   13.10   13.10   14.12   45.56   46.63   45.98   52.57   51.72   51.45   83.14  100.00   62.79   65.70   59.30   66.28   61.05   61.05   62.21
    34: tr|A0A0B5FKX6|A0A0B5FKX6_9BACT   13.33   15.66   16.67   14.29   16.67   19.05   17.86   14.29   15.48   15.48   20.00   20.00   14.12   15.29   15.48   15.48   15.48   16.67   16.67   14.29   14.29   14.29   13.10   13.10   14.12   49.11   47.85   52.63   52.33   49.71   54.71   61.05   62.79  100.00   67.82   63.58   69.94   68.57   68.57   68.00
    35: tr|A0A533RK02|A0A533RK02_UNCDE   13.64   16.87   17.86   14.29   14.29   15.48   15.48   11.90   13.10   13.10   18.82   18.82   12.94   14.12   14.29   15.48   14.29   16.67   16.67   15.48   15.48   11.90   14.29   14.29   14.12   45.56   50.92   51.46   54.65   52.87   53.53   66.28   65.70   67.82  100.00   67.63   70.52   67.82   67.82   66.67
    36: tr|A0A2N6ENG0|A0A2N6ENG0_9BACT   17.24   21.69   17.86   15.48   16.67   16.67   19.05   17.86   19.05   19.05   24.71   24.71   18.82   20.00   20.24   19.05   16.67   17.86   17.86   16.67   16.67   14.29   15.48   15.48   17.65   44.38   45.40   51.46   52.91   53.76   56.47   61.05   59.30   63.58   67.63  100.00   71.10   68.79   68.79   68.79
    37: tr|A0A2N6EGA1|A0A2N6EGA1_9BACT   12.64   18.07   16.67   11.90   15.48   17.86   16.67   14.29   14.29   14.29   20.00   20.00   14.12   15.29   15.48   16.67   14.29   15.48   15.48   14.29   14.29   13.10   15.48   15.48   15.29   47.93   44.79   48.54   51.74   50.87   55.29   66.28   66.28   69.94   70.52   71.10  100.00   73.41   73.41   73.41
    38: tr|A0A1E7HNG8|A0A1E7HNG8_9BACT   14.61   16.87   15.48   10.71   13.10   15.48   14.29   11.90   13.10   13.10   17.65   17.65   12.94   14.12   14.29   15.48   13.10   15.48   15.48   14.29   14.29   11.90   14.29   14.29   14.12   48.52   48.47   50.88   51.74   54.29   55.88   63.37   61.05   68.57   67.82   68.79   73.41  100.00  100.00   95.43
    39: tr|A0A1E7IT61|A0A1E7IT61_9BACT   14.61   16.87   15.48   10.71   13.10   15.48   14.29   11.90   13.10   13.10   17.65   17.65   12.94   14.12   14.29   15.48   13.10   15.48   15.48   14.29   14.29   11.90   14.29   14.29   14.12   48.52   48.47   50.88   51.74   54.29   55.88   63.37   61.05   68.57   67.82   68.79   73.41  100.00  100.00   95.43
    40: tr|A0A1E7GRS1|A0A1E7GRS1_9BACT   13.48   15.66   14.29    9.52   10.71   13.10   11.90   10.71   11.90   11.90   16.47   16.47   11.76   12.94   13.10   14.29   11.90   14.29   14.29   13.10   13.10   10.71   13.10   13.10   12.94   46.75   47.24   50.88   51.16   52.57   54.71   63.95   62.21   68.00   66.67   68.79   73.41   95.43   95.43  100.00
