#
#
#  Percent Identity  Matrix - created by Clustal2.1 
#
#

     1: AAQ12029|Mycobacterium_sp_S65|No  100.00   89.45   92.14   92.79   92.75   91.87   92.31   52.58   52.14   52.14   52.14   52.14   56.38   54.69   55.13   54.69   54.91   54.69
     2: AAQ95210|Mycobacterium_sp_MCS|No   89.45  100.00   94.95   94.95   96.48   95.60   96.04   51.12   50.79   50.79   50.79   50.79   52.90   51.23   51.68   51.23   51.45   51.23
     3: BAD20297|Mycobacterium_sp_MHP-1|   92.14   94.95  100.00   97.16   98.46   98.02   98.46   52.81   52.37   52.37   52.37   52.37   54.81   53.02   53.47   53.02   53.24   53.02
     4: CAD38647|Mycobacterium_sp_6PY1|P   92.79   94.95   97.16  100.00   98.46   97.58   98.02   53.03   52.60   52.60   52.60   52.60   55.03   53.47   53.91   53.47   53.69   53.47
     5: AAQ95208|Mycobacterium_sp_KMS|No   92.75   96.48   98.46   98.46  100.00   99.12   99.56   53.03   52.60   52.60   52.60   52.60   55.26   53.47   53.91   53.47   53.69   53.47
     6: AAQ95206|Mycobacterium_sp_JLS|No   91.87   95.60   98.02   97.58   99.12  100.00   99.56   52.58   52.14   52.14   52.14   52.14   55.03   53.24   53.69   53.24   53.47   53.24
     7: YP_638808|Mycobacterium_sp_MCS|N   92.31   96.04   98.46   98.02   99.56   99.56  100.00   52.81   52.37   52.37   52.37   52.37   55.03   53.24   53.69   53.24   53.47   53.24
     8: AAZ38356|Terrabacter_sp_HH4|Non    52.58   51.12   52.81   53.03   53.03   52.58   52.81  100.00   97.07   97.52   97.52   97.30   61.74   59.42   59.64   59.42   59.64   59.42
     9: YP_642614|Mycobacterium_sp_MCS|N   52.14   50.79   52.37   52.60   52.60   52.14   52.37   97.07  100.00   99.32   99.55   99.32   62.39   60.14   60.36   60.14   60.36   60.14
    10: AAY85176|Mycobacterium_vanbaalen   52.14   50.79   52.37   52.60   52.60   52.14   52.37   97.52   99.32  100.00   99.77   99.55   62.16   60.14   60.36   60.14   60.36   60.14
    11: YP_001131838|Mycobacterium_gilvu   52.14   50.79   52.37   52.60   52.60   52.14   52.37   97.52   99.55   99.77  100.00   99.77   62.39   60.14   60.36   60.14   60.36   60.14
    12: YP_638832|Mycobacterium_sp_MCS|N   52.14   50.79   52.37   52.60   52.60   52.14   52.37   97.30   99.32   99.55   99.77  100.00   62.39   60.14   60.36   60.14   60.36   60.14
    13: BAA94708|Nocardioides_sp_KP7|Paa   56.38   52.90   54.81   55.03   55.26   55.03   55.03   61.74   62.39   62.16   62.39   62.39  100.00   72.77   72.77   72.54   72.77   72.77
    14: AAZ78216|Mycobacterium_sp_CH-2|N   54.69   51.23   53.02   53.47   53.47   53.24   53.24   59.42   60.14   60.14   60.14   60.14   72.77  100.00   96.55   97.84   97.41   97.84
    15: YP_951396|Mycobacterium_vanbaale   55.13   51.68   53.47   53.91   53.91   53.69   53.69   59.64   60.36   60.36   60.36   60.36   72.77   96.55  100.00   98.71   99.14   98.71
    16: ABD97978|Mycobacterium_sp_CH-1|N   54.69   51.23   53.02   53.47   53.47   53.24   53.24   59.42   60.14   60.14   60.14   60.14   72.54   97.84   98.71  100.00   99.14   99.57
    17: CAD38643|Mycobacterium_sp_6PY1|P   54.91   51.45   53.24   53.69   53.69   53.47   53.47   59.64   60.36   60.36   60.36   60.36   72.77   97.41   99.14   99.14  100.00   99.57
    18: YP_638855|Mycobacterium_sp_MCS|N   54.69   51.23   53.02   53.47   53.47   53.24   53.24   59.42   60.14   60.14   60.14   60.14   72.77   97.84   98.71   99.57   99.57  100.00
