#
#
#  Percent Identity  Matrix - created by Clustal2.1 
#
#

     1: YP_692392|Alcanivorax_borkumensi  100.00   57.71   61.82   61.82   47.09   46.65   45.77   42.29   45.02   43.28   42.79   42.89   42.29   44.53   43.28
     2: ZP_06846198|Burkholderia_sp_Ch1-   57.71  100.00   63.43   63.68   42.78   46.21   46.72   42.68   43.94   43.69   43.43   44.05   44.70   42.68   44.95
     3: YP_692391|Alcanivorax_borkumensi   61.82   63.43  100.00   98.54   46.84   45.75   48.87   42.22   44.94   41.23   41.48   41.34   43.46   42.96   44.44
     4: YP_960483|Marinobacter_aquaeolei   61.82   63.68   98.54  100.00   46.33   46.00   48.62   42.22   45.19   41.23   41.48   41.34   43.46   43.21   44.44
     5: ZP_06831264|Rhodococcus_equi_ATC   47.09   42.78   46.84   46.33  100.00   48.99   52.27   45.96   49.49   47.22   47.47   46.84   45.96   47.47   47.47
     6: WP_010325233|Marinobacterium_sta   46.65   46.21   45.75   46.00   48.99  100.00   73.63   54.88   64.58   61.81   61.43   63.87   63.72   62.33   61.34
     7: YP_743284|Alkalilimnicola_ehrlic   45.77   46.72   48.87   48.62   52.27   73.63  100.00   55.34   65.08   63.66   66.03   62.62   62.47   62.47   62.95
     8: WP_018419822|Burkholderia_sp|Non   42.29   42.68   42.22   42.22   45.96   54.88   55.34  100.00   67.05   65.90   68.19   68.12   71.62   70.48   72.77
     9: YP_284577|Dechloromonas_aromatic   45.02   43.94   44.94   45.19   49.49   64.58   65.08   67.05  100.00   77.68   78.08   75.62   76.85   75.23   75.56
    10: ZP_03264709|Burkholderia_sp_H160   43.28   43.69   41.23   41.23   47.22   61.81   63.66   65.90   77.68  100.00   83.71   74.49   74.89   75.68   75.34
    11: YP_004685601|Cupriavidus_necator   42.79   43.43   41.48   41.48   47.47   61.43   66.03   68.19   78.08   83.71  100.00   75.40   77.35   77.70   78.25
    12: YP_003607636|Burkholderia_sp_CCG   42.89   44.05   41.34   41.34   46.84   63.87   62.62   68.12   75.62   74.49   75.40  100.00   80.36   76.75   78.33
    13: YP_933465|Azoarcus_sp_BH72|Non     42.29   44.70   43.46   43.46   45.96   63.72   62.47   71.62   76.85   74.89   77.35   80.36  100.00   80.18   81.53
    14: WP_009868029|Pseudomonas_sp_Chol   44.53   42.68   42.96   43.21   47.47   62.33   62.47   70.48   75.23   75.68   77.70   76.75   80.18  100.00   85.36
    15: CAA73203|Pseudomonas_putida|Odm    43.28   44.95   44.44   44.44   47.47   61.34   62.95   72.77   75.56   75.34   78.25   78.33   81.53   85.36  100.00
