#
#
#  Percent Identity  Matrix - created by Clustal2.1 
#
#

     1: WP_009574087|Celeribacter_baekdo  100.00   75.39   60.65   59.95   59.71   59.95   58.48   58.97   61.87   61.30   58.33   63.77   64.93   63.96   65.54   66.02
     2: YP_004900399|Pelagibacterium_hal   75.39  100.00   62.27   62.01   61.74   62.01   61.74   61.74   64.23   65.03   63.21   67.02   66.67   66.84   66.23   66.49
     3: BAC15591|Delftia_tsuruhatensis|T   60.65   62.27  100.00   98.27   98.52   98.27   76.87   80.05   63.91   66.17   64.41   64.93   64.84   68.84   68.16   67.91
     4: BAE47085|Comamonas_sp_E6|Tph       59.95   62.01   98.27  100.00   99.52   98.79   74.88   78.97   62.90   64.62   62.90   63.66   65.09   67.49   67.56   66.10
     5: BAE47077|Comamonas_sp_E6|Tph       59.71   61.74   98.52   99.52  100.00   98.79   74.88   78.97   62.90   64.62   62.90   63.41   65.09   67.49   67.56   66.10
     6: YP_003277535|Comamonas_testoster   59.95   62.01   98.27   98.79   98.79  100.00   75.12   79.22   63.14   64.62   62.90   63.41   65.09   67.49   67.32   66.10
     7: WP_009515010|Hydrogenophaga_sp_P   58.48   61.74   76.87   74.88   74.88   75.12  100.00   81.37   63.88   65.60   64.37   61.61   64.66   66.34   66.50   65.77
     8: YP_004618786|Ramlibacter_tataoui   58.97   61.74   80.05   78.97   78.97   79.22   81.37  100.00   63.88   66.09   64.62   62.56   66.50   68.23   67.49   68.47
     9: YP_008041091|Burkholderia_sp_RPE   61.87   64.23   63.91   62.90   62.90   63.14   63.88   63.88  100.00   84.99   83.29   63.77   67.33   70.19   70.02   69.29
    10: YP_552593|Burkholderia_xenovoran   61.30   65.03   66.17   64.62   64.62   64.62   65.60   66.09   84.99  100.00   88.97   65.21   67.66   69.64   70.56   70.80
    11: WP_007745632|Burkholderia_sp_BT0   58.33   63.21   64.41   62.90   62.90   62.90   64.37   64.62   83.29   88.97  100.00   64.73   66.42   68.97   69.78   70.50
    12: YP_950122|Arthrobacter_aurescens   63.77   67.02   64.93   63.66   63.41   63.41   61.61   62.56   63.77   65.21   64.73  100.00   65.28   67.87   69.62   68.81
    13: WP_020661406|Amycolatopsis_benzo   64.93   66.67   64.84   65.09   65.09   65.09   64.66   66.50   67.33   67.66   66.42   65.28  100.00   70.40   69.31   71.67
    14: WP_017134359|Pseudomonas_agarici   63.96   66.84   68.84   67.49   67.49   67.49   66.34   68.23   70.19   69.64   68.97   67.87   70.40  100.00   75.66   77.11
    15: AAR90187|Rhodococcus_sp_DK17|Tph   65.54   66.23   68.16   67.56   67.56   67.32   66.50   67.49   70.02   70.56   69.78   69.62   69.31   75.66  100.00   79.33
    16: WP_019521462|Streptomyces_sp_Fxa   66.02   66.49   67.91   66.10   66.10   66.10   65.77   68.47   69.29   70.80   70.50   68.81   71.67   77.11   79.33  100.00
