#
#
#  Percent Identity  Matrix - created by Clustal2.1 
#
#

     1: BAA31235|Nocardioides_sp_KP7|Hna  100.00   99.22   85.53   85.27   46.26   45.43   45.98   45.43   45.98   45.98   42.97   42.70   29.94   26.90   26.74   26.90   27.06   27.76
     2: BAA23262|Nocardioides_sp|Hna       99.22  100.00   84.75   85.01   45.98   45.15   45.71   45.15   45.71   45.71   42.97   42.70   29.94   26.61   26.45   26.61   27.06   27.46
     3: CAP64294|Arthrobacter_phenanthre   85.53   84.75  100.00   93.28   45.43   44.88   45.43   44.88   45.43   45.43   43.24   42.70   29.36   27.49   27.91   27.78   26.47   27.16
     4: CAP64293|Arthrobacter_phenanthre   85.27   85.01   93.28  100.00   47.37   45.98   46.54   46.26   46.54   46.54   42.43   41.62   28.78   26.90   26.74   26.90   27.94   26.57
     5: YP_005000896|Mycobacterium_rhode   46.26   45.98   45.43   47.37  100.00   95.01   93.63   93.35   93.07   92.80   50.00   49.44   31.53   29.22   28.92   29.22   31.25   30.82
     6: YP_937651|Mycobacterium_sp_KMS|N   45.43   45.15   44.88   45.98   95.01  100.00   98.61   96.95   97.23   96.95   50.28   49.72   31.53   28.92   28.61   28.92   31.25   31.42
     7: AAT51741|Mycobacterium_vanbaalen   45.98   45.71   45.43   46.54   93.63   98.61  100.00   97.78   98.06   98.34   50.00   49.72   32.43   29.22   28.92   29.22   30.95   31.72
     8: YP_004074710|Mycobacterium_gilvu   45.43   45.15   44.88   46.26   93.35   96.95   97.78  100.00   98.06   98.34   50.56   50.28   31.83   28.92   28.61   28.92   30.95   31.42
     9: YP_001069889|Mycobacterium_sp_JL   45.98   45.71   45.43   46.54   93.07   97.23   98.06   98.06  100.00   99.72   50.00   49.72   32.43   29.22   28.92   29.22   30.65   31.42
    10: YP_001131867|Mycobacterium_gilvu   45.98   45.71   45.43   46.54   92.80   96.95   98.34   98.34   99.72  100.00   50.00   49.72   32.43   29.22   28.92   29.22   30.65   31.42
    11: YP_001072467|Mycobacterium_sp_JL   42.97   42.97   43.24   42.43   50.00   50.28   50.00   50.56   50.00   50.00  100.00   91.62   32.14   30.15   29.85   30.15   31.45   31.63
    12: ZP_05225106|Mycobacterium_intrac   42.70   42.70   42.70   41.62   49.44   49.72   49.72   50.28   49.72   49.72   91.62  100.00   32.14   28.96   28.66   28.96   30.27   31.63
    13: WP_019719297|Ralstonia_solanacea   29.94   29.94   29.36   28.78   31.53   31.53   32.43   31.83   32.43   32.43   32.14   32.14  100.00   36.69   36.76   36.69   37.92   35.98
    14: ZP_06845994|Burkholderia_sp_Ch1-   26.90   26.61   27.49   26.90   29.22   28.92   29.22   28.92   29.22   29.22   30.15   28.96   36.69  100.00   97.98   98.27   44.71   43.07
    15: BAA76328|Alcaligenes_faecalis|Hn   26.74   26.45   27.91   26.74   28.92   28.61   28.92   28.61   28.92   28.92   29.85   28.66   36.76   97.98  100.00   99.71   44.71   42.77
    16: YP_004487134|Delftia_sp_Cs1-4|No   26.90   26.61   27.78   26.90   29.22   28.92   29.22   28.92   29.22   29.22   30.15   28.96   36.69   98.27   99.71  100.00   45.02   42.77
    17: WP_020656210|Massilia_niastensis   27.06   27.06   26.47   27.94   31.25   31.25   30.95   30.95   30.65   30.65   31.45   30.27   37.92   44.71   44.71   45.02  100.00   69.94
    18: YP_785145|Bordetella_avium_197N|   27.76   27.46   27.16   26.57   30.82   31.42   31.72   31.42   31.42   31.42   31.63   31.63   35.98   43.07   42.77   42.77   69.94  100.00
