#
#
#  Percent Identity  Matrix - created by Clustal2.1 
#
#

     1: tr|A0A1G7FAS1|A0A1G7FAS1_9BURK  100.00   80.66   50.21   48.54   50.83   51.44   51.24   51.85   48.15   48.97   50.62   51.44   51.85   43.21   46.44   45.27   48.15   47.74   46.24   52.67   44.44   49.38   48.97   48.56   48.56
     2: tr|A0A6C1KAS2|A0A6C1KAS2_XANAU   80.66  100.00   47.74   48.54   46.28   48.97   49.59   51.85   48.15   48.15   46.09   48.97   48.97   45.68   48.95   46.50   49.38   47.74   43.01   50.21   44.44   48.56   48.97   48.15   48.15
     3: tr|A0A925K7P4|A0A925K7P4_9BACT   50.21   47.74  100.00   41.91   47.76   47.15   45.71   42.68   45.12   44.31   49.19   45.93   52.03   43.09   44.21   46.34   46.75   45.93   50.00   50.00   50.81   53.66   53.66   53.25   53.66
     4: tr|A0A940N8I0|A0A940N8I0_9BURK   48.54   48.54   41.91  100.00   51.23   53.06   49.38   49.17   49.17   49.17   50.20   48.98   53.88   52.07   53.36   50.41   50.83   51.65   48.42   51.65   46.69   52.07   51.65   52.07   52.89
     5: tr|A0A934QV81|A0A934QV81_9PSEU   50.83   46.28   47.76   51.23  100.00   50.20   48.99   50.81   51.61   50.00   51.38   46.85   52.76   46.96   46.72   49.80   47.77   48.58   49.48   54.44   50.00   53.04   54.25   54.25   53.85
     6: tr|A0A917BFX7|A0A917BFX7_9MICO   51.44   48.97   47.15   53.06   50.20  100.00   48.39   49.00   50.20   49.80   54.72   51.76   52.55   50.00   50.82   47.18   50.00   49.60   47.96   52.21   49.40   51.61   50.40   50.40   50.40
     7: tr|A0A0Q8QHR9|A0A0Q8QHR9_9SPHN   51.24   49.59   45.71   49.38   48.99   48.39  100.00   62.15   62.40   62.15   49.59   49.39   52.63   43.72   46.09   43.32   44.13   46.96   48.48   52.21   44.76   49.39   49.39   49.39   49.39
     8: tr|A0A0K1PQ90|A0A0K1PQ90_9BACT   51.85   51.85   42.68   49.17   50.81   49.00   62.15  100.00   64.94   66.54   46.96   47.98   51.61   44.35   46.31   44.76   43.95   45.97   54.46   53.57   46.99   52.02   51.61   51.21   51.61
     9: tr|A0A538JUV9|A0A538JUV9_UNCAC   48.15   48.15   45.12   49.17   51.61   50.20   62.40   64.94  100.00   72.51   49.39   53.23   50.40   48.39   49.18   47.98   47.18   49.19   47.96   53.41   47.39   54.03   55.24   54.44   54.84
    10: tr|D7CDX9|D7CDX9_STRBB           48.97   48.15   44.31   49.17   50.00   49.80   62.15   66.54   72.51  100.00   51.42   47.98   47.58   46.77   48.36   45.16   44.35   47.58   46.08   50.99   47.39   52.02   51.21   50.81   51.21
    11: tr|A0A1W6ZNF6|A0A1W6ZNF6_9HYPH   50.62   46.09   49.19   50.20   51.38   54.72   49.59   46.96   49.39   51.42  100.00   60.24   59.06   48.58   51.03   51.01   50.61   51.82   47.92   54.25   52.63   55.06   54.66   55.06   55.06
    12: tr|A0A6L5FF66|A0A6L5FF66_9HYPH   51.44   48.97   45.93   48.98   46.85   51.76   49.39   47.98   53.23   47.98   60.24  100.00   65.10   45.97   48.36   47.98   48.79   50.00   50.52   53.23   47.58   51.21   52.42   51.61   52.42
    13: tr|A0A6N7GW27|A0A6N7GW27_9HYPH   51.85   48.97   52.03   53.88   52.76   52.55   52.63   51.61   50.40   47.58   59.06   65.10  100.00   47.58   52.05   53.23   52.02   54.44   52.58   54.03   50.40   54.84   54.84   54.44   54.84
    14: tr|A0A3S0DJ48|A0A3S0DJ48_9RHOO   43.21   45.68   43.09   52.07   46.96   50.00   43.72   44.35   48.39   46.77   48.58   45.97   47.58  100.00   64.90   65.46   66.27   63.45   49.48   51.61   47.58   53.23   53.63   53.23   54.03
    15: tr|A0A6C1B7X8|A0A6C1B7X8_9RHOO   46.44   48.95   44.21   53.36   46.72   50.82   46.09   46.31   49.18   48.36   51.03   48.36   52.05   64.90  100.00   65.31   67.76   67.35   52.69   54.10   45.08   55.33   54.92   54.51   55.33
    16: sp|Q5P5I4|PED_AROAE              45.27   46.50   46.34   50.41   49.80   47.18   43.32   44.76   47.98   45.16   51.01   47.98   53.23   65.46   65.31  100.00   80.72   78.71   46.39   50.81   49.19   56.45   56.45   56.85   57.26
    17: tr|A0A916N0F7|A0A916N0F7_9PROT   48.15   49.38   46.75   50.83   47.77   50.00   44.13   43.95   47.18   44.35   50.61   48.79   52.02   66.27   67.76   80.72  100.00   84.34   46.39   51.61   47.18   54.84   54.84   54.84   55.24
    18: tr|A0A934GMA6|A0A934GMA6_9PROT   47.74   47.74   45.93   51.65   48.58   49.60   46.96   45.97   49.19   47.58   51.82   50.00   54.44   63.45   67.35   78.71   84.34  100.00   43.30   51.21   47.58   55.65   55.65   55.65   56.05
    19: tr|A0A950U9K5|A0A950U9K5_9ACTN   46.24   43.01   50.00   48.42   49.48   47.96   48.48   54.46   47.96   46.08   47.92   50.52   52.58   49.48   52.69   46.39   46.39   43.30  100.00  100.00   47.96   52.58   52.58   49.48   52.58
    20: tr|A0A950YGC0|A0A950YGC0_9ACTN   52.67   50.21   50.00   51.65   54.44   52.21   52.21   53.57   53.41   50.99   54.25   53.23   54.03   51.61   54.10   50.81   51.61   51.21  100.00  100.00   51.41   56.45   56.85   56.05   57.26
    21: tr|A0A2W1JID8|A0A2W1JID8_9CYAN   44.44   44.44   50.81   46.69   50.00   49.40   44.76   46.99   47.39   47.39   52.63   47.58   50.40   47.58   45.08   49.19   47.18   47.58   47.96   51.41  100.00   63.31   63.31   63.71   64.52
    22: tr|A0A8J6RT22|A0A8J6RT22_9CYAN   49.38   48.56   53.66   52.07   53.04   51.61   49.39   52.02   54.03   52.02   55.06   51.21   54.84   53.23   55.33   56.45   54.84   55.65   52.58   56.45   63.31  100.00   95.56   95.16   95.97
    23: tr|A0A8J6RX22|A0A8J6RX22_9CYAN   48.97   48.97   53.66   51.65   54.25   50.40   49.39   51.61   55.24   51.21   54.66   52.42   54.84   53.63   54.92   56.45   54.84   55.65   52.58   56.85   63.31   95.56  100.00   97.18   97.58
    24: tr|A0A8J6VE95|A0A8J6VE95_9CYAN   48.56   48.15   53.25   52.07   54.25   50.40   49.39   51.21   54.44   50.81   55.06   51.61   54.44   53.23   54.51   56.85   54.84   55.65   49.48   56.05   63.71   95.16   97.18  100.00   97.58
    25: tr|A0A8J6SJP7|A0A8J6SJP7_9CYAN   48.56   48.15   53.66   52.89   53.85   50.40   49.39   51.61   54.84   51.21   55.06   52.42   54.84   54.03   55.33   57.26   55.24   56.05   52.58   57.26   64.52   95.97   97.58   97.58  100.00
