#
#
#  Percent Identity  Matrix - created by Clustal2.1 
#
#

     1: WP_020419096|Amycolatopsis_sp_AT  100.00   49.29   50.29   46.42   48.86   52.71   51.00   51.21   51.85
     2: WP_020498672|Sciscionella_marina   49.29  100.00   62.15   57.10   56.66   61.62   64.43   57.74   59.38
     3: WP_019063491|Streptomyces_prunic   50.29   62.15  100.00   63.07   61.19   67.42   66.86   62.05   60.62
     4: YP_923338|Nocardioides_sp_JS614|   46.42   57.10   63.07  100.00   66.48   68.18   67.61   67.47   65.06
     5: ABC33900|Rhodococcus_sp_T104|Dhc   48.86   56.66   61.19   66.48  100.00   73.65   67.14   67.77   68.56
     6: WP_010593413|Rhodococcus_sp_P14|   52.71   61.62   67.42   68.18   73.65  100.00   74.02   70.03   69.27
     7: YP_004583377|Frankia_symbiont_of   51.00   64.43   66.86   67.61   67.14   74.02  100.00   68.55   67.60
     8: WP_005623440|Mycobacterium_hassi   51.21   57.74   62.05   67.47   67.77   70.03   68.55  100.00   73.29
     9: WP_005141181|Mycobacterium_rhode   51.85   59.38   60.62   65.06   68.56   69.27   67.60   73.29  100.00
