#
#
#  Percent Identity  Matrix - created by Clustal2.1 
#
#

     1: YP_004100376|Intrasporangium_cal  100.00   53.80   45.93   42.57   44.67   42.76   47.81   42.57   43.75   43.81   36.17   35.31   32.07   30.74   31.01   32.06   32.40
     2: BAC00792|Rhodococcus_sp_YK2|Dhb    53.80  100.00   44.70   45.03   43.67   45.03   45.99   45.12   40.23   45.00   33.56   35.54   32.99   30.99   30.21   30.56   30.21
     3: WP_017934535|Nocardioides_sp_Iso   45.93   44.70  100.00   82.30   52.65   58.17   50.00   45.95   43.19   45.00   32.16   34.38   30.82   31.93   33.22   32.18   32.87
     4: YP_921439|Nocardioides_sp_JS614|   42.57   45.03   82.30  100.00   53.49   60.20   51.09   47.30   42.02   46.00   33.33   34.84   30.24   32.04   33.68   32.64   34.03
     5: WP_006895410|Gordonia_sihwensis|   44.67   43.67   52.65   53.49  100.00   63.58   52.92   44.59   45.53   44.63   31.80   30.90   31.16   29.82   30.10   30.10   29.76
     6: BAA25614|Rhodococcus_erythropoli   42.76   45.03   58.17   60.20   63.58  100.00   48.91   45.27   41.63   45.00   30.39   30.56   31.51   29.47   30.10   29.41   29.41
     7: WP_018522399|Streptomyces_sp_KhC   47.81   45.99   50.00   51.09   52.92   48.91  100.00   55.56   51.75   52.03   38.28   33.46   33.71   31.13   31.80   31.42   32.57
     8: BAH89443|uncultured_bacterium|No   42.57   45.12   45.95   47.30   44.59   45.27   55.56  100.00   55.91   57.43   33.81   32.17   32.87   33.57   30.66   31.71   31.71
     9: WP_020656206|Massilia_niastensis   43.75   40.23   43.19   42.02   45.53   41.63   51.75   55.91  100.00   59.92   33.33   30.61   35.48   30.99   32.93   34.15   34.55
    10: YP_785126|Bordetella_avium_197N|   43.81   45.00   45.00   46.00   44.63   45.00   52.03   57.43   59.92  100.00   36.07   31.12   33.22   33.22   32.40   32.06   32.40
    11: BAD10896|Rhodococcus_rhodochrous   36.17   33.56   32.16   33.33   31.80   30.39   38.28   33.81   33.33   36.07  100.00   41.07   42.05   42.29   40.28   43.11   42.40
    12: WP_020500458|Sciscionella_marina   35.31   35.54   34.38   34.84   30.90   30.56   33.46   32.17   30.61   31.12   41.07  100.00   56.99   51.24   54.01   55.40   54.70
    13: ZP_06831336|Rhodococcus_equi_ATC   32.07   32.99   30.82   30.24   31.16   31.51   33.71   32.87   35.48   33.22   42.05   56.99  100.00   56.84   56.06   58.13   56.06
    14: WP_020105373|Nocardia_sp_348MFTs   30.74   30.99   31.93   32.04   29.82   29.47   31.13   33.57   30.99   33.22   42.29   51.24   56.84  100.00   65.38   65.73   64.69
    15: WP_019068097|Streptomyces_sp_R1-   31.01   30.21   33.22   33.68   30.10   30.10   31.80   30.66   32.93   32.40   40.28   54.01   56.06   65.38  100.00   88.28   88.62
    16: WP_006380048|Streptomyces_turgid   32.06   30.56   32.18   32.64   30.10   29.41   31.42   31.71   34.15   32.06   43.11   55.40   58.13   65.73   88.28  100.00   90.69
    17: WP_020129757|Streptomyces_sp_303   32.40   30.21   32.87   34.03   29.76   29.41   32.57   31.71   34.55   32.40   42.40   54.70   56.06   64.69   88.62   90.69  100.00
