#
#
#  Percent Identity  Matrix - created by Clustal2.1 
#
#

     1: WP_020419084|Amycolatopsis_sp_AT  100.00   73.05   57.62   61.82   58.79   58.38   59.04   59.88   59.58   59.64   59.04   58.38   58.98   57.78   58.38   59.58   58.38   47.26   49.08   50.52   45.71   50.15   45.95   44.44   48.91   51.36   55.31   54.55   53.05   51.57   49.23   52.10   52.69   53.94   52.94   51.08   50.15   50.77   22.82   25.61   26.64   25.95   25.90   27.68   27.68   25.61   26.90   25.61   24.39   26.83   26.39   27.97   29.18
     2: WP_020640486|Amycolatopsis_balhi   73.05  100.00   54.13   56.84   53.80   52.55   52.87   53.15   53.45   53.47   52.57   51.95   52.55   51.65   52.85   52.85   52.25   44.82   48.11   47.75   43.38   47.37   44.44   42.34   47.35   50.76   54.06   51.72   52.13   48.43   46.46   50.00   50.60   49.09   50.77   50.15   49.54   49.85   25.17   25.35   26.04   25.69   24.75   26.21   28.62   25.52   25.86   25.35   25.09   26.83   27.43   29.72   30.25
     3: WP_018486993|Streptomyces_sp_Cca   57.62   54.13  100.00   70.64   67.38   66.16   65.03   65.55   70.43   66.56   66.26   67.68   67.07   66.77   67.38   67.38   65.85   44.04   45.28   47.40   40.74   44.27   42.51   40.98   46.11   49.08   50.94   50.47   50.46   47.48   47.08   49.85   51.07   48.62   50.77   51.41   49.85   49.23   21.72   23.88   23.53   24.91   21.14   24.22   25.26   23.18   22.76   24.91   23.69   23.00   25.35   25.87   25.27
     4: WP_020415718|Amycolatopsis_sp_AT   61.82   56.84   70.64  100.00   71.34   68.24   70.41   70.12   71.98   71.43   70.71   69.41   70.88   70.29   70.59   71.09   69.12   43.87   46.86   44.64   42.28   43.96   41.30   40.71   46.11   49.24   50.94   51.41   49.25   47.80   46.15   51.06   50.76   50.00   48.61   50.93   49.38   50.00   21.38   23.88   24.57   24.57   22.82   25.61   26.64   24.22   24.48   24.91   24.39   23.00   25.69   26.92   26.33
     5: WP_020660814|Amycolatopsis_benzo   58.79   53.80   67.38   71.34  100.00   76.66   77.68   77.68   80.35   78.99   79.13   80.40   78.67   77.23   77.81   79.12   76.66   43.90   45.28   42.91   41.67   41.18   38.71   39.88   44.24   48.78   45.31   47.02   44.21   48.11   44.31   44.38   44.68   44.95   44.58   47.34   44.62   44.62   23.10   24.57   24.91   24.91   22.15   25.95   25.26   23.18   23.79   23.18   24.04   21.95   25.35   25.87   25.62
     6: YP_003271478|Gordonia_bronchiali   58.38   52.55   66.16   68.24   76.66  100.00   80.00   78.33   79.21   80.92   81.67   79.01   79.56   80.39   82.87   81.21   80.66   44.51   47.17   46.02   43.52   43.34   39.77   39.26   43.93   47.73   48.75   48.90   46.40   51.26   46.77   45.35   45.95   45.57   45.82   47.06   44.92   44.31   24.48   23.88   23.88   24.22   21.81   25.95   25.61   23.18   24.83   23.18   23.34   22.65   24.65   25.17   25.27
     7: YP_002782579|Rhodococcus_opacus_   59.04   52.87   65.03   70.41   77.68   80.00  100.00   78.49   79.10   84.39   83.89   80.56   80.56   81.67   81.11   79.65   78.33   42.64   47.15   47.40   44.72   45.03   40.87   40.92   46.25   48.33   49.38   49.53   46.69   49.37   47.53   46.83   47.43   46.15   46.89   49.23   46.77   46.46   23.61   23.53   23.88   24.22   21.28   24.22   24.57   22.49   24.14   22.49   23.34   22.65   25.35   25.87   25.27
     8: WP_004022303|Gordonia_terrae|Non   59.88   53.15   65.55   70.12   77.68   78.33   78.49  100.00   81.41   80.81   80.73   78.33   78.33   77.78   83.61   82.85   84.44   42.68   45.91   43.94   43.83   43.03   39.42   39.48   44.24   46.22   49.38   48.28   45.51   49.06   47.08   44.14   45.05   44.65   45.51   47.99   46.15   45.85   23.10   23.88   23.53   22.84   22.82   23.53   24.22   21.80   23.10   24.22   23.69   23.00   25.00   24.83   24.91
     9: WP_006333719|Gordonia_rhizospher   59.58   53.45   70.43   71.98   80.35   79.21   79.10   81.41  100.00   84.06   82.20   78.65   79.21   80.34   83.99   82.61   82.02   45.73   47.17   45.67   44.14   43.96   40.17   39.37   45.79   49.24   48.75   48.28   47.25   50.63   45.85   46.85   47.15   47.09   47.37   48.92   47.38   46.77   24.48   24.57   24.91   25.61   22.48   25.61   25.61   23.18   25.17   24.91   23.69   23.69   26.04   26.57   26.33
    10: YP_002780926|Rhodococcus_opacus_   59.64   53.47   66.56   71.43   78.99   80.92   84.39   80.81   84.06  100.00   94.80   84.68   88.15   87.28   84.68   84.07   81.79   44.17   47.78   44.29   44.72   42.24   39.65   40.29   46.25   47.11   49.06   48.28   47.37   51.26   47.53   46.22   46.83   45.23   47.20   48.30   46.46   46.15   23.96   23.53   23.53   23.88   21.62   24.57   26.30   23.88   25.52   22.15   24.04   23.00   23.96   26.22   25.62
    11: YP_703823|Rhodococcus_jostii_RHA   59.04   52.57   66.26   70.71   79.13   81.67   83.89   80.73   82.20   94.80  100.00   84.72   86.39   86.11   84.17   82.56   81.39   44.17   47.47   44.64   45.03   42.55   39.42   40.92   46.88   47.42   49.38   48.90   46.97   51.89   48.15   46.22   46.83   44.62   46.58   48.61   46.15   45.85   24.65   23.88   23.88   24.22   21.28   24.57   25.95   23.88   25.52   22.15   24.04   22.65   23.61   25.87   25.27
    12: YP_119260|Nocardia_farcinica_IFM   58.38   51.95   67.68   69.41   80.40   79.01   80.56   78.33   78.65   84.68   84.72  100.00   90.66   89.01   79.83   80.35   78.18   44.51   48.11   45.67   44.44   43.96   39.26   40.74   47.04   50.45   50.63   51.10   46.99   51.89   47.38   46.85   47.15   46.79   47.37   48.30   45.85   45.85   25.17   25.61   25.95   26.64   22.15   25.61   26.30   23.88   25.52   23.88   25.09   21.60   25.69   26.57   26.33
    13: WP_003936036|Rhodococcus_ruber|N   58.98   52.55   67.07   70.88   78.67   79.56   80.56   78.33   79.21   88.15   86.39   90.66  100.00   92.58   80.39   79.77   78.18   44.82   49.06   45.67   44.44   43.34   38.97   40.17   45.79   50.15   50.63   50.78   46.70   52.83   48.31   47.15   47.45   46.48   47.37   47.99   45.85   46.46   23.45   24.57   25.26   25.95   22.48   24.57   26.30   24.57   26.21   22.15   24.39   23.00   25.00   26.57   26.33
    14: WP_006551040|Rhodococcus_pyridin   57.78   51.65   66.77   70.29   77.23   80.39   81.67   77.78   80.34   87.28   86.11   89.01   92.58  100.00   80.66   79.77   78.73   46.65   49.69   45.67   44.75   44.58   40.97   41.88   46.73   50.76   49.38   50.47   46.99   53.77   47.38   48.05   48.65   46.48   47.37   48.92   46.77   47.08   23.79   23.53   23.88   24.57   21.14   24.22   25.95   23.18   24.83   23.88   24.39   21.95   24.65   25.87   25.62
    15: WP_005195149|Gordonia_rubriperti   58.38   52.85   67.38   70.59   77.81   82.87   81.11   83.61   83.99   84.68   84.17   79.83   80.39   80.66  100.00   85.55   86.19   44.51   46.54   44.64   44.14   42.72   38.90   38.40   45.48   47.13   47.81   47.34   45.53   50.63   46.77   45.35   45.95   44.95   45.82   47.68   45.54   44.92   25.52   23.18   22.49   23.18   21.48   26.30   26.30   23.53   24.48   24.91   25.09   24.74   25.69   27.27   26.69
    16: WP_020793392|Gordonia_sp_NB4-1Y|   59.58   52.85   67.38   71.09   79.12   81.21   79.65   82.85   82.61   84.07   82.56   80.35   79.77   79.77   85.55  100.00   88.15   44.82   46.54   43.60   43.21   43.34   40.64   41.23   46.42   47.73   48.44   47.96   46.88   50.63   46.15   46.25   46.85   44.95   45.82   47.06   44.31   44.00   22.76   24.22   24.22   24.57   21.14   25.61   25.26   22.84   23.79   23.53   24.39   23.34   24.65   26.57   26.69
    17: WP_005207353|Gordonia_sputi|Non    58.38   52.25   65.85   69.12   76.66   80.66   78.33   84.44   82.02   81.79   81.39   78.18   78.18   78.73   86.19   88.15  100.00   44.21   45.28   43.60   43.21   43.03   39.77   39.54   44.86   46.83   48.44   47.96   45.82   50.31   46.77   44.74   45.35   44.34   45.20   47.06   44.92   44.00   23.45   22.84   22.49   22.84   21.81   25.26   24.22   21.80   23.45   23.53   23.34   23.34   25.00   25.17   25.27
    18: WP_018634325|Meganema_perideroed   47.26   44.82   44.04   43.87   43.90   44.51   42.64   42.68   45.73   44.17   44.17   44.51   44.82   46.65   44.51   44.82   44.21  100.00   54.89   50.86   48.31   51.85   48.94   48.02   48.45   51.22   51.40   53.12   53.23   53.29   53.37   56.53   56.53   54.27   54.63   57.19   56.75   56.75   24.14   21.18   21.53   20.49   23.15   25.95   26.99   25.26   25.17   23.79   24.74   20.56   23.96   23.08   23.49
    19: WP_009476136|Rhodococcus_sp_JVH1   49.08   48.11   45.28   46.86   45.28   47.17   47.15   45.91   47.17   47.78   47.47   48.11   49.06   49.69   46.54   46.54   45.28   54.89  100.00   50.71   51.41   53.16   51.74   51.42   52.53   58.23   55.10   56.09   56.87   60.38   57.91   60.06   59.75   59.06   58.86   58.10   57.46   58.73   22.48   22.49   23.18   22.84   21.31   25.95   24.57   23.53   24.83   23.53   23.34   23.69   27.08   26.92   27.40
    20: ZP_05373192|Geobacillus_sp_Y4MC1   50.52   47.75   47.40   44.64   42.91   46.02   47.40   43.94   45.67   44.29   44.64   45.67   45.67   45.67   44.64   43.60   43.60   50.86   50.71  100.00   66.32   60.76   57.59   57.24   55.24   58.28   60.28   60.98   60.34   59.79   64.48   63.79   64.48   60.69   63.89   65.61   65.17   64.14   26.09   21.32   22.48   22.48   22.99   23.46   22.39   19.69   20.77   23.08   21.79   22.57   26.36   26.95   25.78
    21: P31003|Geobacillus_stearothermop   45.71   43.38   40.74   42.28   41.67   43.52   44.72   43.83   44.14   44.72   45.03   44.44   44.44   44.75   44.14   43.21   43.21   48.31   51.41   66.32  100.00   58.51   58.02   58.64   50.47   54.80   54.06   53.92   55.94   59.43   57.59   58.77   59.08   56.75   59.44   62.07   60.25   61.49   25.09   22.57   22.57   21.53   18.67   24.31   24.31   22.92   23.18   21.45   23.78   24.48   26.48   28.07   27.14
    22: YP_006460639|Solibacillus_silves   50.15   47.37   44.27   43.96   41.18   43.34   45.03   43.03   43.96   42.24   42.55   43.96   43.34   44.58   42.72   43.34   43.03   51.85   53.16   60.76   58.51  100.00   72.84   69.14   56.21   58.82   59.19   59.38   59.81   60.82   64.81   63.27   62.96   60.80   62.96   60.62   61.30   59.44   24.91   22.57   22.92   21.53   25.68   26.99   28.37   25.26   26.21   26.99   28.92   24.39   31.25   29.72   30.25
    23: WP_017549789|Salinicoccus_carnic   45.95   44.44   42.51   41.30   38.71   39.77   40.87   39.42   40.17   39.65   39.42   39.26   38.97   40.97   38.90   40.64   39.77   48.94   51.74   57.59   58.02   72.84  100.00   79.71   51.24   55.42   55.45   55.94   53.62   59.87   59.20   57.78   57.19   59.15   59.88   56.79   57.36   57.36   23.10   23.26   22.57   21.53   23.57   26.99   26.99   24.57   25.52   27.34   27.53   23.69   28.47   27.27   28.11
    24: WP_008297703|Bhargavaea_cecemben   44.44   42.34   40.98   40.71   39.88   39.26   40.92   39.48   39.37   40.29   40.92   40.74   40.17   41.88   38.40   41.23   39.54   48.02   51.42   57.24   58.64   69.14   79.71  100.00   50.46   53.61   56.07   55.31   53.60   59.25   61.04   56.59   55.99   58.84   60.49   58.02   57.67   57.67   23.37   22.49   22.15   21.80   22.82   25.95   25.61   24.22   25.52   24.22   26.48   23.34   28.12   26.92   27.05
    25: YP_002522601|Thermomicrobium_ros   48.91   47.35   46.11   46.11   44.24   43.93   46.25   44.24   45.79   46.25   46.88   47.04   45.79   46.73   45.48   46.42   44.86   48.45   52.53   55.24   50.47   56.21   51.24   50.46  100.00   65.12   59.44   60.75   59.01   57.05   56.52   58.70   58.39   55.90   58.70   58.12   57.94   57.94   27.49   23.63   23.97   25.00   23.57   28.37   25.95   23.18   22.76   28.03   25.09   21.95   25.00   27.27   27.05
    26: YP_004102621|Thermaerobacter_mar   51.36   50.76   49.08   49.24   48.78   47.73   48.33   46.22   49.24   47.11   47.42   50.45   50.15   50.76   47.13   47.73   46.83   51.22   58.23   58.28   54.80   58.82   55.42   53.61   65.12  100.00   69.66   70.19   68.79   62.89   60.92   63.86   62.95   64.22   64.09   63.04   61.54   63.08   24.48   23.79   24.14   24.48   26.01   28.12   26.74   23.96   25.61   27.78   25.17   22.73   29.62   29.12   29.54
    27: YP_004202322|Thermus_scotoductus   55.31   54.06   50.94   50.94   45.31   48.75   49.38   49.38   48.75   49.06   49.38   50.63   50.63   49.38   47.81   48.44   48.44   51.40   55.10   60.28   54.06   59.19   55.45   56.07   59.44   69.66  100.00   91.30   91.02   65.52   62.31   64.49   65.11   65.11   66.98   66.77   64.17   63.55   25.00   26.12   26.46   25.43   22.45   24.91   24.91   23.53   24.48   24.22   24.74   21.60   26.74   27.27   26.33
    28: YP_006973298|Thermus_oshimai_JL-   54.55   51.72   50.47   51.41   47.02   48.90   49.53   48.28   48.28   48.28   48.90   51.10   50.78   50.47   47.34   47.96   47.96   53.12   56.09   60.98   53.92   59.38   55.94   55.31   60.75   70.19   91.30  100.00   91.33   65.72   61.87   64.06   64.69   65.31   65.31   65.62   63.75   63.13   25.17   27.24   27.24   26.21   22.95   26.04   26.74   24.65   24.57   24.31   25.87   21.33   26.83   28.42   27.86
    29: YP_006061640|Thermus_thermophilu   53.05   52.13   50.46   49.25   44.21   46.40   46.69   45.51   47.25   47.37   46.97   46.99   46.70   46.99   45.53   46.88   45.82   53.23   56.87   60.34   55.94   59.81   53.62   53.60   59.01   68.79   91.02   91.33  100.00   66.14   60.99   64.74   64.44   64.81   68.22   67.91   65.74   65.43   25.78   26.46   26.12   25.09   22.53   24.22   26.99   23.88   23.79   25.26   24.39   22.30   26.74   27.97   27.05
    30: WP_017728832|Bacillus_sp_L1|Non    51.57   48.43   47.48   47.80   48.11   51.26   49.37   49.06   50.63   51.26   51.89   51.89   52.83   53.77   50.63   50.63   50.31   53.29   60.38   59.79   59.43   60.82   59.87   59.25   57.05   62.89   65.52   65.72   66.14  100.00   69.59   68.65   69.91   67.71   67.08   68.24   66.46   67.08   29.02   22.92   22.92   22.92   22.53   25.95   26.30   24.57   25.52   26.64   24.04   20.91   27.78   27.97   27.05
    31: WP_017727756|Bacillus_sp_L1|Non    49.23   46.46   47.08   46.15   44.31   46.77   47.53   47.08   45.85   47.53   48.15   47.38   48.31   47.38   46.77   46.15   46.77   53.37   57.91   64.48   57.59   64.81   59.20   61.04   56.52   60.92   62.31   61.87   60.99   69.59  100.00   67.48   67.79   66.26   70.99   70.62   68.31   66.46   26.64   22.57   22.22   21.88   23.65   26.64   24.22   21.80   22.76   28.03   24.04   21.95   27.78   27.62   27.76
    32: YP_001276896|Roseiflexus_sp_RS-1   52.10   50.00   49.85   51.06   44.38   45.35   46.83   44.14   46.85   46.22   46.22   46.85   47.15   48.05   45.35   46.25   44.74   56.53   60.06   63.79   58.77   63.27   57.78   56.59   58.70   63.86   64.49   64.06   64.74   68.65   67.48  100.00   96.12   75.68   72.84   70.99   72.39   72.39   26.12   23.96   23.96   24.65   22.82   28.37   28.03   23.88   23.45   29.07   24.04   24.04   29.51   29.02   28.47
    33: YP_001432511|Roseiflexus_castenh   52.69   50.60   51.07   50.76   44.68   45.95   47.43   45.05   47.15   46.83   46.83   47.15   47.45   48.65   45.95   46.85   45.35   56.53   59.75   64.48   59.08   62.96   57.19   55.99   58.39   62.95   65.11   64.69   64.44   69.91   67.79   96.12  100.00   74.77   73.77   72.22   72.70   72.39   26.12   22.57   22.57   23.26   22.48   27.68   28.37   24.22   24.48   28.37   24.04   23.00   29.17   27.27   26.69
    34: YP_002521572|Thermomicrobium_ros   53.94   49.09   48.62   50.00   44.95   45.57   46.15   44.65   47.09   45.23   44.62   46.79   46.48   46.48   44.95   44.95   44.34   54.27   59.06   60.69   56.75   60.80   59.15   58.84   55.90   64.22   65.11   65.31   64.81   67.71   66.26   75.68   74.77  100.00   75.93   74.38   73.01   73.31   25.94   25.35   25.35   26.04   25.67   28.72   29.07   25.61   24.48   29.76   24.74   24.74   28.47   28.67   28.47
    35: YP_145489|Thermus_thermophilus_H   52.94   50.77   50.77   48.61   44.58   45.82   46.89   45.51   47.37   47.20   46.58   47.37   47.37   47.37   45.82   45.82   45.20   54.63   58.86   63.89   59.44   62.96   59.88   60.49   58.70   64.09   66.98   65.31   68.22   67.08   70.99   72.84   73.77   75.93  100.00   83.12   82.97   81.73   25.26   22.57   22.57   22.57   22.64   26.99   25.95   22.49   23.45   28.03   26.13   23.34   27.08   26.92   26.33
    36: YP_005444036|Caldilinea_aerophil   51.08   50.15   51.41   50.93   47.34   47.06   49.23   47.99   48.92   48.30   48.61   48.30   47.99   48.92   47.68   47.06   47.06   57.19   58.10   65.61   62.07   60.62   56.79   58.02   58.12   63.04   66.77   65.62   67.91   68.24   70.62   70.99   72.22   74.38   83.12  100.00   93.44   92.50   25.69   23.26   23.61   23.61   23.73   26.99   26.64   23.18   23.45   26.99   25.09   22.65   27.43   27.62   26.69
    37: YP_002463355|Chloroflexus_aggreg   50.15   49.54   49.85   49.38   44.62   44.92   46.77   46.15   47.38   46.46   46.15   45.85   45.85   46.77   45.54   44.31   44.92   56.75   57.46   65.17   60.25   61.30   57.36   57.67   57.94   61.54   64.17   63.75   65.74   66.46   68.31   72.39   72.70   73.01   82.97   93.44  100.00   93.87   24.65   21.88   22.57   22.57   22.71   26.30   25.26   22.15   22.41   26.30   23.34   21.95   25.69   25.87   24.91
    38: YP_001634965|Chloroflexus_aurant   50.77   49.85   49.23   50.00   44.62   44.31   46.46   45.85   46.77   46.15   45.85   45.85   46.46   47.08   44.92   44.00   44.00   56.75   58.73   64.14   61.49   59.44   57.36   57.67   57.94   63.08   63.55   63.13   65.43   67.08   66.46   72.39   72.39   73.31   81.73   92.50   93.87  100.00   26.04   23.26   23.61   23.61   23.05   26.99   26.30   23.18   23.45   26.64   23.69   22.30   26.74   26.92   25.98
    39: YP_001262039|Sphingomonas_wittic   22.82   25.17   21.72   21.38   23.10   24.48   23.61   23.10   24.48   23.96   24.65   25.17   23.45   23.79   25.52   22.76   23.45   24.14   22.48   26.09   25.09   24.91   23.10   23.37   27.49   24.48   25.00   25.17   25.78   29.02   26.64   26.12   26.12   25.94   25.26   25.69   24.65   26.04  100.00   28.83   28.83   28.47   27.30   31.00   28.10   25.72   25.82   29.52   29.41   26.35   27.47   27.84   27.24
    40: ZP_05102755|Roseobacter_sp_GAI10   25.61   25.35   23.88   23.88   24.57   23.88   23.53   23.88   24.57   23.53   23.88   25.61   24.57   23.53   23.18   24.22   22.84   21.18   22.49   21.32   22.57   22.57   23.26   22.49   23.63   23.79   26.12   27.24   26.46   22.92   22.57   23.96   22.57   25.35   22.57   23.26   21.88   23.26   28.83  100.00   89.14   87.50   30.66   31.54   29.64   27.14   25.98   31.79   29.50   28.98   30.82   31.54   31.02
    41: ZP_01746319|Sagittula_stellata_E   26.64   26.04   23.53   24.57   24.91   23.88   23.88   23.53   24.91   23.53   23.88   25.95   25.26   23.88   22.49   24.22   22.49   21.53   23.18   22.48   22.57   22.92   22.57   22.15   23.97   24.14   26.46   27.24   26.12   22.92   22.22   23.96   22.57   25.35   22.57   23.61   22.57   23.61   28.83   89.14  100.00   92.11   31.01   30.82   30.36   27.14   26.69   32.50   31.29   30.39   30.82   32.62   31.75
    42: YP_354537|Rhodobacter_sphaeroide   25.95   25.69   24.91   24.57   24.91   24.22   24.22   22.84   25.61   23.88   24.22   26.64   25.95   24.57   23.18   24.57   22.84   20.49   22.84   22.48   21.53   21.53   21.53   21.80   25.00   24.48   25.43   26.21   25.09   22.92   21.88   24.65   23.26   26.04   22.57   23.61   22.57   23.61   28.47   87.50   92.11  100.00   29.62   30.47   31.07   27.14   25.98   32.14   30.58   31.10   32.26   32.62   31.75
    43: WP_020497497|Sciscionella_marina   25.90   24.75   21.14   22.82   22.15   21.81   21.28   22.82   22.48   21.62   21.28   22.15   22.48   21.14   21.48   21.14   21.81   23.15   21.31   22.99   18.67   25.68   23.57   22.82   23.57   26.01   22.45   22.95   22.53   22.53   23.65   22.82   22.48   25.67   22.64   23.73   22.71   23.05   27.30   30.66   31.01   29.62  100.00   33.92   34.75   31.91   31.69   31.69   32.27   28.07   29.18   27.40   27.90
    44: YP_002523609|Thermomicrobium_ros   27.68   26.21   24.22   25.61   25.95   25.95   24.22   23.53   25.61   24.57   24.57   25.61   24.57   24.22   26.30   25.61   25.26   25.95   25.95   23.46   24.31   26.99   26.99   25.95   28.37   28.12   24.91   26.04   24.22   25.95   26.64   28.37   27.68   28.72   26.99   26.99   26.30   26.99   31.00   31.54   30.82   30.47   33.92  100.00   39.04   38.14   38.14   37.72   42.81   34.29   36.65   39.07   40.00
    45: WP_009505771|Citreicella_sp_357|   27.68   28.62   25.26   26.64   25.26   25.61   24.57   24.22   25.61   26.30   25.95   26.30   26.30   25.95   26.30   25.26   24.22   26.99   24.57   22.39   24.31   28.37   26.99   25.61   25.95   26.74   24.91   26.74   26.99   26.30   24.22   28.03   28.37   29.07   25.95   26.64   25.26   26.30   28.10   29.64   30.36   31.07   34.75   39.04  100.00   71.81   69.26   43.30   43.71   34.77   41.28   39.57   39.56
    46: YP_004305830|Polymorphum_gilvum_   25.61   25.52   23.18   24.22   23.18   23.18   22.49   21.80   23.18   23.88   23.88   23.88   24.57   23.18   23.53   22.84   21.80   25.26   23.53   19.69   22.92   25.26   24.57   24.22   23.18   23.96   23.53   24.65   23.88   24.57   21.80   23.88   24.22   25.61   22.49   23.18   22.15   23.18   25.72   27.14   27.14   27.14   31.91   38.14   71.81  100.00   81.61   42.01   42.56   37.99   42.61   40.93   41.30
    47: YP_004305803|Polymorphum_gilvum_   26.90   25.86   22.76   24.48   23.79   24.83   24.14   23.10   25.17   25.52   25.52   25.52   26.21   24.83   24.48   23.79   23.45   25.17   24.83   20.77   23.18   26.21   25.52   25.52   22.76   25.61   24.48   24.57   23.79   25.52   22.76   23.45   24.48   24.48   23.45   23.45   22.41   23.45   25.82   25.98   26.69   25.98   31.69   38.14   69.26   81.61  100.00   40.69   43.30   37.72   42.31   40.64   41.37
    48: YP_002524216|Thermomicrobium_ros   25.61   25.35   24.91   24.91   23.18   23.18   22.49   24.22   24.91   22.15   22.15   23.88   22.15   23.88   24.91   23.53   23.53   23.79   23.53   23.08   21.45   26.99   27.34   24.22   28.03   27.78   24.22   24.31   25.26   26.64   28.03   29.07   28.37   29.76   28.03   26.99   26.30   26.64   29.52   31.79   32.50   32.14   31.69   37.72   43.30   42.01   40.69  100.00   48.07   42.14   46.45   44.44   44.89
    49: BAD08308|Bacillus_sp_JF8|Cat       24.39   25.09   23.69   24.39   24.04   23.34   23.34   23.69   23.69   24.04   24.04   25.09   24.39   24.39   25.09   24.39   23.34   24.74   23.34   21.79   23.78   28.92   27.53   26.48   25.09   25.17   24.74   25.87   24.39   24.04   24.04   24.04   24.04   24.74   26.13   25.09   23.34   23.69   29.41   29.50   31.29   30.58   32.27   42.81   43.71   42.56   43.30   48.07  100.00   46.59   48.43   48.94   48.75
    50: YP_004243257|Arthrobacter_phenan   26.83   26.83   23.00   23.00   21.95   22.65   22.65   23.00   23.69   23.00   22.65   21.60   23.00   21.95   24.74   23.34   23.34   20.56   23.69   22.57   24.48   24.39   23.69   23.34   21.95   22.73   21.60   21.33   22.30   20.91   21.95   24.04   23.00   24.74   23.34   22.65   21.95   22.30   26.35   28.98   30.39   31.10   28.07   34.29   34.77   37.99   37.72   42.14   46.59  100.00   55.83   57.34   56.94
    51: YP_002777131|Rhodococcus_opacus_   26.39   27.43   25.35   25.69   25.35   24.65   25.35   25.00   26.04   23.96   23.61   25.69   25.00   24.65   25.69   24.65   25.00   23.96   27.08   26.36   26.48   31.25   28.47   28.12   25.00   29.62   26.74   26.83   26.74   27.78   27.78   29.51   29.17   28.47   27.08   27.43   25.69   26.74   27.47   30.82   30.82   32.26   29.18   36.65   41.28   42.61   42.31   46.45   48.43   55.83  100.00   78.12   76.68
    52: WP_020501057|Sciscionella_marina   27.97   29.72   25.87   26.92   25.87   25.17   25.87   24.83   26.57   26.22   25.87   26.57   26.57   25.87   27.27   26.57   25.17   23.08   26.92   26.95   28.07   29.72   27.27   26.92   27.27   29.12   27.27   28.42   27.97   27.97   27.62   29.02   27.27   28.67   26.92   27.62   25.87   26.92   27.84   31.54   32.62   32.62   27.40   39.07   39.57   40.93   40.64   44.44   48.94   57.34   78.12  100.00   93.36
    53: WP_017981158|Amycolatopsis_metha   29.18   30.25   25.27   26.33   25.62   25.27   25.27   24.91   26.33   25.62   25.27   26.33   26.33   25.62   26.69   26.69   25.27   23.49   27.40   25.78   27.14   30.25   28.11   27.05   27.05   29.54   26.33   27.86   27.05   27.05   27.76   28.47   26.69   28.47   26.33   26.69   24.91   25.98   27.24   31.02   31.75   31.75   27.90   40.00   39.56   41.30   41.37   44.89   48.75   56.94   76.68   93.36  100.00
