#
#
#  Percent Identity  Matrix - created by Clustal2.1 
#
#

     1: ZP_03266981|Burkholderia_sp_H160  100.00   40.60   46.34   40.14   41.18   40.83   41.87   41.52   44.83   43.20   42.52   45.95   45.33   45.39   45.33   47.40   45.08   46.10   46.44   43.94   45.14   43.40   44.93   47.95   46.18
     2: WP_006956047|Sphingobium_japonic   40.60  100.00   46.55   43.84   44.18   44.52   44.86   44.52   46.08   43.77   44.11   44.30   45.21   45.96   44.52   48.29   46.31   46.98   46.98   43.84   45.02   47.42   43.14   43.73   42.96
     3: ZP_02891595|Burkholderia_ambifar   46.34   46.55  100.00   47.06   48.44   48.10   48.44   48.10   50.00   47.59   47.59   48.96   50.87   52.31   53.98   53.63   53.29   54.33   54.33   51.21   49.83   50.52   50.87   52.94   50.17
     4: AAK31621|Delftia_acidovorans_SMN   40.14   43.84   47.06  100.00   90.10   89.08   90.78   91.13   56.70   54.11   53.08   63.57   60.75   66.20   63.70   62.67   63.01   64.04   63.70   45.89   48.45   48.80   49.32   50.34   47.77
     5: AF190706|Pseudomonas_sp_SY5|Dhb    41.18   44.18   48.44   90.10  100.00   94.20   95.56   95.90   57.04   55.14   54.11   62.54   62.46   65.49   63.36   63.70   64.04   65.07   64.73   45.21   47.42   48.45   47.95   50.34   48.11
     6: P17297|Pseudomonas_sp_KKS102|Dhb   40.83   44.52   48.10   89.08   94.20  100.00   95.56   95.90   57.39   56.16   55.14   63.57   64.16   67.25   65.75   64.73   65.07   66.10   65.75   45.55   47.77   48.80   48.29   49.32   48.11
     7: BAD02285|Comamonas_testosteroni_   41.87   44.86   48.44   90.78   95.56   95.56  100.00   99.66   58.08   56.16   55.14   65.29   64.85   68.31   66.44   66.10   66.44   67.47   67.12   46.23   49.48   50.52   48.63   51.03   49.48
     8: AF468021|Pseudomonas_sp_NCIMB_10   41.52   44.52   48.10   91.13   95.90   95.90   99.66  100.00   58.42   56.51   55.48   64.95   64.51   68.66   66.10   65.75   66.10   67.12   66.78   45.89   49.14   50.17   48.29   50.68   49.14
     9: AAB36672|Pseudomonas_sp_JR1|Ipc    44.83   46.08   50.00   56.70   57.04   57.39   58.08   58.42  100.00   83.01   83.66   62.76   59.11   71.83   65.29   62.20   62.89   63.92   63.92   50.52   54.30   53.61   52.58   52.58   50.86
    10: AAC03441|Pseudomonas_putida_RE20   43.20   43.77   47.59   54.11   55.14   56.16   56.16   56.51   83.01  100.00   94.52   62.59   60.62   67.37   63.70   60.62   61.02   62.03   62.03   45.89   53.61   51.20   50.17   50.85   48.80
    11: CAB99201|Pseudomonas_putida_01G3   42.52   44.11   47.59   53.08   54.11   55.14   55.14   55.48   83.66   94.52  100.00   60.88   59.59   68.07   63.36   60.27   61.02   61.36   61.36   45.89   53.26   51.89   49.49   49.83   48.45
    12: ABX56043|Dyella_ginsengisoli_LA-   45.95   44.30   48.96   63.57   62.54   63.57   65.29   64.95   62.76   62.59   60.88  100.00   65.29   74.56   73.54   73.20   71.38   72.39   72.05   52.23   57.93   56.21   54.28   57.48   57.24
    13: AAB64219|Comamonas_testosteroni_   45.33   45.21   50.87   60.75   62.46   64.16   64.85   64.51   59.11   60.62   59.59   65.29  100.00   69.37   76.03   73.29   73.97   75.34   75.34   50.00   52.92   52.23   52.05   53.42   50.52
    14: AGM34780|Burkholderia_fungorum|N   45.39   45.96   52.31   66.20   65.49   67.25   68.31   68.66   71.83   67.37   68.07   74.56   69.37  100.00   84.51   79.23   79.93   80.99   80.63   51.06   54.42   54.06   54.58   55.28   53.36
    15: YP_973175|Polaromonas_naphthalen   45.33   44.52   53.98   63.70   63.36   65.75   66.44   66.10   65.29   63.70   63.36   73.54   76.03   84.51  100.00   85.62   88.01   88.70   88.36   53.77   54.98   53.61   55.14   54.11   52.58
    16: CAA62978|Pseudomonas_putida_OU83   47.40   48.29   53.63   62.67   63.70   64.73   66.10   65.75   62.20   60.62   60.27   73.20   73.29   79.23   85.62  100.00   92.12   93.84   93.49   54.45   54.98   53.61   56.51   54.11   53.26
    17: AAK14787|Pseudomonas_sp_Cam-1|Dh   45.08   46.31   53.29   63.01   64.04   65.07   66.44   66.10   62.89   61.02   61.02   71.38   73.97   79.93   88.01   92.12  100.00   98.32   97.99   51.71   54.98   53.95   53.69   53.56   51.89
    18: YP_556403|Burkholderia_xenovoran   46.10   46.98   54.33   64.04   65.07   66.10   67.47   67.12   63.92   62.03   61.36   72.39   75.34   80.99   88.70   93.84   98.32  100.00   99.66   52.74   55.67   54.30   54.70   54.58   52.92
    19: AAA25749|Pseudomonas_pseudoalcal   46.44   46.98   54.33   63.70   64.73   65.75   67.12   66.78   63.92   62.03   61.36   72.05   75.34   80.63   88.36   93.49   97.99   99.66  100.00   53.08   56.01   54.30   54.70   54.58   52.92
    20: BAH80175|Lysobacter_sp_OC7|Dhb     43.94   43.84   51.21   45.89   45.21   45.55   46.23   45.89   50.52   45.89   45.89   52.23   50.00   51.06   53.77   54.45   51.71   52.74   53.08  100.00   55.67   54.64   56.51   58.90   56.70
    21: AAD04861|Ralstonia_sp_PS12|Cat     45.14   45.02   49.83   48.45   47.42   47.77   49.48   49.14   54.30   53.61   53.26   57.93   52.92   54.42   54.98   54.98   54.98   55.67   56.01   55.67  100.00   83.51   69.42   68.04   64.60
    22: YP_001268191|Pseudomonas_putida_   43.40   47.42   50.52   48.80   48.45   48.80   50.52   50.17   53.61   51.20   51.89   56.21   52.23   54.06   53.61   53.61   53.95   54.30   54.30   54.64   83.51  100.00   69.42   65.64   63.92
    23: YP_707260|Rhodococcus_jostii_RHA   44.93   43.14   50.87   49.32   47.95   48.29   48.63   48.29   52.58   50.17   49.49   54.28   52.05   54.58   55.14   56.51   53.69   54.70   54.70   56.51   69.42   69.42  100.00   72.20   69.76
    24: BAM76241|Janibacter_sp_TYM3221|N   47.95   43.73   52.94   50.34   50.34   49.32   51.03   50.68   52.58   50.85   49.83   57.48   53.42   55.28   54.11   54.11   53.56   54.58   54.58   58.90   68.04   65.64   72.20  100.00   79.04
    25: P47231|Rhodococcus_globerulus_P6   46.18   42.96   50.17   47.77   48.11   48.11   49.48   49.14   50.86   48.80   48.45   57.24   50.52   53.36   52.58   53.26   51.89   52.92   52.92   56.70   64.60   63.92   69.76   79.04  100.00
