#
#
#  Percent Identity  Matrix - created by Clustal2.1 
#
#

     1: tr|D8WWC1|D8WWC1_9FIRM          100.00   50.00   58.62   58.62   58.06   59.68
     2: tr|A0A562VLE1|A0A562VLE1_9BACT   50.00  100.00   56.90   60.34   43.10   56.90
     3: tr|D2XBH9|D2XBH9_9BACT           58.62   56.90  100.00   81.03   53.45   65.52
     4: tr|D8FBK8|D8FBK8_9DELT           58.62   60.34   81.03  100.00   55.17   62.07
     5: tr|R4KAJ4|R4KAJ4_9FIRM           58.06   43.10   53.45   55.17  100.00   75.81
     6: tr|R4KCA8|R4KCA8_9FIRM           59.68   56.90   65.52   62.07   75.81  100.00
