#
#
#  Percent Identity  Matrix - created by Clustal2.1 
#
#

     1: YP_006837504|Cycloclasticus_sp_P  100.00   43.48   42.62   41.30   40.27   45.76   42.47   42.09   44.83   43.48   43.58   46.08   48.48   42.23   42.91
     2: BAA07956|Pseudomonas_sp_DJ-12|Dh   43.48  100.00   47.49   44.37   51.02   50.17   48.52   46.86   47.30   48.52   52.20   53.08   53.62   48.65   48.99
     3: WP_010811998|Ralstonia_sp_GA3-3|   42.62   47.49  100.00   43.84   52.22   54.08   52.35   48.31   51.90   52.68   54.24   51.19   54.21   51.19   50.51
     4: WP_004821545|Acinetobacter_guill   41.30   44.37   43.84  100.00   46.05   54.58   50.85   47.44   50.35   50.17   43.49   48.79   49.48   40.27   42.32
     5: ZP_03265555|Burkholderia_sp_H160   40.27   51.02   52.22   46.05  100.00   52.05   52.38   49.66   52.63   52.04   47.28   51.89   54.45   49.83   49.49
     6: AAB57639|Pseudomonas_nitroreduce   45.76   50.17   54.08   54.58   52.05  100.00   62.63   58.64   60.00   60.27   59.04   55.17   52.56   51.70   52.38
     7: ZP_07047661|Comamonas_testostero   42.47   48.52   52.35   50.85   52.38   62.63  100.00   92.46   77.52   78.18   55.25   49.66   50.17   47.30   47.30
     8: BAA11884|Pseudomonas_sp_P20|Non    42.09   46.86   48.31   47.44   49.66   58.64   92.46  100.00   70.95   72.13   51.54   46.90   48.50   45.24   44.90
     9: WP_018436634|Burkholderia_sp_JPY   44.83   47.30   51.90   50.35   52.63   60.00   77.52   70.95  100.00   91.61   53.50   48.06   53.06   48.08   49.13
    10: ZP_03269888|Burkholderia_sp_H160   43.48   48.52   52.68   50.17   52.04   60.27   78.18   72.13   91.61  100.00   52.88   48.97   52.15   46.62   48.31
    11: YP_001263534|Sphingomonas_wittic   43.58   52.20   54.24   43.49   47.28   59.04   55.25   51.54   53.50   52.88  100.00   60.68   55.29   51.70   53.74
    12: YP_002361787|Methylocella_silves   46.08   53.08   51.19   48.79   51.89   55.17   49.66   46.90   48.06   48.97   60.68  100.00   59.66   54.98   55.33
    13: YP_003590685|Bacillus_tusciae_DS   48.48   53.62   54.21   49.48   54.45   52.56   50.17   48.50   53.06   52.15   55.29   59.66  100.00   59.52   57.48
    14: WP_008002751|Pseudomonas_sp_GM49   42.23   48.65   51.19   40.27   49.83   51.70   47.30   45.24   48.08   46.62   51.70   54.98   59.52  100.00   85.47
    15: WP_019690191|Pseudomonas_fluores   42.91   48.99   50.51   42.32   49.49   52.38   47.30   44.90   49.13   48.31   53.74   55.33   57.48   85.47  100.00
