#
#
#  Percent Identity  Matrix - created by Clustal2.1 
#
#

     1: tr|A0A3A4N8V8|A0A3A4N8V8_9BACT  100.00   74.59   77.28   75.49   76.37   75.54   73.86   64.56   64.04   64.08   62.63
     2: tr|A0A933VT27|A0A933VT27_UNCPO   74.59  100.00   77.23   74.59   77.48   79.24   78.28   65.50   63.33   63.95   62.40
     3: tr|A0A933RS29|A0A933RS29_UNCPO   77.28   77.23  100.00   77.77   75.70   77.15   79.42   64.53   63.29   63.50   61.63
     4: tr|A0A3A4P0U6|A0A3A4P0U6_9BACT   75.49   74.59   77.77  100.00   76.78   79.51   76.45   64.60   63.67   62.23   60.47
     5: tr|A0A3A4P6E0|A0A3A4P6E0_9BACT   76.37   77.48   75.70   76.78  100.00   79.98   77.07   66.15   65.53   65.43   63.67
     6: tr|A0A3A4NZN2|A0A3A4NZN2_9BACT   75.54   79.24   77.15   79.51   79.98  100.00   80.58   65.12   63.57   64.09   62.33
     7: tr|A0A933RLP2|A0A933RLP2_UNCPO   73.86   78.28   79.42   76.45   77.07   80.58  100.00   64.98   63.47   64.26   61.16
     8: tr|A0A7C4WT14|A0A7C4WT14_UNCPS   64.56   65.50   64.53   64.60   66.15   65.12   64.98  100.00   73.92   71.86   71.03
     9: tr|A0A947W4E6|A0A947W4E6_UNCPS   64.04   63.33   63.29   63.67   65.53   63.57   63.47   73.92  100.00   75.00   74.69
    10: tr|A0A1W9Q1U1|A0A1W9Q1U1_9BACT   64.08   63.95   63.50   62.23   65.43   64.09   64.26   71.86   75.00  100.00   84.69
    11: tr|A8ZSU1|A8ZSU1_DESOH           62.63   62.40   61.63   60.47   63.67   62.33   61.16   71.03   74.69   84.69  100.00
