#
#
#  Percent Identity  Matrix - created by Clustal2.1 
#
#

     1: WP_019618785|Pseudoclavibacter_f  100.00   51.22   47.87   49.24   41.90   41.28   44.82   44.21   42.51   43.73   43.73   44.95   41.64   44.34   43.16   34.47   33.64   31.60   38.12   37.46   38.08   34.45   31.50   34.67   32.32   33.33   35.38   33.84   34.25   32.82   36.70   35.19   35.17   34.57   36.11   35.78   36.70   36.70   36.91   37.00   36.09   35.47   39.16   37.31   35.78   38.39   37.77   37.74   35.47   36.39   34.86   36.39   34.86   33.94   35.17   35.17   35.17   36.09   36.09   35.78   34.25   33.03   35.47   35.47   34.86   35.17   36.77   36.09   34.86   31.90   34.15   33.02   38.44   38.44   38.32   37.96   35.94   40.45   37.58   37.70   36.94   36.94   37.26   38.10   33.75   33.44   32.28   32.59   36.79   36.79   37.54   37.54   35.87   36.86   35.00   36.72   35.71   37.31   43.30   44.41   43.48   44.14   42.28   43.21   42.90   38.77   39.38   40.12   39.08   38.46   39.20   41.85   40.43   41.05   40.99   39.75   39.44   39.13   41.98   39.69   44.27   40.92   40.92   43.21   43.83   43.52   44.44   45.37   45.06   44.44   39.56   40.44   38.44   41.43   40.31   39.06   41.25   42.68   42.99   41.12   42.06   40.81   41.74   40.50   41.74   40.50   40.50   42.99   42.24   41.74   44.24   42.68   32.92   38.32
     2: ZP_05728058|Pantoea_sp_At-9b|Non   51.22  100.00   74.48   77.18   46.06   45.76   49.85   50.92   46.20   45.29   44.98   50.15   49.24   44.98   48.34   36.42   36.65   35.17   36.34   37.04   36.42   35.35   32.42   32.41   32.93   33.33   34.15   33.64   34.24   32.10   34.85   33.23   34.55   33.23   35.08   34.85   34.24   35.15   35.02   34.85   36.36   36.97   35.92   33.94   34.85   35.37   37.04   33.44   33.64   34.85   33.94   34.24   35.45   33.94   33.64   33.33   34.24   35.56   34.55   33.94   35.15   34.24   33.64   34.24   34.85   34.85   36.66   35.45   34.85   36.81   36.36   34.78   37.69   38.32   37.27   38.89   40.31   38.85   38.22   38.66   39.49   37.90   37.26   38.73   35.02   33.65   35.13   34.81   38.05   35.85   37.22   39.12   37.14   37.82   36.88   38.36   35.71   38.91   44.38   46.73   47.04   44.58   45.20   44.27   45.20   41.80   41.49   42.11   41.80   42.72   40.87   43.34   40.56   40.87   41.43   40.81   42.06   40.81   42.41   42.72   42.99   43.96   42.72   42.72   43.03   39.94   42.72   43.34   42.72   42.72   41.74   40.00   38.75   41.74   40.94   41.88   40.62   42.06   44.24   43.30   42.99   42.99   43.93   41.12   42.68   42.68   42.99   45.17   44.72   45.17   44.24   42.99   33.33   41.56
     3: YP_007873562|Raoultella_ornithin   47.87   74.48  100.00   79.88   46.36   45.76   45.29   51.23   46.50   44.98   44.98   50.15   50.76   46.81   49.55   36.42   36.96   36.09   36.65   38.89   37.96   36.86   32.73   34.26   34.14   35.76   35.06   35.76   36.06   33.95   35.15   34.77   36.06   35.69   36.92   37.27   35.76   36.67   36.28   35.76   35.45   35.76   36.97   36.06   35.76   36.33   37.96   35.05   35.45   36.97   34.55   36.06   37.88   35.15   35.15   34.85   36.06   37.08   36.97   36.06   35.76   35.15   35.45   35.45   35.76   35.15   37.62   36.36   36.36   35.28   36.67   34.16   37.07   39.88   38.51   38.27   39.06   38.85   39.49   39.30   38.85   38.22   37.58   40.00   35.33   33.65   35.13   34.18   37.42   38.36   37.54   39.43   37.14   37.18   35.94   38.03   34.78   37.69   45.94   47.66   48.29   43.65   45.20   44.27   44.89   45.20   43.34   44.27   43.65   43.96   40.87   45.20   41.18   41.49   41.74   42.68   42.99   42.99   43.65   43.96   46.11   44.27   42.72   43.03   43.65   40.56   43.34   42.72   41.80   40.56   41.43   38.75   38.44   41.43   42.19   42.50   41.25   42.37   42.99   44.24   43.30   43.30   42.68   42.68   42.68   42.37   43.30   44.55   44.41   44.86   45.79   43.61   33.33   40.62
     4: YP_007339483|Enterobacteriaceae_   49.24   77.18   79.88  100.00   43.94   44.24   47.42   51.38   47.42   47.11   47.42   50.46   50.15   45.59   50.45   35.80   33.75   33.84   36.53   37.23   36.92   37.65   32.33   34.15   32.53   35.35   34.95   34.14   33.84   33.23   34.74   34.66   35.35   34.05   36.20   35.65   35.65   36.56   36.16   35.05   34.74   35.35   36.14   34.14   34.44   34.94   38.77   34.29   33.53   35.95   34.14   35.05   35.05   35.05   35.05   34.44   35.05   36.36   35.65   35.05   35.95   34.14   35.35   35.35   35.35   35.35   37.18   35.95   35.35   35.26   38.44   34.46   36.11   39.08   37.54   38.23   40.56   37.46   38.73   38.22   39.05   37.14   36.51   39.87   34.91   34.17   35.02   34.38   37.30   37.30   37.11   37.42   37.34   37.38   37.38   37.91   36.84   38.25   43.96   47.84   47.84   45.09   46.01   45.40   46.01   43.83   42.59   43.08   42.59   42.59   40.00   44.44   41.54   42.15   41.80   41.80   42.72   42.41   43.38   43.52   43.79   43.83   41.98   43.08   43.38   40.92   43.69   42.46   42.15   41.23   40.68   39.44   38.63   40.99   41.74   40.50   40.81   41.61   42.86   43.48   42.55   42.55   42.24   41.93   42.24   41.30   42.24   44.41   43.96   44.41   44.72   41.61   32.20   38.70
     5: WP_007947367|Pseudomonas_sp_GM21   41.90   46.06   46.36   43.94  100.00   95.58   51.07   53.19   48.95   48.95   48.95   51.51   51.52   51.35   51.96   32.33   31.00   31.93   33.13   32.93   33.84   30.86   30.95   32.63   32.34   29.76   33.53   30.56   30.95   31.12   33.04   32.83   33.04   32.53   33.73   31.85   30.65   30.65   31.55   30.95   31.25   31.55   35.09   31.55   32.14   32.08   33.23   32.39   32.44   33.93   30.95   31.55   33.93   31.85   32.44   33.63   32.74   33.93   32.14   31.85   33.04   31.55   32.44   33.04   32.44   33.33   33.96   34.23   33.93   35.47   35.76   33.02   35.19   33.13   35.19   36.31   36.14   35.33   34.07   33.54   34.38   34.70   35.33   34.70   33.12   31.99   32.81   33.12   33.33   33.64   34.06   34.38   33.02   32.70   33.75   32.47   31.69   36.36   41.49   42.19   41.56   39.44   39.13   37.89   37.89   36.02   38.51   37.58   36.65   36.96   38.20   38.82   40.06   39.13   38.27   37.96   38.58   36.73   37.58   39.44   37.65   38.82   39.13   40.68   40.06   39.44   40.99   40.68   41.30   38.82   39.13   35.83   36.45   39.75   37.38   36.14   37.69   39.75   40.37   38.51   39.75   40.68   37.89   36.02   36.96   39.75   39.13   37.58   36.22   36.96   38.51   39.44   34.26   37.07
     6: WP_017337765|Pseudomonas_fluores   41.28   45.76   45.76   44.24   95.58  100.00   50.46   51.67   49.25   49.55   49.55   50.90   51.52   50.75   52.27   32.52   31.19   31.93   32.72   32.52   33.13   30.45   30.54   31.91   31.64   29.94   33.43   30.45   30.84   30.40   32.34   32.12   32.63   32.42   33.33   31.14   29.94   30.54   31.86   31.14   31.14   30.54   35.09   30.84   31.74   31.33   32.83   32.28   32.63   34.13   31.14   31.44   33.83   31.74   32.34   33.83   32.63   34.13   32.34   32.04   32.93   31.44   32.34   32.93   32.34   33.23   33.86   34.43   34.13   34.25   35.76   31.79   34.26   33.13   34.57   35.69   35.83   35.02   33.75   33.54   33.75   34.07   35.02   35.33   33.12   31.99   32.81   33.12   33.96   33.96   34.06   34.38   33.33   32.70   34.06   33.12   32.00   35.76   40.56   41.25   40.31   39.13   38.82   37.58   37.27   34.78   37.58   36.34   35.40   35.71   37.89   38.51   39.44   38.82   37.65   38.27   38.58   36.73   37.27   39.13   37.35   39.13   38.20   40.68   40.37   38.51   40.68   40.68   41.61   39.13   37.89   35.83   37.07   39.44   36.76   36.14   37.69   39.44   39.13   37.58   39.13   40.37   36.96   35.40   36.34   40.06   39.44   36.96   36.22   36.96   38.20   40.06   34.88   37.38
     7: YP_008230355|Serratia_liquefacie   44.82   49.85   45.29   47.42   51.07   50.46  100.00   53.07   46.93   46.93   46.32   47.24   46.95   46.79   48.33   32.30   30.00   29.54   32.81   33.23   32.30   31.61   29.79   32.92   31.91   32.01   30.67   31.40   32.01   30.43   32.32   30.65   31.10   31.89   30.96   30.79   30.79   31.71   32.08   32.32   31.40   32.32   31.93   32.01   31.10   31.39   35.40   33.33   31.40   35.06   32.01   32.62   32.62   32.32   33.54   33.54   32.93   33.94   32.62   32.32   32.62   31.71   32.93   32.62   32.93   32.01   34.63   34.15   33.23   30.67   33.74   32.81   33.96   33.44   32.81   35.29   34.48   35.35   31.85   34.50   33.76   35.35   33.12   35.67   32.49   32.70   32.59   32.28   34.38   34.38   33.12   35.02   33.76   33.76   33.54   36.18   33.02   34.56   38.44   41.12   41.43   40.25   40.25   40.87   40.56   34.67   34.06   34.98   33.13   32.51   34.98   36.84   35.60   35.91   36.76   35.20   36.45   35.51   36.53   36.53   35.83   35.60   37.77   36.22   38.08   35.29   36.53   37.46   37.77   36.84   35.62   34.48   34.48   37.81   37.62   36.36   34.80   35.31   35.94   35.94   35.94   36.25   38.75   36.56   35.94   36.56   35.62   39.69   39.25   39.38   38.75   37.50   29.50   35.31
     8: WP_016846197|Bradyrhizobium_elka   44.21   50.92   51.23   51.38   53.19   51.67   53.07  100.00   48.78   49.09   48.48   53.35   51.53   50.61   55.21   36.45   36.25   34.77   38.56   37.27   36.34   37.50   34.56   34.47   34.15   37.00   34.77   35.98   37.31   36.02   35.78   37.15   36.09   35.91   37.77   35.47   35.17   35.17   34.91   34.56   33.64   34.56   37.06   35.47   35.47   35.28   40.37   37.54   36.39   38.23   37.00   36.70   37.00   37.31   37.92   37.31   36.39   38.53   38.23   38.23   38.23   37.92   38.84   38.53   38.84   37.92   40.13   37.61   38.23   32.92   35.06   35.00   36.99   37.19   36.88   39.32   37.30   40.00   36.19   36.31   37.14   37.14   38.10   38.41   35.22   34.91   36.59   35.65   34.80   34.80   37.11   38.36   36.08   37.70   35.83   34.64   34.98   36.70   42.90   42.37   42.99   41.80   43.65   41.49   41.18   37.65   37.96   39.01   37.04   36.73   39.94   41.98   40.25   39.63   41.23   37.54   39.69   38.46   40.25   38.27   41.41   40.12   41.05   43.03   42.41   39.32   41.18   41.18   41.18   39.94   39.06   39.62   38.87   37.81   40.44   40.13   36.36   37.81   40.00   39.38   41.25   42.19   39.69   38.12   38.75   39.38   38.44   40.62   40.19   40.31   39.38   39.06   34.58   37.19
     9: WP_007796138|Rhizobium_sp_CF122|   42.51   46.20   46.50   47.42   48.95   49.25   46.93   48.78  100.00   88.59   89.79   62.05   62.12   62.95   66.67   33.54   32.20   32.62   36.84   33.85   34.46   35.45   32.52   33.54   33.33   31.91   33.33   29.70   31.31   32.92   33.43   33.44   33.74   34.05   34.36   32.22   33.13   32.52   34.18   32.22   32.52   32.52   34.74   33.13   32.52   33.01   33.85   33.97   33.74   34.35   33.13   34.04   35.26   33.74   34.65   34.04   33.43   34.35   32.52   34.04   33.43   33.74   34.65   34.65   34.04   33.43   34.94   34.35   34.65   34.86   38.30   32.82   32.30   34.98   33.44   36.31   36.14   35.33   31.23   31.65   31.86   32.81   31.55   35.02   32.81   34.16   34.38   34.69   35.51   33.02   35.31   35.62   33.96   34.29   34.37   36.04   36.00   38.30   42.86   41.69   41.69   38.94   40.81   40.50   39.88   38.94   38.01   39.56   39.25   38.32   37.69   41.43   38.32   38.63   39.63   39.01   39.01   37.77   39.56   38.01   40.56   39.25   40.50   41.12   41.43   39.88   39.56   39.88   40.50   39.88   37.27   36.14   37.69   39.44   38.63   36.45   36.14   40.68   38.82   38.82   39.75   40.68   38.51   38.20   38.20   40.37   41.30   39.75   39.94   40.06   40.37   39.13   33.95   40.50
    10: YP_001978448|Rhizobium_etli_CIAT   43.73   45.29   44.98   47.11   48.95   49.55   46.93   49.09   88.59  100.00   95.20   61.45   62.12   61.14   63.64   32.92   31.89   32.62   35.60   33.23   33.85   35.45   31.91   32.31   32.42   30.70   32.72   28.79   30.40   32.62   32.22   32.52   32.22   32.52   32.82   31.91   32.22   32.52   33.54   31.61   31.31   31.91   34.04   32.22   31.61   32.05   33.54   33.33   32.83   34.04   32.22   33.13   34.04   33.13   33.74   33.43   33.13   34.04   32.83   33.74   33.43   33.13   34.35   34.04   33.74   33.13   34.29   34.04   34.35   32.72   36.17   33.44   33.23   33.75   33.13   36.00   36.14   35.65   31.55   31.65   32.18   32.18   31.86   35.65   32.50   33.54   34.06   34.69   33.64   32.71   34.06   35.94   34.59   34.29   34.67   35.06   34.46   38.30   43.79   42.32   41.69   39.88   40.81   40.50   40.50   38.32   37.38   38.94   38.32   37.69   37.38   40.50   40.19   40.19   40.25   39.32   39.94   38.70   40.50   38.01   41.18   39.88   40.81   41.74   41.74   41.12   41.12   41.43   42.37   41.43   37.27   36.14   38.01   39.75   39.25   38.01   35.83   41.30   39.75   38.82   40.37   40.68   39.44   38.20   38.82   40.37   40.06   39.75   39.94   40.06   40.06   39.44   32.72   39.88
    11: WP_008532856|Rhizobium_sp_Pop5|N   43.73   44.98   44.98   47.42   48.95   49.55   46.32   48.48   89.79   95.20  100.00   62.35   62.12   60.24   63.94   32.62   31.89   32.01   36.53   32.92   34.46   34.85   31.31   32.00   32.12   30.40   32.72   28.79   30.09   31.69   32.22   31.90   32.22   32.21   32.82   31.91   31.91   32.22   33.23   31.31   31.31   31.61   33.68   31.91   31.31   31.73   32.92   33.33   32.83   33.74   31.91   32.83   34.04   32.52   33.43   32.83   32.52   33.43   32.22   33.13   32.83   32.52   33.74   33.74   33.43   32.83   33.97   33.74   33.74   33.33   36.78   32.82   32.30   34.37   33.13   36.00   36.14   35.65   32.18   32.28   32.18   33.12   32.18   35.65   33.12   34.47   34.69   35.00   34.27   32.71   34.38   35.31   34.59   34.60   34.98   35.71   35.08   37.99   43.48   42.32   42.01   39.56   41.74   41.12   40.81   38.63   37.69   38.94   38.94   38.32   37.69   40.81   39.56   39.56   40.56   39.94   40.25   38.70   40.81   38.32   41.18   40.19   41.12   41.43   41.74   40.81   40.81   41.12   41.74   40.81   36.65   36.14   37.07   39.75   38.94   37.69   35.83   40.68   40.06   39.13   40.06   40.68   39.13   37.58   39.13   40.37   40.37   39.44   39.63   39.75   40.37   39.13   32.72   40.19
    12: WP_005258061|Rhodococcus_wratisl   44.95   50.15   50.15   50.46   51.51   50.90   47.24   53.35   62.05   61.45   62.35  100.00   80.36   67.47   71.82   35.08   35.91   33.54   38.39   35.08   35.38   35.45   33.74   35.38   34.85   33.43   35.78   31.52   33.13   33.85   34.04   34.05   33.74   34.97   34.66   34.65   34.95   34.35   36.39   34.95   33.13   34.04   35.79   34.65   33.74   34.94   36.00   34.94   35.87   34.95   34.95   34.95   34.95   34.65   34.95   35.56   34.35   36.17   34.95   35.87   34.95   34.65   35.26   34.95   35.26   34.65   36.54   36.78   36.17   33.03   37.99   31.58   33.54   37.46   34.98   38.46   37.69   36.91   33.12   34.49   34.70   35.02   33.75   35.33   33.96   32.40   32.29   32.92   34.89   34.27   35.62   34.69   34.28   36.51   33.75   34.42   34.77   37.08   41.93   43.57   43.89   40.81   42.37   41.12   40.81   40.99   39.13   40.68   40.68   38.82   40.19   42.68   39.56   40.19   40.56   41.18   40.87   40.56   38.63   38.32   42.72   40.50   40.81   41.74   41.43   40.81   41.43   40.50   41.74   41.43   36.34   34.27   34.89   39.13   37.69   35.20   34.58   38.82   38.82   38.51   39.75   40.06   36.02   37.58   36.65   37.58   37.27   40.37   39.32   40.06   39.75   37.58   33.33   39.56
    13: WP_006375454|Streptomyces_turgid   41.64   49.24   50.76   50.15   51.52   51.52   46.95   51.53   62.12   62.12   62.12   80.36  100.00   69.39   72.89   34.77   36.22   36.59   37.15   34.15   34.15   36.06   33.74   35.38   33.94   33.43   35.17   32.12   34.35   34.46   34.04   33.74   34.35   35.28   34.05   34.95   34.65   34.95   36.08   34.65   34.65   35.56   34.74   34.95   34.35   34.29   36.62   33.33   35.26   35.87   34.04   34.65   34.65   33.43   34.04   35.87   35.26   36.47   34.35   34.04   34.65   33.74   34.65   34.04   33.74   33.74   36.22   36.17   35.56   33.64   35.56   32.20   34.16   36.96   35.60   37.23   36.76   35.87   32.70   33.44   34.92   33.65   33.33   36.39   32.81   33.86   34.07   34.38   35.11   33.86   35.22   34.28   34.49   34.82   34.58   33.99   34.98   35.26   42.81   45.79   46.11   42.11   43.96   42.41   43.03   41.67   39.20   40.74   40.43   38.89   41.18   42.41   39.94   39.63   41.43   41.43   41.43   40.81   42.11   41.18   42.68   42.72   42.41   44.89   44.58   42.11   43.03   43.65   44.89   43.34   37.27   35.20   36.45   38.82   38.01   36.45   36.76   40.37   37.58   38.20   39.75   40.37   37.58   37.27   36.34   38.20   37.58   40.37   39.32   39.75   40.37   38.20   31.17   37.38
    14: WP_007577919|Burkholderia_terrae   44.34   44.98   46.81   45.59   51.35   50.75   46.79   50.61   62.95   61.14   60.24   67.47   69.39  100.00   73.87   32.52   33.95   34.04   37.96   34.66   34.36   34.44   33.03   34.36   34.74   33.03   35.06   31.72   33.03   33.44   34.24   34.25   33.94   34.86   34.25   33.94   33.94   34.24   36.08   34.24   32.42   33.64   36.49   34.55   34.55   35.78   35.28   35.46   35.45   35.76   34.55   35.76   36.06   33.94   34.24   36.06   35.76   36.06   34.55   34.85   34.85   33.64   36.06   35.15   34.24   35.45   37.06   36.67   36.06   34.25   38.91   32.72   35.29   36.84   36.11   37.23   36.76   35.65   32.18   35.13   32.81   34.07   33.75   36.59   32.61   33.64   34.17   34.48   36.76   35.51   36.56   35.62   34.59   35.24   33.75   34.42   35.38   36.47   42.86   46.39   47.02   43.30   43.93   42.99   42.99   41.43   41.43   42.06   41.12   39.56   42.06   43.30   41.43   40.81   43.96   43.03   43.96   43.03   41.74   41.12   43.96   42.37   42.99   44.86   44.55   42.06   43.30   44.86   45.79   42.06   37.89   35.51   36.14   40.37   38.01   36.76   38.32   39.75   39.44   39.75   39.44   40.06   38.82   38.51   37.58   39.44   39.44   40.37   38.39   39.75   39.44   38.82   32.72   38.63
    15: WP_007832536|Variovorax_sp_CF313   43.16   48.34   49.55   50.45   51.96   52.27   48.33   55.21   66.67   63.64   63.94   71.82   72.89   73.87  100.00   34.97   33.95   34.04   36.11   33.74   33.13   35.05   33.03   33.13   33.53   32.73   33.54   31.72   33.33   31.90   33.33   32.72   32.42   34.56   33.33   33.33   33.03   33.64   34.49   34.24   33.64   33.94   37.19   32.73   32.42   32.59   36.20   33.87   33.94   34.85   35.15   34.55   34.24   32.73   34.24   34.85   34.55   35.76   34.24   34.55   33.33   33.33   35.45   34.55   33.03   33.64   35.14   35.45   35.15   33.94   39.21   32.10   34.06   37.27   35.49   36.92   36.45   35.24   31.11   33.76   33.33   33.65   32.70   35.76   33.44   30.72   31.86   31.86   34.48   33.86   34.91   34.28   32.91   34.50   33.33   33.66   34.67   36.47   45.31   45.48   45.79   43.65   43.96   43.03   43.03   40.25   40.87   40.56   39.01   39.63   40.87   42.11   40.56   40.25   42.06   41.74   43.93   41.74   40.56   40.87   40.81   40.25   40.56   43.65   42.72   40.56   41.18   41.80   43.34   40.87   37.27   35.51   36.76   40.68   38.32   36.45   37.07   39.13   38.20   39.44   40.37   41.30   38.51   35.71   35.40   39.13   38.82   39.13   38.08   39.13   39.75   37.89   32.10   39.56
    16: WP_009739265|Frankia_sp_QA3|Non    34.47   36.42   36.42   35.80   32.33   32.52   32.30   36.45   33.54   32.92   32.62   35.08   34.77   32.52   34.97  100.00   72.19   71.60   59.52   58.75   56.60   54.39   51.91   53.37   52.34   55.16   52.21   52.63   56.89   48.68   53.22   50.29   51.75   51.17   51.91   55.56   54.55   56.01   55.24   51.75   52.05   52.05   55.56   56.30   54.55   53.05   55.00   55.49   53.51   54.25   52.79   55.43   53.67   53.96   53.37   53.80   51.92   52.92   56.43   54.25   54.25   54.25   55.43   53.96   54.25   52.92   53.80   54.68   53.51   37.61   37.12   40.31   41.23   39.81   41.23   44.79   43.79   42.72   39.24   40.63   41.46   40.51   40.19   42.27   39.62   40.00   41.19   41.19   40.13   40.13   40.13   39.18   40.82   40.26   42.37   41.50   39.88   44.48   43.67   39.37   39.37   38.49   40.38   39.43   39.75   36.28   37.54   35.33   36.59   35.33   37.22   39.12   36.91   35.96   38.80   35.65   37.22   36.28   36.91   34.38   40.06   36.28   37.22   37.54   38.17   35.65   37.85   36.91   37.22   36.59   42.41   40.06   38.82   40.87   41.93   41.93   41.93   44.58   42.11   42.11   42.41   41.18   42.11   42.41   42.11   42.11   41.80   43.03   44.75   44.27   44.58   43.03   43.38   43.48
    17: WP_018566101|Streptomyces_sp_PsT   33.64   36.65   36.96   33.75   31.00   31.19   30.00   36.25   32.20   31.89   31.89   35.91   36.22   33.95   33.95   72.19  100.00   87.35   61.13   59.64   57.94   55.00   52.80   53.24   52.65   55.92   53.71   54.41   58.70   49.26   54.57   52.65   53.69   52.21   53.25   57.82   56.93   57.23   58.92   54.28   55.46   56.34   56.10   55.46   56.05   55.18   56.18   55.49   57.23   57.99   54.87   56.93   55.16   57.23   55.16   56.05   55.19   56.05   57.52   57.23   57.52   56.05   58.28   57.10   57.99   58.11   57.32   57.52   57.52   37.12   37.12   40.80   41.59   41.10   40.98   46.77   46.13   40.38   39.62   40.38   40.57   39.62   39.94   44.20   38.44   40.50   40.62   41.25   40.81   40.50   40.62   41.25   41.19   40.32   40.19   41.23   38.94   43.56   44.44   40.13   38.85   39.87   40.51   39.87   40.51   38.29   37.66   38.61   38.61   36.71   37.97   40.19   38.29   38.29   39.56   38.92   39.56   38.92   37.34   36.08   43.99   38.61   39.56   38.92   41.14   36.71   39.24   38.92   39.87   38.61   42.28   39.44   40.87   40.74   40.25   42.41   40.56   42.90   42.90   41.98   41.36   41.36   42.59   43.52   43.21   42.28   41.98   43.52   44.31   44.14   43.21   43.21   44.75   43.34
    18: WP_009300211|Streptomyces_ipomoe   31.60   35.17   36.09   33.84   31.93   31.93   29.54   34.77   32.62   32.62   32.01   33.54   36.59   34.04   34.04   71.60   87.35  100.00   60.61   59.94   59.64   53.87   53.43   52.41   51.49   54.63   54.65   55.06   59.40   50.60   53.73   53.15   54.63   53.45   54.35   57.91   57.31   57.91   57.37   54.03   55.82   55.82   53.63   54.33   56.72   55.49   56.02   57.37   56.72   57.31   54.93   55.82   55.52   57.91   56.72   56.72   55.52   57.61   55.82   57.61   59.10   57.61   58.51   57.61   57.31   57.61   57.68   56.72   58.51   37.27   36.25   42.02   42.20   40.80   40.67   44.65   44.58   40.06   38.36   39.12   39.31   38.36   37.74   43.26   36.56   39.88   40.31   41.25   40.19   38.94   39.38   39.06   40.88   39.68   40.25   39.94   37.54   42.30   40.94   40.44   38.24   39.25   39.88   39.25   39.56   35.20   36.45   36.14   36.14   35.51   35.51   38.32   36.45   36.45   37.38   37.38   37.69   36.45   36.14   36.45   40.19   34.89   37.38   38.94   38.63   35.20   36.45   37.38   37.69   36.45   41.98   40.06   41.80   41.98   41.49   43.03   41.80   45.37   43.52   43.21   42.28   42.59   41.98   45.06   43.83   43.83   44.14   43.21   43.69   43.83   44.75   43.83   42.15   42.11
    19: WP_020673320|Amycolatopsis_nigre   38.12   36.34   36.65   36.53   33.13   32.72   32.81   38.56   36.84   35.60   36.53   38.39   37.15   37.96   36.11   59.52   61.13   60.61  100.00   69.68   69.19   59.59   58.31   61.34   58.43   58.24   57.77   56.40   58.60   55.98   58.02   55.23   56.56   56.27   56.73   59.48   60.06   60.35   61.66   57.43   56.56   56.56   62.59   60.64   59.18   59.04   58.43   60.84   59.18   61.99   59.18   59.77   57.73   57.43   57.14   58.60   58.65   59.18   59.48   59.18   58.89   57.43   59.36   58.19   58.19   58.89   61.45   59.18   59.18   38.34   38.34   41.85   42.94   39.57   41.10   48.46   48.14   42.09   41.96   42.09   41.96   41.96   41.96   45.91   42.95   44.10   42.95   44.20   43.75   42.81   42.95   42.01   42.59   42.36   42.19   43.65   41.88   46.46   43.17   42.04   40.76   42.41   42.09   41.46   42.41   39.68   40.95   40.51   40.00   37.78   39.24   42.22   41.77   41.14   43.04   41.77   41.77   40.19   40.51   41.59   45.08   40.95   43.17   43.67   44.62   39.87   42.72   42.09   43.67   41.46   42.41   41.80   41.93   43.96   41.93   43.17   43.79   45.51   44.27   41.49   41.80   41.80   44.27   44.89   44.58   43.03   42.72   47.99   48.46   48.61   46.75   44.89   41.36   45.51
    20: WP_004558407|Amycolatopsis_vanco   37.46   37.04   38.89   37.23   32.93   32.52   33.23   37.27   33.85   33.23   32.92   35.08   34.15   34.66   33.74   58.75   59.64   59.94   69.68  100.00   85.84   67.63   67.25   68.21   67.34   69.59   66.47   68.50   68.70   64.35   71.01   68.21   66.96   67.83   68.90   70.43   72.17   71.88   71.43   70.43   70.14   70.43   71.18   70.72   70.43   69.07   71.68   71.17   71.01   73.55   70.14   72.75   71.01   69.28   69.28   70.14   69.97   71.30   70.43   70.72   70.14   68.99   70.14   71.01   70.72   70.43   70.57   70.43   69.86   37.50   39.14   39.45   41.90   39.26   41.59   47.09   46.30   39.62   39.31   39.75   39.62   39.62   39.62   46.39   42.50   43.30   44.69   44.06   43.93   43.93   43.61   43.61   44.65   44.76   44.72   44.48   42.55   43.43   40.69   41.46   38.92   41.19   40.57   40.25   40.25   38.99   40.57   39.62   39.62   39.31   41.51   41.82   42.45   43.08   42.77   44.03   44.03   43.08   41.82   41.51   45.28   39.94   41.51   42.77   43.40   40.25   42.77   41.51   41.82   40.57   40.62   44.27   44.75   41.23   42.28   42.59   42.59   43.08   43.08   39.38   40.92   40.92   43.08   44.92   45.23   42.46   42.77   46.15   46.32   46.46   46.15   43.69   44.17   45.99
    21: ZP_05482366|Streptomyces_sp_AA4|   38.08   36.42   37.96   36.92   33.84   33.13   32.30   36.34   34.46   33.85   34.46   35.38   34.15   34.36   33.13   56.60   57.94   59.64   69.19   85.84  100.00   65.43   68.77   70.00   66.29   66.57   69.45   68.57   68.19   65.04   68.77   67.91   67.34   66.19   68.39   70.20   70.77   70.77   70.16   67.91   69.05   67.91   69.44   70.49   69.34   69.73   68.77   70.33   67.34   69.83   68.19   71.06   69.34   69.34   69.05   68.19   69.45   68.48   67.91   70.77   69.91   70.49   67.82   69.54   70.11   70.20   70.92   68.77   69.91   38.41   39.14   39.45   42.81   39.57   41.59   45.26   44.44   40.25   39.94   41.01   40.88   41.19   40.88   46.39   42.81   44.24   45.00   45.00   42.37   42.06   41.74   42.06   43.08   43.17   43.48   42.21   40.99   42.20   41.01   41.77   40.51   42.14   42.77   41.82   43.08   39.62   41.51   40.88   40.25   40.57   40.88   42.14   42.14   42.45   41.51   43.08   43.08   41.82   43.40   42.14   43.71   40.57   42.14   41.82   44.34   39.94   41.82   40.57   40.88   39.94   40.00   45.51   46.30   42.77   41.98   42.90   41.98   44.00   43.69   39.69   41.54   41.85   44.92   45.23   44.62   42.15   42.77   47.38   46.01   46.46   45.85   43.69   44.17   46.30
    22: YP_002880889|Beutenbergia_cavern   34.45   35.35   36.86   37.65   30.86   30.45   31.61   37.50   35.45   35.45   34.85   35.45   36.06   34.44   35.05   54.39   55.00   53.87   59.59   67.63   65.43  100.00   66.85   68.86   65.55   69.47   64.69   65.17   68.26   65.92   67.68   67.42   67.13   67.13   69.10   69.27   68.51   68.14   68.63   67.40   64.64   66.30   73.01   67.96   67.96   68.51   74.50   69.82   68.78   71.19   70.17   72.19   72.19   68.82   70.31   70.17   69.36   69.81   72.10   71.91   70.22   68.26   71.19   70.36   68.14   67.68   74.05   69.61   69.34   34.74   35.33   36.70   40.06   38.34   37.92   42.38   43.21   38.99   37.11   37.85   38.36   38.36   39.62   41.69   36.56   37.69   39.06   38.44   37.07   38.94   37.38   38.94   39.31   38.10   39.32   37.66   38.15   40.24   41.80   39.44   38.82   38.89   38.27   38.58   38.58   37.04   36.73   37.35   37.35   35.19   39.20   41.98   40.12   40.43   40.12   41.36   41.67   40.43   40.12   38.58   41.98   40.43   41.67   41.67   42.59   39.81   41.98   41.05   41.05   41.05   39.38   41.18   41.67   39.08   39.20   38.58   39.51   40.92   39.69   38.77   39.38   39.08   40.92   40.62   40.31   38.15   37.85   42.46   41.41   42.15   41.85   40.92   37.73   42.59
    23: WP_016443774|Actinomyces_europae   31.50   32.42   32.73   32.33   30.95   30.54   29.79   34.56   32.52   31.91   31.31   33.74   33.74   33.03   33.03   51.91   52.80   53.43   58.31   67.25   68.77   66.85  100.00   75.93   70.95   69.52   75.49   70.14   71.43   70.11   72.98   74.79   71.07   73.35   73.71   71.59   71.99   70.59   73.07   71.15   69.64   70.87   75.35   71.59   72.55   73.29   73.28   71.22   71.91   71.51   71.59   73.26   73.82   73.54   72.98   74.93   74.23   73.74   67.41   74.37   76.88   76.04   73.18   73.18   74.02   72.98   73.00   71.87   73.26   35.65   35.61   39.33   41.59   38.04   37.61   41.77   42.46   38.24   36.99   39.62   38.56   39.18   40.44   40.31   38.44   40.19   41.43   39.88   39.25   40.81   40.81   40.19   40.75   40.82   42.41   41.75   38.15   41.02   39.01   37.38   36.76   37.77   37.46   38.08   38.39   38.70   38.39   39.01   39.01   37.46   40.25   40.56   40.87   40.56   38.70   41.18   40.25   39.63   40.87   39.01   40.56   40.56   39.94   41.80   43.03   38.70   41.18   40.87   41.49   41.18   38.04   44.14   43.69   40.49   40.62   41.85   39.69   40.18   39.88   37.12   40.49   41.41   44.17   42.02   40.49   39.26   39.88   43.56   41.41   42.02   41.72   41.72   40.49   43.08
    24: WP_017627199|Nocardiopsis_chroma   34.67   32.41   34.26   34.15   32.63   31.91   32.92   34.47   33.54   32.31   32.00   35.38   35.38   34.36   33.13   53.37   53.24   52.41   61.34   68.21   70.00   68.86   75.93  100.00   80.86   71.80   74.93   72.57   71.35   68.77   71.35   70.49   70.77   72.49   71.84   72.49   74.21   72.78   73.65   69.34   67.34   67.34   77.43   74.50   73.07   73.59   75.36   73.00   70.77   71.26   71.35   74.21   73.35   71.63   71.35   71.63   72.05   71.63   70.20   72.78   72.21   70.77   70.98   72.41   70.98   71.92   74.78   72.21   73.07   36.28   37.31   35.78   38.53   39.57   39.76   44.65   44.75   40.25   41.19   41.64   42.45   41.51   42.14   40.75   39.06   40.19   41.88   40.94   39.88   40.50   39.25   41.12   38.99   38.41   39.13   39.29   38.51   40.06   43.22   39.24   37.97   39.62   40.57   39.94   40.88   37.42   39.31   39.62   39.31   37.74   39.94   40.57   40.88   40.57   40.25   39.94   40.88   40.57   39.94   39.94   42.14   39.62   42.14   41.19   42.77   39.62   41.51   40.88   41.51   40.25   38.77   40.25   41.67   38.77   39.81   38.89   40.74   42.15   40.00   38.46   39.69   39.38   41.23   43.08   41.54   38.46   39.08   44.00   43.25   43.69   41.54   40.62   38.34   41.98
    25: YP_007291646|Mycobacterium_smegm   32.32   32.93   34.14   32.53   32.34   31.64   31.91   34.15   33.33   32.42   32.12   34.85   33.94   34.74   33.53   52.34   52.65   51.49   58.43   67.34   66.29   65.55   70.95   80.86  100.00   67.81   71.55   68.54   66.95   66.76   67.60   66.86   66.85   69.43   70.00   68.16   68.91   67.79   69.35   65.27   63.69   64.71   75.09   70.11   68.07   68.84   70.77   68.25   68.26   67.23   67.60   69.55   69.83   67.32   67.60   67.88   66.57   67.51   67.32   69.27   68.16   66.48   68.35   68.35   67.51   68.16   69.73   67.60   67.88   35.35   36.31   36.09   38.23   37.12   37.00   42.99   42.59   40.25   38.99   40.38   40.88   41.19   40.88   40.44   38.75   40.19   40.62   40.62   41.74   39.25   38.32   40.19   39.62   38.41   38.70   39.61   38.15   39.04   39.94   39.44   37.27   37.35   37.35   37.35   37.96   37.96   38.89   40.12   38.89   37.04   39.81   40.12   38.27   39.20   39.51   39.20   39.20   39.20   38.27   37.96   41.05   38.89   41.98   39.81   40.74   38.58   40.74   39.51   39.81   39.20   37.23   39.94   39.81   37.54   39.81   38.89   37.65   39.38   37.85   38.15   37.54   37.85   41.54   41.23   41.54   37.23   37.54   41.23   41.10   41.54   39.69   39.69   38.34   42.59
    26: WP_010265166|Corynebacterium_bov   33.33   33.33   35.76   35.35   29.76   29.94   32.01   37.00   31.91   30.70   30.40   33.43   33.43   33.03   32.73   55.16   55.92   54.63   58.24   69.59   66.57   69.47   69.52   71.80   67.81  100.00   69.91   74.29   73.50   71.14   77.65   75.00   74.86   74.93   76.99   71.67   72.55   70.51   73.29   69.27   68.72   68.16   76.39   76.54   73.35   74.20   77.03   75.15   75.42   75.35   74.86   78.06   77.21   76.42   75.64   77.09   73.82   76.47   74.86   78.63   75.78   75.21   76.47   77.59   75.63   76.82   77.58   75.14   76.82   39.09   37.24   36.09   39.14   38.15   40.18   42.51   44.14   40.25   39.94   39.75   40.88   40.57   39.94   42.95   37.30   38.44   40.31   38.75   40.00   40.62   39.38   39.06   40.57   39.37   40.06   39.61   38.27   39.04   39.63   38.32   36.76   37.77   38.39   38.39   39.01   39.32   38.70   38.70   38.70   38.08   38.08   37.77   38.70   38.39   39.32   39.94   39.01   39.63   39.63   38.70   42.72   39.32   40.25   41.80   41.18   39.32   40.87   39.94   40.25   39.63   39.08   39.94   41.67   38.15   38.89   40.12   39.51   39.38   38.15   40.31   38.46   38.77   41.54   41.23   41.54   39.69   39.38   42.15   41.23   42.15   40.92   39.69   38.15   41.98
    27: WP_009397639|Actinomyces_sp_oral   35.38   34.15   35.06   34.95   33.53   33.43   30.67   34.77   33.33   32.72   32.72   35.78   35.17   35.06   33.54   52.21   53.71   54.65   57.77   66.47   69.45   64.69   75.49   74.93   71.55   69.91  100.00   74.79   74.37   69.94   73.24   72.33   72.03   72.62   74.43   76.34   78.31   77.75   78.82   73.52   74.08   72.96   77.27   72.68   74.65   74.93   74.57   75.52   72.32   72.03   74.08   75.77   74.08   73.80   73.80   74.37   75.64   75.42   72.11   76.06   75.49   73.52   74.29   74.01   72.88   73.80   75.82   74.37   75.21   38.41   37.95   38.77   41.23   39.63   40.12   42.46   42.55   37.34   37.66   38.73   39.24   39.56   39.24   40.69   37.54   40.25   41.19   40.25   38.68   39.62   38.05   39.62   40.82   40.26   40.00   39.22   38.51   40.18   39.56   40.44   38.24   39.88   38.94   38.94   39.56   38.63   39.88   39.25   39.56   38.63   38.94   40.19   40.19   39.88   38.94   40.19   40.19   40.19   39.88   39.88   39.56   41.12   39.56   40.50   42.06   38.63   40.50   41.12   41.12   39.56   38.70   41.43   42.55   39.63   38.51   40.37   39.44   41.18   41.49   39.32   40.87   41.18   43.96   40.87   42.41   39.32   38.70   43.96   41.80   42.41   43.03   41.18   40.87   42.86
    28: WP_017349080|Pantoea_sp_A4|Non     33.84   33.64   35.76   34.14   30.56   30.45   31.40   35.98   29.70   28.79   28.79   31.52   32.12   31.72   31.72   52.63   54.41   55.06   56.40   68.50   68.57   65.17   70.14   72.57   68.54   74.29   74.79  100.00   87.04   72.49   78.03   75.71   76.06   76.86   78.29   73.80   75.77   74.93   76.95   73.52   72.68   72.39   78.89   77.75   78.03   77.74   78.22   78.04   75.77   76.55   77.18   76.90   78.31   77.75   77.18   78.03   77.90   78.59   73.24   78.59   77.18   78.03   77.97   77.68   75.71   77.18   78.93   76.62   76.34   36.25   36.94   37.00   39.76   40.49   38.84   42.07   42.28   38.36   37.74   39.43   38.36   39.31   38.99   40.75   35.94   37.69   40.31   39.38   37.69   39.25   38.63   40.19   40.25   41.27   40.56   39.94   38.15   36.94   39.32   40.68   37.89   40.12   39.51   39.20   39.81   38.58   39.51   39.51   39.51   39.20   39.20   40.43   41.98   41.67   40.43   40.74   40.74   40.43   41.67   39.20   41.67   40.12   39.81   40.74   41.36   39.51   41.05   41.67   41.67   39.81   37.85   39.32   41.36   40.00   38.27   37.04   38.89   39.08   40.31   37.54   38.15   38.77   42.77   40.62   40.92   37.54   36.92   40.31   39.57   39.69   40.31   40.31   38.04   39.20
    29: ZP_06192097|Serratia_odorifera_4   34.25   34.24   36.06   33.84   30.95   30.84   32.01   37.31   31.31   30.40   30.09   33.13   34.35   33.03   33.33   56.89   58.70   59.40   58.60   68.70   68.19   68.26   71.43   71.35   66.95   73.50   74.37   87.04  100.00   72.70   75.35   74.79   75.00   76.50   78.29   75.35   76.19   75.91   78.02   73.67   72.83   73.11   79.17   76.19   79.55   78.04   80.17   78.04   74.16   75.84   76.19   79.27   78.71   76.19   77.87   78.99   77.46   79.49   75.07   79.27   77.59   78.15   78.09   78.09   75.84   75.91   78.64   78.43   77.03   36.36   36.83   39.76   40.98   41.85   40.18   43.12   42.59   39.62   37.11   39.12   39.31   39.31   39.94   41.38   36.05   37.50   39.69   39.38   37.81   38.75   38.75   40.00   39.62   40.95   40.68   39.94   37.04   37.54   39.94   40.50   38.63   40.87   40.56   40.25   40.87   39.32   39.01   39.32   39.01   38.08   39.63   41.18   41.49   41.18   41.49   41.49   42.11   41.18   40.25   38.70   42.11   40.87   39.94   41.18   40.87   39.63   40.87   41.18   41.18   39.94   40.00   40.56   42.28   40.31   38.58   36.73   39.20   40.00   39.69   38.15   39.38   39.69   43.69   40.31   41.23   38.77   38.46   41.23   41.85   41.85   41.23   40.62   39.38   39.81
    30: ZP_03917855|Corynebacterium_gluc   32.82   32.10   33.95   33.23   31.12   30.40   30.43   36.02   32.92   32.62   31.69   33.85   34.46   33.44   31.90   48.68   49.26   50.60   55.98   64.35   65.04   65.92   70.11   68.77   66.76   71.14   69.94   72.49   72.70  100.00   77.25   82.58   80.06   82.07   82.58   68.66   69.77   67.99   70.79   69.38   67.98   67.98   73.96   75.77   76.06   74.34   74.43   71.60   74.44   75.21   72.96   77.30   77.01   76.79   76.00   76.97   75.64   77.25   71.35   75.86   76.15   77.30   74.37   75.77   76.62   76.12   76.74   75.56   76.12   39.33   38.84   38.53   38.84   39.57   40.67   42.81   43.52   38.68   37.74   38.80   39.62   38.99   39.62   41.69   37.50   39.88   40.31   40.31   38.63   38.63   38.01   40.19   41.19   40.95   40.37   39.29   38.20   39.14   38.49   38.29   37.97   37.42   38.36   38.36   38.99   38.68   38.36   39.62   38.68   37.11   39.31   40.57   39.62   39.94   39.31   40.57   40.88   39.94   40.57   39.31   41.19   40.25   40.88   41.82   41.19   39.94   41.19   41.19   41.19   41.19   39.69   41.18   41.05   37.54   38.89   40.74   38.89   40.62   39.69   38.46   39.69   40.00   41.23   41.85   41.23   37.85   36.92   40.92   40.18   40.92   41.54   41.85   38.04   40.43
    31: YP_007464036|Corynebacterium_hal   36.70   34.85   35.15   34.74   33.04   32.34   32.32   35.78   33.43   32.22   32.22   34.04   34.04   34.24   33.33   53.22   54.57   53.73   58.02   71.01   68.77   67.68   72.98   71.35   67.60   77.65   73.24   78.03   75.35   77.25  100.00   81.51   79.40   81.79   84.08   72.53   74.10   72.38   75.85   72.05   71.54   72.60   78.82   77.72   81.04   81.10   81.03   79.06   78.30   78.26   75.54   79.50   78.67   73.76   76.31   82.11   77.81   79.89   74.18   77.29   75.35   75.07   76.63   77.99   76.90   78.32   80.00   76.69   76.15   38.48   36.61   37.31   40.98   39.08   40.49   43.12   43.52   37.74   38.05   38.49   38.36   38.36   39.62   41.07   36.68   38.12   39.69   38.44   39.38   40.00   40.00   38.75   39.62   40.32   40.37   41.23   37.65   39.64   40.56   39.25   36.76   39.32   38.39   38.70   39.01   39.63   39.32   39.94   39.94   38.70   41.49   40.87   41.18   40.87   40.87   41.80   40.87   42.11   42.11   39.32   42.72   41.49   40.87   41.18   41.80   41.18   42.41   41.49   41.80   41.18   40.62   44.58   45.68   42.15   42.59   42.28   41.36   41.54   42.46   41.85   40.62   41.23   45.85   43.38   44.62   42.15   41.54   44.00   42.77   43.08   42.77   44.92   40.92   41.98
