#
#
#  Percent Identity  Matrix - created by Clustal2.1 
#
#

     1: WP_007272405|Arthrobacter_gangot  100.00   65.02   62.90   62.19   70.67   70.63   70.67   71.02   69.26   70.36   72.04   52.84   49.82   49.11   49.65   51.06   49.47   50.89   53.90   52.99   53.19   52.69   50.54   52.50   49.82   54.96   52.86   54.48   54.09   50.90   51.61   52.33   53.05   54.29   51.25   53.05   54.29   54.48   54.48   54.29   51.79   52.69   51.61   52.33   53.76   51.97   53.05   53.05   52.86   52.69   50.54   51.06   51.25   50.71   50.89   50.71   50.89   50.35   51.42   50.53   50.71   50.35   50.36   51.79   51.43   52.50   53.90   54.12   53.93   55.00   52.86   52.69   52.33   47.52   51.42   53.19   53.19   52.48   52.33   51.61   55.91   56.27   51.97   56.38   55.67
     2: YP_004332523|Pseudonocardia_diox   65.02  100.00   78.60   76.49   72.79   71.38   71.83   66.67   70.88   70.71   73.84   48.94   52.31   50.53   49.30   51.76   50.88   50.89   52.48   52.61   52.48   52.69   55.20   51.07   50.18   50.35   52.14   53.76   53.38   54.84   51.61   51.61   53.41   54.29   53.41   53.76   53.57   54.48   54.48   55.00   52.50   53.05   53.76   54.48   52.33   53.41   54.12   53.76   53.21   52.69   48.75   49.65   49.82   46.83   47.70   47.18   47.35   47.89   49.30   49.82   50.35   51.06   49.29   48.93   49.29   50.71   51.06   54.12   55.36   52.86   50.00   55.20   54.12   50.00   47.54   49.30   47.18   52.13   52.69   51.61   55.56   54.84   50.54   52.82   53.52
     3: YP_005329507|Blastococcus_saxobs   62.90   78.60  100.00   85.26   69.61   66.54   68.31   65.61   68.07   68.57   70.61   48.24   49.82   49.82   46.48   52.46   51.23   51.96   51.42   51.12   49.65   49.46   51.61   51.07   49.46   50.35   51.79   54.48   52.67   53.41   50.18   51.61   52.33   52.86   51.61   51.25   51.07   51.97   51.97   52.86   50.36   52.33   52.69   52.33   51.97   51.25   50.90   51.97   50.00   50.54   48.39   49.65   49.82   47.54   47.70   46.48   48.06   47.18   48.24   49.11   47.89   48.59   47.86   47.14   47.86   50.36   50.70   53.41   53.57   51.07   51.79   51.97   53.05   49.30   47.54   48.59   47.18   54.26   50.90   50.18   57.35   58.42   54.12   54.23   54.58
     4: YP_006366757|Modestobacter_marin   62.19   76.49   85.26  100.00   69.96   69.52   70.77   68.42   72.28   70.36   73.84   48.94   51.25   51.96   47.89   52.82   52.28   53.02   52.84   52.24   50.71   51.97   53.41   52.50   51.25   52.82   52.14   55.56   53.74   54.12   51.25   51.97   53.76   52.86   51.97   50.90   50.71   51.61   51.61   54.64   51.79   54.12   52.69   53.76   53.05   53.41   52.69   52.33   51.07   50.54   47.67   51.76   50.18   49.65   49.47   47.89   50.88   49.30   49.30   50.89   48.94   50.00   49.29   47.14   47.86   49.64   50.35   53.41   54.29   53.21   52.14   56.27   56.63   52.11   48.94   50.35   49.30   53.90   53.76   53.41   57.71   58.78   54.48   57.75   57.75
     5: YP_003135607|Saccharomonospora_v   70.67   72.79   69.61   69.96  100.00   72.12   73.50   72.08   72.79   72.50   74.91   51.06   53.02   50.18   52.48   51.77   51.94   51.96   54.26   53.73   52.84   51.97   56.99   50.71   50.54   54.26   52.14   55.56   52.67   56.27   51.25   53.05   54.84   55.00   54.84   53.76   54.64   55.20   55.20   53.93   51.43   54.84   54.12   54.84   54.12   54.12   53.76   55.20   53.93   52.33   50.18   51.42   50.89   50.35   50.18   49.65   51.25   50.00   51.77   49.82   52.48   53.19   50.00   50.36   50.36   52.50   53.55   54.48   55.71   54.29   53.21   51.97   52.69   49.29   50.71   50.71   50.35   56.38   53.41   52.33   58.42   56.99   54.12   55.32   54.96
     6: WP_020272034|Streptomyces_afghan   70.63   71.38   66.54   69.52   72.12  100.00   89.59   73.98   75.84   78.81   77.70   54.85   54.28   52.42   53.36   53.73   52.42   54.85   54.85   54.48   54.10   53.93   56.18   54.10   51.69   56.34   54.48   55.81   57.46   53.56   55.06   52.81   54.31   53.73   53.56   53.56   53.73   54.68   54.68   55.22   52.61   54.31   53.18   53.93   54.31   54.68   55.06   53.93   53.73   53.56   50.56   53.73   54.48   51.49   53.56   53.36   53.93   52.61   52.79   53.36   52.99   53.53   52.24   54.48   53.90   53.36   54.10   58.05   57.09   57.09   51.87   55.43   53.93   49.63   50.37   52.24   50.37   54.10   56.93   56.18   59.55   59.18   54.31   59.70   59.70
     7: WP_020114548|Streptomyces_bottro   70.67   71.83   68.31   70.77   73.50   89.59  100.00   74.65   75.70   77.14   78.14   53.36   53.74   51.96   50.53   51.94   51.06   52.67   53.19   52.24   52.48   51.97   55.20   53.21   50.90   55.12   52.86   54.48   54.45   54.48   54.12   52.33   54.48   54.64   53.05   53.76   54.29   54.84   54.84   55.00   52.50   54.12   53.05   54.12   54.12   53.76   54.48   53.41   53.93   53.05   49.82   52.30   51.96   49.47   50.00   50.53   51.06   49.47   50.53   50.53   50.88   50.88   50.36   51.43   51.07   50.36   51.59   56.27   55.00   54.64   51.43   55.20   54.48   49.82   50.18   50.53   49.12   53.90   55.91   55.20   59.50   58.42   55.20   60.42   59.72
     8: WP_019810386|Saccharomonospora_h   71.02   66.67   65.61   68.42   72.08   73.98   74.65  100.00   79.17   78.93   79.57   49.30   50.18   47.33   48.78   50.52   50.35   50.53   52.48   51.12   53.55   53.76   52.33   51.07   48.39   53.33   52.14   55.20   54.45   54.48   53.05   52.33   55.91   53.93   53.76   54.48   55.00   55.56   55.56   54.64   52.50   55.20   54.12   54.48   53.76   52.33   51.97   52.69   53.21   53.05   49.10   51.57   51.25   47.74   47.90   46.34   47.90   47.04   47.39   48.75   48.43   49.48   48.93   48.93   48.21   49.29   48.60   54.12   55.00   52.86   50.36   51.61   53.05   49.82   47.39   48.08   46.69   52.13   50.54   49.82   56.99   57.35   51.61   54.70   55.40
     9: WP_009153664|Saccharomonospora_m   69.26   70.88   68.07   72.28   72.79   75.84   75.70   79.17  100.00   83.93   79.57   51.41   53.38   51.96   49.48   51.57   52.78   53.02   54.61   53.36   53.90   54.84   54.84   52.50   50.90   56.14   53.57   57.71   56.94   54.48   52.33   54.48   54.84   54.64   54.84   53.76   53.93   54.48   54.48   55.71   53.57   56.99   55.91   56.27   55.20   54.84   56.63   54.48   54.29   54.84   50.90   51.92   53.74   50.52   49.30   50.87   50.70   50.87   50.17   51.60   50.87   52.26   50.36   51.43   51.79   50.36   52.45   55.20   57.14   56.07   51.07   54.84   55.20   51.23   50.87   52.26   51.57   54.61   54.48   53.41   57.71   58.42   54.12   56.10   57.49
    10: WP_006382490|Streptomyces_turgid   70.36   70.71   68.57   70.36   72.50   78.81   77.14   78.93   83.93  100.00   85.30   50.54   49.28   50.00   48.75   51.61   50.71   51.80   50.90   51.87   50.18   50.72   53.26   51.99   49.64   53.76   52.35   55.80   55.04   53.26   51.81   52.90   52.17   52.71   51.81   52.90   53.79   54.35   54.35   53.79   51.62   53.62   53.62   54.71   53.62   53.99   53.62   52.90   51.62   52.17   48.55   51.25   49.64   48.03   49.28   48.39   48.56   48.03   49.10   49.64   49.10   49.46   48.38   49.82   49.46   49.82   51.61   54.35   54.51   53.07   50.54   52.54   52.90   49.46   47.31   49.46   50.18   54.12   53.62   52.17   57.61   58.70   55.80   57.71   58.42
    11: WP_020423186|Amycolatopsis_sp_AT   72.04   73.84   70.61   73.84   74.91   77.70   78.14   79.57   79.57   85.30  100.00   51.44   50.36   50.72   50.00   52.16   51.25   51.80   52.88   51.87   55.04   54.35   55.43   51.26   49.64   54.68   51.99   55.80   55.04   53.62   52.90   52.54   53.62   53.07   52.90   52.90   53.79   54.35   54.35   54.87   51.99   55.07   55.07   55.43   55.07   52.90   55.07   52.17   52.35   51.81   48.19   52.88   49.64   48.92   50.54   48.20   49.82   50.00   50.36   50.72   51.44   51.44   49.10   49.46   49.82   51.26   51.08   53.62   54.51   53.43   51.62   56.16   55.80   50.00   50.00   52.16   51.44   55.40   53.99   52.90   59.42   58.70   54.71   59.35   58.99
    12: YP_001339380|Marinomonas_sp_MWYL   52.84   48.94   48.24   48.94   51.06   54.85   53.36   49.30   51.41   50.54   51.44  100.00   59.29   59.29   62.68   59.15   57.39   57.65   62.06   62.31   57.45   60.93   63.44   58.93   57.71   64.08   58.93   58.06   60.85   60.22   59.14   59.50   59.86   60.36   62.01   58.42   58.21   59.14   59.50   59.29   56.79   59.50   59.86   59.50   59.50   58.42   59.50   59.14   60.71   61.29   62.01   59.86   61.57   61.62   63.96   64.44   61.84   63.73   63.38   65.84   62.68   62.32   65.36   64.64   65.00   64.29   63.38   64.52   65.36   66.07   52.50   50.54   49.46   48.24   55.28   54.23   55.63   53.19   54.84   53.76   56.99   55.91   55.20   55.99   55.63
    13: ZP_05076404|Rhodobacterales_bact   49.82   52.31   49.82   51.25   53.02   54.28   53.74   50.18   53.38   49.28   50.36   59.29  100.00   76.68   59.29   61.43   61.13   60.71   65.36   63.81   61.43   63.08   63.80   61.79   62.01   64.29   66.07   64.87   63.93   65.23   65.95   65.95   67.03   68.21   65.23   66.31   66.79   68.10   67.74   67.50   65.00   66.31   65.59   67.03   65.95   66.31   67.03   65.23   66.43   64.16   61.65   58.93   65.71   66.07   63.08   63.21   62.01   62.86   62.50   61.43   62.86   63.93   64.29   64.64   65.36   62.86   65.00   67.03   68.57   67.86   55.00   58.06   57.71   51.43   57.50   56.43   57.14   56.79   55.20   54.84   58.78   57.71   61.29   59.64   60.36
    14: ZP_01011785|Rhodobacterales_bact   49.11   50.53   49.82   51.96   50.18   52.42   51.96   47.33   51.96   50.00   50.72   59.29   76.68  100.00   59.64   60.00   60.78   61.07   62.14   60.07   58.93   62.01   64.16   61.07   63.08   65.36   64.29   62.37   62.14   63.80   63.08   64.87   63.08   63.93   62.37   63.80   64.29   64.87   65.23   64.64   61.79   63.44   63.08   62.37   63.80   63.08   64.52   61.29   65.71   63.08   63.44   60.36   63.93   65.71   63.80   61.07   64.87   63.21   65.36   63.21   63.93   63.93   64.64   63.21   62.86   64.29   64.29   66.31   66.79   66.79   55.71   56.99   56.27   51.43   57.50   57.50   58.93   58.57   55.56   54.12   56.99   58.42   62.37   59.29   58.57
    15: P22636|Sphingomonas_paucimobilis   49.65   49.30   46.48   47.89   52.48   53.36   50.53   48.78   49.48   48.75   50.00   62.68   59.29   59.64  100.00   54.52   53.54   56.58   60.28   60.07   61.35   65.95   66.67   60.00   59.14   65.26   61.07   62.72   62.63   62.72   61.65   65.23   60.57   62.50   63.44   62.72   62.86   62.72   63.08   62.86   61.07   62.72   62.37   62.01   61.65   63.80   62.72   62.72   64.29   64.87   64.06   60.90   66.19   62.37   62.79   60.67   64.88   62.46   64.24   67.26   64.43   65.66   68.57   69.64   68.21   67.86   66.78   66.67   68.93   70.36   58.57   55.56   55.56   47.72   55.48   52.33   54.76   55.32   53.76   54.12   55.56   54.12   54.84   56.70   55.75
    16: WP_005052165|Microbacterium_laev   51.06   51.76   52.46   52.82   51.77   53.73   51.94   50.52   51.57   51.61   52.16   59.15   61.43   60.00   54.52  100.00   84.91   90.03   63.48   64.18   66.43   65.95   68.10   72.14   70.00   67.72   67.37   64.78   70.63   70.77   69.01   69.72   67.96   69.47   71.83   67.25   66.67   67.25   66.90   69.12   67.02   70.42   69.37   69.72   69.37   71.83   66.55   68.66   71.93   72.34   58.42   56.75   61.57   58.98   56.38   55.18   57.38   56.52   56.19   59.79   55.70   56.90   59.64   60.71   60.36   59.64   59.44   62.01   65.36   64.64   51.79   51.25   48.39   46.32   49.66   49.50   51.02   54.96   54.48   54.12   56.27   55.91   58.06   55.33   56.45
    17: WP_017792411|Leucobacter_salsici   49.47   50.88   51.23   52.28   51.94   52.42   51.06   50.35   52.78   50.71   51.25   57.39   61.13   60.78   53.54   84.91  100.00   90.10   63.12   63.43   65.37   66.31   67.03   70.36   69.29   67.02   67.02   66.00   69.93   70.42   69.37   70.07   69.37   69.82   72.18   67.96   67.37   67.96   68.31   69.12   67.37   70.77   70.07   70.42   69.01   71.48   67.96   68.66   72.28   72.34   58.78   57.44   62.63   59.32   57.43   56.23   58.45   57.91   58.25   59.79   55.89   57.24   60.36   60.36   59.64   59.29   60.49   62.72   65.71   64.29   52.50   50.54   49.10   46.32   50.34   49.16   49.66   55.32   53.76   54.48   54.84   55.56   56.99   53.26   53.31
    18: AF331043|Arthrobacter_keyseri_12   50.89   50.89   51.96   53.02   51.96   54.85   52.67   50.53   53.02   51.80   51.80   57.65   60.71   61.07   56.58   90.03   90.10  100.00   62.99   62.69   65.96   66.67   67.38   70.36   69.64   69.04   67.37   64.89   70.28   69.72   69.01   69.37   67.61   69.12   71.48   67.25   66.67   67.25   67.61   69.82   67.72   71.13   69.72   70.07   69.37   72.54   68.66   68.31   71.93   71.28   58.42   59.07   62.99   61.57   61.43   59.79   62.86   60.85   60.85   60.14   58.36   59.79   60.71   60.71   59.64   60.00   61.21   62.72   65.36   64.29   52.86   51.25   49.10   46.98   51.25   52.31   52.31   54.80   54.84   54.84   54.84   55.56   57.35   55.52   55.52
    19: WP_018082716|Asticcacaulis_benev   53.90   52.48   51.42   52.84   54.26   54.85   53.19   52.48   54.61   50.90   52.88   62.06   65.36   62.14   60.28   63.48   63.12   62.99  100.00   91.79   66.67   66.31   70.25   65.71   67.03   67.73   66.07   71.33   69.40   73.12   69.89   68.46   72.40   68.93   72.04   70.61   69.29   70.97   71.33   72.14   70.00   73.48   72.04   72.40   70.61   71.33   71.33   72.40   73.21   70.97   62.72   63.48   66.19   65.25   61.92   61.70   61.57   63.83   62.41   66.90   64.54   65.25   63.93   67.14   66.07   62.14   67.38   66.31   68.57   69.29   55.00   55.20   55.20   51.42   56.38   54.96   55.67   58.16   55.20   54.84   58.42   57.71   57.35   56.74   57.45
    20: WP_006273238|Asticcacaulis_bipro   52.99   52.61   51.12   52.24   53.73   54.48   52.24   51.12   53.36   51.87   51.87   62.31   63.81   60.07   60.07   64.18   63.43   62.69   91.79  100.00   66.42   65.92   68.91   66.42   65.92   64.93   65.67   71.16   68.66   71.91   69.29   67.04   70.04   68.28   71.91   69.29   68.28   69.29   69.66   69.03   66.79   71.54   70.04   70.79   68.54   69.29   69.29   71.16   71.64   70.04   62.55   61.57   65.67   63.43   61.80   60.45   59.93   62.31   60.82   64.55   62.31   63.43   61.94   65.30   65.67   61.57   65.67   64.42   65.30   65.67   53.36   53.93   52.81   51.87   55.97   54.48   55.60   57.84   53.56   53.56   55.81   55.06   56.93   56.72   57.09
    21: ZP_05126811|gamma_proteobacteriu   53.19   52.48   49.65   50.71   52.84   54.10   52.48   53.55   53.90   50.18   55.04   57.45   61.43   58.93   61.35   66.43   65.37   65.96   66.67   66.42  100.00   82.44   74.55   70.00   67.74   72.34   71.79   74.73   74.73   73.12   73.12   71.33   73.48   72.50   73.84   71.68   71.07   72.76   72.40   73.21   70.00   73.48   73.48   73.84   75.27   73.84   73.48   74.91   75.71   76.70   61.65   61.70   63.70   62.06   60.50   59.57   60.14   62.41   60.99   60.14   60.28   61.70   62.86   62.50   62.86   62.50   66.67   65.23   69.29   67.14   53.57   54.12   54.48   49.65   55.32   54.61   53.19   54.96   55.20   54.12   58.42   57.35   58.06   57.09   56.74
    22: WP_008250902|gamma_proteobacteri   52.69   52.69   49.46   51.97   51.97   53.93   51.97   53.76   54.84   50.72   54.35   60.93   63.08   62.01   65.95   65.95   66.31   66.67   66.31   65.92   82.44  100.00   75.63   68.82   65.59   72.76   70.97   74.91   74.91   72.76   73.84   74.55   72.04   72.40   74.55   70.61   69.89   70.97   71.33   72.76   70.61   73.84   72.40   72.76   73.84   72.04   74.55   72.76   73.84   77.06   66.55   65.23   67.74   65.95   64.52   61.65   63.80   66.31   65.23   63.80   66.31   66.67   67.03   66.31   67.03   67.38   68.46   67.27   71.33   70.97   54.48   54.48   53.76   51.97   58.06   55.91   54.48   56.27   53.76   53.05   57.35   57.35   56.99   55.91   57.35
    23: YP_663439|Pseudoalteromonas_atla   50.54   55.20   51.61   53.41   56.99   56.18   55.20   52.33   54.84   53.26   55.43   63.44   63.80   64.16   66.67   68.10   67.03   67.38   70.25   68.91   74.55   75.63  100.00   69.53   69.53   74.55   68.82   72.40   72.76   73.84   72.40   72.04   70.61   71.68   73.12   71.33   70.25   71.68   72.04   72.04   69.89   73.12   72.40   73.12   73.12   74.19   73.12   74.19   74.55   75.27   65.83   68.46   67.74   67.03   62.72   61.65   65.59   65.95   66.31   65.95   69.18   69.18   67.38   68.82   68.46   67.03   71.33   70.86   74.91   73.84   55.56   55.91   54.12   51.97   58.42   58.78   58.06   60.57   59.50   58.78   58.06   59.86   60.93   60.93   62.72
    24: WP_018575487|Oligella_ureolytica   52.50   51.07   51.07   52.50   50.71   54.10   53.21   51.07   52.50   51.99   51.26   58.93   61.79   61.07   60.00   72.14   70.36   70.36   65.71   66.42   70.00   68.82   69.53  100.00   78.85   70.00   71.79   70.61   75.00   73.48   72.40   72.04   73.48   73.57   73.48   74.19   72.50   73.48   73.12   75.71   73.57   74.19   73.84   74.19   73.84   76.70   73.12   77.06   75.71   78.14   60.57   62.50   63.21   61.43   59.14   59.29   60.57   60.00   59.29   60.00   60.00   61.07   60.71   61.79   61.43   61.43   63.93   64.52   65.36   65.36   54.29   53.41   53.05   50.36   55.36   54.29   54.29   57.86   55.56   55.20   58.78   58.42   62.37   61.79   60.36
    25: WP_019957949|Vitreoscilla_sterco   49.82   50.18   49.46   51.25   50.54   51.69   50.90   48.39   50.90   49.64   49.64   57.71   62.01   63.08   59.14   70.00   69.29   69.64   67.03   65.92   67.74   65.59   69.53   78.85  100.00   68.46   69.64   69.64   71.79   75.00   72.86   70.71   72.95   71.43   72.24   72.60   71.53   72.60   72.95   72.60   70.46   73.21   73.21   73.57   72.86   73.57   73.57   74.38   76.51   73.48   60.79   61.29   64.52   60.93   58.06   57.71   60.93   59.50   60.22   58.78   58.42   58.78   59.50   60.22   58.78   59.50   64.16   65.11   63.80   65.59   52.69   52.33   50.90   48.75   52.33   52.69   52.33   56.63   55.56   55.20   54.84   55.20   59.86   59.14   58.42
    26: WP_020560691|Thiothrix_flexilis|   54.96   50.35   50.35   52.82   54.26   56.34   55.12   53.33   56.14   53.76   54.68   64.08   64.29   65.36   65.26   67.72   67.02   69.04   67.73   64.93   72.34   72.76   74.55   70.00   68.46  100.00   71.07   73.12   72.95   73.48   73.48   71.68   73.84   74.29   75.99   70.97   70.00   70.97   70.61   73.21   70.71   74.19   72.76   72.76   74.55   73.84   73.12   75.27   74.64   77.78   66.67   65.61   67.97   68.42   62.68   62.46   64.79   62.81   62.46   64.41   64.91   64.91   66.07   65.00   65.36   66.07   67.37   69.18   69.64   70.36   54.64   53.05   51.61   50.88   54.04   54.39   56.14   56.74   56.99   57.35   58.42   59.86   60.93   59.30   60.35
    27: WP_010154155|SAR324_cluster_bact   52.86   52.14   51.79   52.14   52.14   54.48   52.86   52.14   53.57   52.35   51.99   58.93   66.07   64.29   61.07   67.37   67.02   67.37   66.07   65.67   71.79   70.97   68.82   71.79   69.64   71.07  100.00   82.04   80.00   77.82   82.04   78.17   77.46   81.40   78.87   77.82   77.89   78.87   78.52   79.65   77.19   78.17   79.23   78.87   80.63   78.52   80.63   79.93   80.35   80.14   64.52   61.79   65.36   64.29   59.86   59.29   61.65   62.50   62.14   62.14   61.07   62.50   63.21   62.86   63.57   63.21   68.21   67.38   69.29   67.86   55.71   55.56   54.84   49.64   57.50   57.14   57.14   58.21   56.99   56.99   59.86   59.50   61.65   58.21   58.21
    28: YP_994980|Verminephrobacter_eise   54.48   53.76   54.48   55.56   55.56   55.81   54.48   55.20   57.71   55.80   55.80   58.06   64.87   62.37   62.72   64.78   66.00   64.89   71.33   71.16   74.73   74.91   72.40   70.61   69.64   73.12   82.04  100.00   83.10   83.10   80.28   82.04   77.93   82.75   81.69   79.93   79.23   79.93   79.58   80.63   77.82   82.75   82.75   82.39   82.39   81.34   81.34   79.45   82.04   78.57   62.95   62.01   65.23   65.59   61.29   59.86   60.57   64.16   63.44   63.80   62.72   63.80   64.87   64.52   64.52   64.52   68.10   66.91   69.53   67.38   55.91   55.20   55.91   52.69   56.99   56.27   58.42   61.29   55.56   55.56   58.42   59.50   60.22   60.57   59.86
    29: WP_018913068|Thiomonas_sp_FB-6|N   54.09   53.38   52.67   53.74   52.67   57.46   54.45   54.45   56.94   55.04   55.04   60.85   63.93   62.14   62.63   70.63   69.93   70.28   69.40   68.66   74.73   74.91   72.76   75.00   71.79   72.95   80.00   83.10  100.00   78.52   81.69   81.69   77.82   80.70   80.99   80.28   79.30   80.28   79.93   83.51   80.70   81.34   82.04   82.39   83.80   83.10   80.63   80.99   80.70   81.91   64.16   64.77   66.90   66.55   65.00   64.41   66.43   64.06   63.70   64.77   64.06   64.77   65.71   65.71   65.36   66.43   68.33   68.82   72.86   71.07   55.00   55.56   55.91   52.31   56.94   56.58   57.30   59.43   56.99   57.71   59.86   60.22   59.50   61.21   60.50
    30: WP_010464342|Acidovorax_radicis|   50.90   54.84   53.41   54.12   56.27   53.56   54.48   54.48   54.48   53.26   53.62   60.22   65.23   63.80   62.72   70.77   70.42   69.72   73.12   71.91   73.12   72.76   73.84   73.48   75.00   73.48   77.82   83.10   78.52  100.00   80.90   79.58   83.68   83.10   84.15   82.99   82.64   83.33   82.99   80.56   78.47   83.10   84.15   83.80   81.69   84.51   83.45   83.80   81.94   82.17   62.95   63.08   65.59   66.31   61.65   60.93   60.93   62.72   62.72   63.08   63.80   64.87   64.52   63.44   63.08   64.16   67.74   68.71   70.25   68.46   56.27   53.41   54.12   50.54   57.35   55.91   56.63   60.22   54.84   54.84   56.63   56.63   59.86   58.78   59.14
    31: WP_006298580|Hylemonella_gracili   51.61   51.61   50.18   51.25   51.25   55.06   54.12   53.05   52.33   51.81   52.90   59.14   65.95   63.08   61.65   69.01   69.37   69.01   69.89   69.29   73.12   73.84   72.40   72.40   72.86   73.48   82.04   80.28   81.69   80.90  100.00   77.82   83.33   85.21   80.63   80.21   80.56   81.25   81.60   82.29   79.86   79.23   79.93   80.28   84.86   81.34   82.75   82.04   83.33   81.12   63.31   64.52   64.87   64.87   61.65   59.50   61.29   62.01   62.01   62.01   62.37   63.08   63.44   63.44   63.44   62.72   66.67   66.55   69.53   68.46   56.27   54.84   54.48   49.46   58.06   57.35   57.35   58.06   54.48   54.48   55.91   56.99   58.78   57.71   58.78
    32: YP_779688|Rhodopseudomonas_palus   52.33   51.61   51.61   51.97   53.05   52.81   52.33   52.33   54.48   52.90   52.54   59.50   65.95   64.87   65.23   69.72   70.07   69.37   68.46   67.04   71.33   74.55   72.04   72.04   70.71   71.68   78.17   82.04   81.69   79.58   77.82  100.00   77.11   80.28   80.63   80.63   81.69   81.34   80.99   82.39   79.58   84.86   85.56   84.51   84.15   83.80   79.23   81.34   81.34   83.69   64.75   61.29   66.67   67.03   63.44   62.72   65.59   65.23   65.95   63.08   64.52   65.23   64.87   64.52   64.87   67.38   67.38   66.91   69.18   68.10   55.56   54.48   53.76   51.61   57.35   56.63   57.35   58.42   54.12   53.76   57.71   57.35   59.86   58.06   56.99
    33: CBA31486|Curvibacter|Non           53.05   53.41   52.33   53.76   54.84   54.31   54.48   55.91   54.84   52.17   53.62   59.86   67.03   63.08   60.57   67.96   69.37   67.61   72.40   70.04   73.48   72.04   70.61   73.48   72.95   73.84   77.46   77.93   77.82   83.68   83.33   77.11  100.00   85.56   82.23   83.74   83.39   84.08   83.74   81.66   79.58   82.39   81.34   82.04   85.56   80.28   81.69   84.88   83.04   80.48   62.59   61.65   65.95   65.59   60.22   60.57   60.93   60.22   61.29   61.65   61.29   62.37   63.08   62.72   62.01   61.65   64.87   66.55   69.18   67.03   55.20   53.05   53.76   51.25   59.50   57.35   56.63   58.42   53.76   53.76   56.63   57.35   59.50   58.78   58.78
    34: YP_001792656|Leptothrix_cholodni   54.29   54.29   52.86   52.86   55.00   53.73   54.64   53.93   54.64   52.71   53.07   60.36   68.21   63.93   62.50   69.47   69.82   69.12   68.93   68.28   72.50   72.40   71.68   73.57   71.43   74.29   81.40   82.75   80.70   83.10   85.21   80.28   85.56  100.00   84.86   82.75   82.11   83.10   82.75   82.46   80.35   83.45   83.80   83.80   85.56   82.75   83.10   85.56   85.26   84.04   64.52   63.57   66.43   64.64   59.86   61.07   62.01   61.43   62.50   61.43   62.14   62.86   63.57   63.21   63.21   63.57   66.79   67.74   70.36   67.50   56.79   54.48   55.20   51.43   58.21   57.86   57.50   59.29   55.20   55.91   59.14   58.06   59.86   59.29   59.64
    35: YP_001204409|Bradyrhizobium_sp_O   51.25   53.41   51.61   51.97   54.84   53.56   53.05   53.76   54.84   51.81   52.90   62.01   65.23   62.37   63.44   71.83   72.18   71.48   72.04   71.91   73.84   74.55   73.12   73.48   72.24   75.99   78.87   81.69   80.99   84.15   80.63   80.63   82.23   84.86  100.00   80.35   79.30   80.00   80.35   80.35   77.89   85.21   86.62   85.92   82.75   83.45   79.93   81.40   84.21   85.46   64.75   66.31   67.38   67.03   62.72   60.22   63.44   62.37   63.08   63.44   63.44   64.52   65.23   64.16   64.87   64.87   69.18   68.35   69.89   67.74   56.63   53.05   53.41   50.54   57.35   56.27   56.63   59.14   54.48   54.48   56.99   56.27   59.14   57.35   58.06
    36: AAW66637|Comamonas_sp_DJ-12|Pca    53.05   53.76   51.25   50.90   53.76   53.56   53.76   54.48   53.76   52.90   52.90   58.42   66.31   63.80   62.72   67.25   67.96   67.25   70.61   69.29   71.68   70.61   71.33   74.19   72.60   70.97   77.82   79.93   80.28   82.99   80.21   80.63   83.74   82.75   80.35  100.00   96.19   97.58   97.23   89.27   87.20   82.04   83.80   83.45   84.15   83.10   83.45   83.86   83.04   80.77   62.59   61.29   63.80   65.23   59.86   60.57   60.57   62.01   63.44   62.01   62.72   63.08   63.44   63.08   61.65   62.37   65.23   65.83   68.46   66.31   54.84   52.69   54.12   51.97   56.99   54.48   55.56   58.78   53.41   53.05   55.56   56.63   58.78   56.99   55.91
    37: BAI50720|Comamonas_sp_E6|Non       54.29   53.57   51.07   50.71   54.64   53.73   54.29   55.00   53.93   53.79   53.79   58.21   66.79   64.29   62.86   66.67   67.37   66.67   69.29   68.28   71.07   69.89   70.25   72.50   71.53   70.00   77.89   79.23   79.30   82.64   80.56   81.69   83.39   82.11   79.30   96.19  100.00   97.92   97.58   88.28   85.52   80.99   82.75   83.10   84.15   81.34   83.80   83.86   82.76   80.07   61.29   61.43   64.64   65.71   60.22   60.00   61.29   61.07   63.57   61.79   62.50   62.50   62.50   62.50   60.71   63.93   65.00   65.95   67.86   66.07   55.36   53.41   54.84   52.14   58.21   56.07   56.79   60.00   53.41   53.05   55.91   57.35   59.50   57.86   56.43
    38: ZP_03542666|Comamonas_testostero   54.48   54.48   51.97   51.61   55.20   54.68   54.84   55.56   54.48   54.35   54.35   59.14   68.10   64.87   62.72   67.25   67.96   67.25   70.97   69.29   72.76   70.97   71.68   73.48   72.60   70.97   78.87   79.93   80.28   83.33   81.25   81.34   84.08   83.10   80.00   97.58   97.92  100.00   99.65   88.93   86.85   81.34   83.10   83.45   84.86   82.39   84.51   84.56   83.74   81.12   62.59   61.65   64.52   66.31   60.22   60.22   60.93   62.37   63.80   62.37   63.44   63.08   63.44   63.08   61.65   63.80   65.59   66.91   68.82   67.03   55.91   54.12   55.56   52.69   58.78   56.27   56.99   60.22   54.84   53.76   56.63   58.06   59.86   58.42   57.35
    39: AF305325|Comamonas_testosteroni_   54.48   54.48   51.97   51.61   55.20   54.68   54.84   55.56   54.48   54.35   54.35   59.50   67.74   65.23   63.08   66.90   68.31   67.61   71.33   69.66   72.40   71.33   72.04   73.12   72.95   70.61   78.52   79.58   79.93   82.99   81.60   80.99   83.74   82.75   80.35   97.23   97.58   99.65  100.00   88.58   86.51   80.99   82.75   83.10   84.51   82.04   84.86   84.21   84.08   80.77   62.95   62.01   64.87   65.95   60.57   59.86   61.29   62.72   64.16   62.72   63.08   62.72   63.80   63.44   62.01   64.16   65.95   67.27   69.18   67.38   56.27   54.12   55.56   52.69   58.78   56.27   56.99   60.22   54.84   53.76   56.63   58.06   59.86   58.42   57.35
    40: YP_001564829|Delftia_acidovorans   54.29   55.00   52.86   54.64   53.93   55.22   55.00   54.64   55.71   53.79   54.87   59.29   67.50   64.64   62.86   69.12   69.12   69.82   72.14   69.03   73.21   72.76   72.04   75.71   72.60   73.21   79.65   80.63   83.51   80.56   82.29   82.39   81.66   82.46   80.35   89.27   88.28   88.93   88.58  100.00   95.52   83.10   84.15   84.15   85.92   86.97   85.21   84.21   82.76   83.57   62.01   63.93   65.71   66.43   63.80   62.86   63.08   63.21   63.21   62.50   63.93   64.29   65.00   65.36   63.21   63.57   67.50   68.46   71.07   68.93   55.71   55.56   56.63   50.00   57.50   57.14   57.50   57.86   55.56   55.20   57.71   57.35   59.50   60.71   58.93
    41: ABD84013|Pseudomonas_sp_K82|Pca    51.79   52.50   50.36   51.79   51.43   52.61   52.50   52.50   53.57   51.62   51.99   56.79   65.00   61.79   61.07   67.02   67.37   67.72   70.00   66.79   70.00   70.61   69.89   73.57   70.46   70.71   77.19   77.82   80.70   78.47   79.86   79.58   79.58   80.35   77.89   87.20   85.52   86.85   86.51   95.52  100.00   80.28   81.34   81.34   83.10   84.15   82.75   82.11   80.00   81.12   60.57   61.07   62.86   63.93   60.57   61.07   60.57   61.43   61.07   60.36   61.79   62.14   62.86   62.86   61.07   60.36   64.64   65.59   68.93   66.79   53.57   54.84   55.56   48.93   56.79   55.71   55.71   55.71   53.76   53.76   55.56   54.84   57.35   57.14   56.79
    42: YP_484494|Rhodopseudomonas_palus   52.69   53.05   52.33   54.12   54.84   54.31   54.12   55.20   56.99   53.62   55.07   59.50   66.31   63.44   62.72   70.42   70.77   71.13   73.48   71.54   73.48   73.84   73.12   74.19   73.21   74.19   78.17   82.75   81.34   83.10   79.23   84.86   82.39   83.45   85.21   82.04   80.99   81.34   80.99   83.10   80.28  100.00   95.42   95.07   85.92   86.62   82.75   81.34   84.86   81.91   63.67   64.87   67.38   68.10   62.01   62.72   63.44   63.80   64.16   62.72   64.16   65.59   66.31   66.67   65.23   64.87   69.18   68.35   69.89   68.46   56.27   54.12   54.12   51.61   55.20   54.48   54.48   58.78   52.33   52.69   57.35   58.06   59.50   57.71   57.71
    43: ZP_06358360|Rhodopseudomonas_pal   51.61   53.76   52.69   52.69   54.12   53.18   53.05   54.12   55.91   53.62   55.07   59.86   65.59   63.08   62.37   69.37   70.07   69.72   72.04   70.04   73.48   72.40   72.40   73.84   73.21   72.76   79.23   82.75   82.04   84.15   79.93   85.56   81.34   83.80   86.62   83.80   82.75   83.10   82.75   84.15   81.34   95.42  100.00   97.54   84.86   86.97   82.39   82.04   85.21   82.27   61.87   64.87   65.95   65.59   60.57   62.01   62.37   62.72   63.44   62.72   62.72   64.16   64.87   65.23   64.16   65.23   69.18   68.35   69.53   67.74   56.99   54.12   54.48   50.90   55.56   54.48   54.84   58.78   52.69   53.05   56.99   57.71   59.50   57.35   56.99
    44: YP_001994146|Rhodopseudomonas_pa   52.33   54.48   52.33   53.76   54.84   53.93   54.12   54.48   56.27   54.71   55.43   59.50   67.03   62.37   62.01   69.72   70.42   70.07   72.40   70.79   73.84   72.76   73.12   74.19   73.57   72.76   78.87   82.39   82.39   83.80   80.28   84.51   82.04   83.80   85.92   83.45   83.10   83.45   83.10   84.15   81.34   95.07   97.54  100.00   84.86   86.97   82.39   81.69   84.86   81.91   62.23   64.87   65.95   65.95   60.57   62.01   62.37   62.72   63.44   62.72   63.08   64.52   64.87   65.59   64.16   64.52   69.18   67.99   69.18   67.74   55.56   54.48   53.76   50.18   54.84   54.12   54.12   58.42   52.69   53.05   57.71   57.71   58.78   57.71   57.35
    45: YP_934041|Azoarcus_sp_BH72|Non     53.76   52.33   51.97   53.05   54.12   54.31   54.12   53.76   55.20   53.62   55.07   59.50   65.95   63.80   61.65   69.37   69.01   69.37   70.61   68.54   75.27   73.84   73.12   73.84   72.86   74.55   80.63   82.39   83.80   81.69   84.86   84.15   85.56   85.56   82.75   84.15   84.15   84.86   84.51   85.92   83.10   85.92   84.86   84.86  100.00   87.32   85.92   86.27   85.21   84.75   64.03   63.08   65.59   65.95   60.93   60.57   62.37   61.29   62.37   60.57   62.01   62.72   62.37   62.01   62.72   64.16   67.38   67.27   69.18   66.67   55.56   53.41   54.12   52.69   57.71   56.27   56.99   59.14   54.48   55.56   57.35   58.42   60.93   57.71   58.42
    46: YP_004487058|Delftia_sp_Cs1-4|No   51.97   53.41   51.25   53.41   54.12   54.68   53.76   52.33   54.84   53.99   52.90   58.42   66.31   63.08   63.80   71.83   71.48   72.54   71.33   69.29   73.84   72.04   74.19   76.70   73.57   73.84   78.52   81.34   83.10   84.51   81.34   83.80   80.28   82.75   83.45   83.10   81.34   82.39   82.04   86.97   84.15   86.62   86.97   86.97   87.32  100.00   84.51   84.86   84.15   84.40   64.75   64.16   65.95   65.23   61.65   63.08   64.87   62.72   63.80   62.72   63.44   64.16   64.52   65.59   64.16   64.87   69.18   69.78   71.33   68.82   55.91   55.20   55.20   51.61   56.27   56.27   56.63   59.14   55.56   55.56   58.06   58.42   61.29   60.22   59.50
    47: WP_009520073|Hydrogenophaga_sp_P   53.05   54.12   50.90   52.69   53.76   55.06   54.48   51.97   56.63   53.62   55.07   59.50   67.03   64.52   62.72   66.55   67.96   68.66   71.33   69.29   73.48   74.55   73.12   73.12   73.57   73.12   80.63   81.34   80.63   83.45   82.75   79.23   81.69   83.10   79.93   83.45   83.80   84.51   84.86   85.21   82.75   82.75   82.39   82.39   85.92   84.51  100.00   85.21   86.27   84.04   61.87   64.16   65.95   65.95   60.57   61.29   61.65   62.72   63.80   62.37   61.29   61.65   63.80   64.16   63.44   63.44   68.10   69.06   70.25   68.82   58.78   56.63   56.27   53.05   57.71   57.35   58.06   59.50   55.56   55.56   58.06   56.99   59.86   59.14   58.78
    48: YP_521615|Rhodoferax_ferrireduce   53.05   53.76   51.97   52.33   55.20   53.93   53.41   52.69   54.48   52.90   52.17   59.14   65.23   61.29   62.72   68.66   68.66   68.31   72.40   71.16   74.91   72.76   74.19   77.06   74.38   75.27   79.93   79.45   80.99   83.80   82.04   81.34   84.88   85.56   81.40   83.86   83.86   84.56   84.21   84.21   82.11   81.34   82.04   81.69   86.27   84.86   85.21  100.00   85.61   86.21   62.95   62.01   64.87   64.52   61.29   62.01   62.72   60.57   61.29   61.29   62.01   62.72   61.65   62.72   61.65   63.44   65.59   67.27   69.18   66.67   56.63   54.48   55.56   53.05   58.06   58.42   57.71   60.22   56.27   57.35   59.50   59.50   60.93   58.78   59.14
    49: WP_019575082|Curvibacter_lanceol   52.86   53.21   50.00   51.07   53.93   53.73   53.93   53.21   54.29   51.62   52.35   60.71   66.43   65.71   64.29   71.93   72.28   71.93   73.21   71.64   75.71   73.84   74.55   75.71   76.51   74.64   80.35   82.04   80.70   81.94   83.33   81.34   83.04   85.26   84.21   83.04   82.76   83.74   84.08   82.76   80.00   84.86   85.21   84.86   85.21   84.15   86.27   85.61  100.00   87.06   64.87   64.29   65.71   66.79   60.93   60.71   62.01   62.86   63.93   61.79   62.14   63.57   64.64   64.29   63.93   64.29   67.86   67.74   70.71   68.57   57.50   55.91   55.56   52.86   58.93   57.86   58.57   58.93   54.84   55.20   56.99   57.71   58.78   58.21   58.21
    50: YP_982257|Polaromonas_naphthalen   52.69   52.69   50.54   50.54   52.33   53.56   53.05   53.05   54.84   52.17   51.81   61.29   64.16   63.08   64.87   72.34   72.34   71.28   70.97   70.04   76.70   77.06   75.27   78.14   73.48   77.78   80.14   78.57   81.91   82.17   81.12   83.69   80.48   84.04   85.46   80.77   80.07   81.12   80.77   83.57   81.12   81.91   82.27   81.91   84.75   84.40   84.04   86.21   87.06  100.00   64.39   65.23   65.59   64.87   60.57   59.86   62.72   61.65   61.65   61.65   62.72   63.44   63.08   64.16   63.44   63.80   67.38   67.63   69.89   68.46   56.63   54.48   55.56   51.97   59.14   58.42   58.78   58.78   56.63   56.63   57.35   57.71   61.29   59.14   59.50
    51: ZP_01223528|marine_gamma_proteob   50.54   48.75   48.39   47.67   50.18   50.56   49.82   49.10   50.90   48.55   48.19   62.01   61.65   63.44   64.06   58.42   58.78   58.42   62.72   62.55   61.65   66.55   65.83   60.57   60.79   66.67   64.52   62.95   64.16   62.95   63.31   64.75   62.59   64.52   64.75   62.59   61.29   62.59   62.95   62.01   60.57   63.67   61.87   62.23   64.03   64.75   61.87   62.95   64.87   64.39  100.00   62.37   67.38   67.38   67.50   65.23   65.83   69.29   70.11   68.10   70.97   70.97   70.25   70.97   72.04   70.97   70.61   69.06   71.33   70.25   51.25   53.24   52.88   50.90   55.20   54.84   54.12   53.05   53.60   53.24   56.47   57.19   56.12   56.63   56.99
    52: YP_004833312|Sphingobium_sp_SYK-   51.06   49.65   49.65   51.76   51.42   53.73   52.30   51.57   51.92   51.25   52.88   59.86   58.93   60.36   60.90   56.75   57.44   59.07   63.48   61.57   61.70   65.23   68.46   62.50   61.29   65.61   61.79   62.01   64.77   63.08   64.52   61.29   61.65   63.57   66.31   61.29   61.43   61.65   62.01   63.93   61.07   64.87   64.87   64.87   63.08   64.16   64.16   62.01   64.29   65.23   62.37  100.00   67.97   67.13   63.19   63.67   64.24   64.71   65.05   68.33   65.40   66.78   66.79   67.86   68.57   67.14   68.88   70.25   72.14   73.57   54.64   53.76   53.41   47.72   53.98   53.63   51.90   53.55   54.48   54.48   55.56   56.99   56.99   57.79   57.84
    53: WP_017183325|Sphingobium_xenopha   51.25   49.82   49.82   50.18   50.89   54.48   51.96   51.25   53.74   49.64   49.64   61.57   65.71   63.93   66.19   61.57   62.63   62.99   66.19   65.67   63.70   67.74   67.74   63.21   64.52   67.97   65.36   65.23   66.90   65.59   64.87   66.67   65.95   66.43   67.38   63.80   64.64   64.52   64.87   65.71   62.86   67.38   65.95   65.95   65.59   65.95   65.95   64.87   65.71   65.59   67.38   67.97  100.00   74.38   73.93   71.53   73.21   70.11   70.46   70.46   72.24   72.95   70.71   71.79   72.14   73.93   73.67   76.34   75.00   75.36   57.86   55.56   55.20   50.89   55.87   56.94   56.58   58.01   54.84   54.84   59.14   58.42   58.78   58.01   58.36
    54: YP_003819047|Brevundimonas_subvi   50.71   46.83   47.54   49.65   50.35   51.49   49.47   47.74   50.52   48.03   48.92   61.62   66.07   65.71   62.37   58.98   59.32   61.57   65.25   63.43   62.06   65.95   67.03   61.43   60.93   68.42   64.29   65.59   66.55   66.31   64.87   67.03   65.59   64.64   67.03   65.23   65.71   66.31   65.95   66.43   63.93   68.10   65.59   65.95   65.95   65.23   65.95   64.52   66.79   64.87   67.38   67.13   74.38  100.00   77.55   76.27   76.87   74.92   75.25   77.22   77.63   78.31   79.64   75.00   76.43   78.21   75.87   77.06   78.57   78.93   55.71   54.84   54.12   49.47   53.42   52.20   52.72   55.32   53.76   52.69   54.12   54.12   55.91   56.36   56.79
    55: YP_004538523|Novosphingobium_sp_   50.89   47.70   47.70   49.47   50.18   53.56   50.00   47.90   49.30   49.28   50.54   63.96   63.08   63.80   62.79   56.38   57.43   61.43   61.92   61.80   60.50   64.52   62.72   59.14   58.06   62.68   59.86   61.29   65.00   61.65   61.65   63.44   60.22   59.86   62.72   59.86   60.22   60.22   60.57   63.80   60.57   62.01   60.57   60.57   60.93   61.65   60.57   61.29   60.93   60.57   67.50   63.19   73.93   77.55  100.00   78.67   78.41   76.74   76.90   78.93   76.09   77.03   79.93   77.06   78.14   78.14   72.28   74.82   76.70   77.42   55.91   53.05   52.69   47.54   51.89   52.84   54.95   55.16   54.12   54.48   57.35   57.71   58.06   56.55   55.59
