#
#
#  Percent Identity  Matrix - created by Clustal2.1 
#
#

     1: YP_003590684|Bacillus_tusciae_DS  100.00   54.44   35.66   35.91   36.83   35.75   35.80   38.07   36.36   35.73   35.73   34.52   35.71   35.65   36.21   36.69   36.19   36.19   36.43   35.95   35.71   35.71   35.71   36.90   35.71   35.71   35.48   35.48   35.95   36.82   36.52   36.28   35.89   37.08   36.12   35.80   32.13   35.08   35.08   36.04   35.56   35.48   35.48   37.14   37.86   37.62   32.49   32.91   32.24   34.68   34.94
     2: BAC79226|Bacillus_sp_JF8|Bph       54.44  100.00   32.54   32.78   34.39   37.78   37.68   38.39   37.38   37.44   37.44   35.73   37.35   37.62   37.14   37.86   36.87   36.87   37.44   36.21   36.21   36.54   36.78   37.41   36.78   36.78   36.54   36.78   37.26   36.93   36.14   36.14   36.47   37.68   36.96   36.87   32.93   36.63   36.63   36.87   36.63   35.82   36.06   37.26   36.78   36.54   32.27   33.66   34.23   33.17   33.17
     3: BAF48503|Rhodococcus_erythropoli   35.66   32.54  100.00   99.78   34.62   38.28   38.73   33.33   33.88   37.29   36.58   37.05   34.68   34.93   36.84   37.32   36.34   35.87   36.43   36.82   37.05   36.58   36.58   35.39   35.63   35.87   35.87   35.87   35.15   35.22   36.97   36.97   36.73   36.73   36.97   39.57   34.76   38.15   38.15   37.50   37.44   37.00   37.24   38.17   37.00   37.00   36.51   34.49   35.73   35.66   34.97
     4: ABD65916|Rhodococcus_sp_R04|Bph    35.91   32.78   99.78  100.00   34.86   38.52   38.97   33.58   34.12   37.53   36.82   37.29   34.92   35.17   37.08   37.56   36.58   36.10   36.67   37.05   37.29   36.82   36.82   35.63   35.87   36.10   36.10   36.10   35.39   35.46   36.97   36.97   36.97   36.97   37.20   39.81   35.00   38.39   38.39   37.74   37.68   37.24   37.47   38.41   37.24   37.24   36.51   34.49   35.73   35.66   34.97
     5: ZP_02891600|Burkholderia_ambifar   36.83   34.39   34.62   34.86  100.00   48.22   46.99   46.97   44.88   48.12   47.42   50.47   51.41   51.42   49.88   50.59   51.41   51.17   51.88   50.70   51.41   51.64   51.64   51.88   49.77   49.77   49.53   48.83   49.06   53.04   52.24   52.71   52.00   52.00   52.71   54.12   49.41   54.82   54.82   53.29   53.41   50.46   50.69   51.61   51.61   51.38   33.97   37.62   36.36   37.98   37.50
     6: YP_004305818|Polymorphum_gilvum_   35.75   37.78   38.28   38.52   48.22  100.00   93.78   74.76   69.61   54.37   54.14   57.21   56.03   55.34   55.71   55.48   56.74   56.03   59.57   57.45   58.16   57.92   58.16   58.39   56.26   56.26   56.03   54.61   54.85   60.38   61.65   62.12   61.32   62.03   62.74   62.35   58.63   64.24   64.24   62.53   63.06   60.09   60.32   63.11   63.34   63.11   33.81   36.73   40.28   39.81   38.86
     7: BAK61713|Rhizobium_sp_TSY03b|Non   35.80   37.68   38.73   38.97   46.99   93.78  100.00   71.93   67.56   51.93   51.70   54.30   53.85   53.18   53.99   53.99   55.20   54.52   58.37   55.88   56.56   56.33   56.56   56.56   54.30   54.07   53.85   52.94   53.39   57.34   59.46   59.91   58.69   59.37   60.05   59.91   56.33   61.94   61.94   59.87   60.59   59.33   59.56   62.00   62.44   62.22   34.11   36.51   39.16   39.58   38.64
     8: BAC98956|Xanthobacter_polyaromat   38.07   38.39   33.33   33.58   46.97   74.76   71.93  100.00   76.98   51.87   51.64   54.19   56.28   56.07   56.21   56.21   56.28   55.58   57.91   56.05   56.28   56.74   56.74   57.44   54.88   54.88   54.65   55.12   55.35   58.60   60.00   60.23   59.91   60.84   60.84   60.47   55.37   61.40   61.40   60.23   59.77   57.34   57.81   59.21   61.07   60.61   34.98   37.50   39.56   39.01   38.02
     9: WP_009505788|Citreicella_sp_357|   36.36   37.38   33.88   34.12   44.88   69.61   67.56   76.98  100.00   52.05   51.59   53.85   55.20   54.32   54.21   54.21   54.30   53.62   56.56   54.98   55.66   56.33   56.33   56.11   52.49   52.71   52.49   50.90   51.36   56.88   57.43   57.66   56.88   57.79   58.01   58.78   53.17   59.01   59.01   58.30   58.56   55.90   56.35   58.35   57.91   57.91   35.36   36.83   36.21   38.73   37.79
    10: WP_016390587|Cycloclasticus_sp_P   35.73   37.44   37.29   37.53   48.12   54.37   51.93   51.87   52.05  100.00   96.16   62.53   64.56   64.32   62.05   63.64   64.79   64.11   67.19   67.72   68.85   67.72   67.72   65.69   63.88   64.11   63.88   63.43   63.66   65.01   61.76   61.76   61.54   60.86   61.31   63.80   57.50   63.57   63.35   62.67   61.99   59.73   59.95   61.09   62.44   62.22   34.29   36.26   35.87   37.71   37.23
    11: AAC44161|Cycloclasticus_oligotro   35.73   37.44   36.58   36.82   47.42   54.14   51.70   51.64   51.59   96.16  100.00   62.53   65.01   64.77   62.50   64.09   65.24   64.56   66.97   67.04   68.40   67.27   67.27   65.24   63.66   63.88   63.66   63.21   63.43   64.56   61.09   60.86   60.41   60.18   60.41   62.90   56.59   62.67   62.44   61.99   61.09   59.73   59.95   60.63   62.22   61.99   34.29   36.49   36.34   37.71   37.23
    12: ABX56038|Dyella_ginsengisoli|Bph   34.52   35.73   37.05   37.29   50.47   57.21   54.30   54.19   53.85   62.53   62.53  100.00   73.30   72.25   72.09   71.65   72.71   72.05   76.97   73.64   74.95   74.89   75.11   75.38   70.81   71.24   71.02   69.93   70.81   66.67   62.19   62.86   61.30   61.74   62.64   62.86   57.30   63.98   63.76   63.00   62.86   62.50   62.95   66.07   67.79   67.79   32.38   36.49   37.29   37.95   36.99
    13: Q46372|Comamonas_testosteroni_B-   35.71   37.35   34.68   34.92   51.41   56.03   53.85   56.28   55.20   64.56   65.01   73.30  100.00   97.80   82.60   81.72   83.81   83.15   78.24   75.66   77.63   76.75   76.75   80.48   75.27   75.93   75.71   76.15   75.93   64.97   65.25   65.47   64.57   64.80   65.25   66.59   59.91   66.37   66.59   66.07   65.47   64.43   64.88   63.98   67.26   66.59   32.14   37.91   38.48   38.19   37.23
    14: CAA08985|Burkholderia_sp_JB1|Bph   35.65   37.62   34.93   35.17   51.42   55.34   53.18   56.07   54.32   64.32   64.77   72.25   97.80  100.00   81.82   80.93   83.04   82.38   77.92   75.28   77.26   76.38   76.38   79.91   74.45   75.11   74.89   75.55   75.33   64.96   65.01   65.24   64.33   64.56   65.01   66.37   59.86   66.14   66.37   65.84   65.24   64.19   64.64   63.74   67.04   66.37   32.13   38.19   38.52   38.22   37.26
    15: Q52438|Pseudomonas_sp_KKS102|Bph   36.21   37.14   36.84   37.08   49.88   55.71   53.99   56.21   54.21   62.05   62.50   72.09   82.60   81.82  100.00   93.86   94.07   93.41   78.15   75.33   76.65   76.21   76.43   79.30   77.58   78.24   78.02   77.58   77.58   63.92   63.43   63.43   62.30   63.21   63.21   65.69   57.82   64.79   64.79   64.25   64.56   63.96   64.41   65.09   66.14   65.46   32.13   37.23   39.00   38.22   37.26
    16: BAC01052|Comamonas_testosteroni_   36.69   37.86   37.32   37.56   50.59   55.48   53.99   56.21   54.21   63.64   64.09   71.65   81.72   80.93   93.86  100.00   94.51   93.85   78.15   75.55   77.31   76.65   76.87   78.63   76.70   77.36   77.14   76.48   76.92   66.37   65.24   65.24   63.88   64.56   65.01   66.82   59.86   66.82   66.82   66.29   65.91   63.74   64.19   64.86   66.37   65.69   32.13   36.75   37.80   38.70   37.74
    17: CAD61140|Cupriavidus_oxalaticus_   36.19   36.87   36.34   36.58   51.41   56.74   55.20   56.28   54.30   64.79   65.24   72.71   83.81   83.04   94.07   94.51  100.00   99.34   79.39   76.59   77.90   77.46   77.68   80.74   78.17   78.82   78.60   77.51   77.73   65.93   65.70   65.70   64.13   64.57   65.02   66.59   60.14   67.04   67.04   66.29   66.37   64.43   64.88   66.22   67.71   67.04   32.14   36.73   38.00   38.42   37.47
    18: YP_003358094|Burkholderia_cepaci   36.19   36.87   35.87   36.10   51.17   56.03   54.52   55.58   53.62   64.11   64.56   72.05   83.15   82.38   93.41   93.85   99.34  100.00   78.95   75.93   77.24   76.81   77.02   80.09   77.51   78.17   77.95   76.86   77.07   65.27   65.02   65.02   63.90   64.35   64.80   65.92   59.46   66.37   66.37   65.62   65.70   63.76   64.21   65.55   67.04   66.37   32.38   36.97   38.24   38.66   37.71
    19: YP_973181|Polaromonas_naphthalen   36.43   37.44   36.43   36.67   51.88   59.57   58.37   57.91   56.56   67.19   66.97   76.97   78.24   77.92   78.15   78.15   79.39   78.95  100.00   90.57   92.32   92.76   92.98   83.11   75.22   75.44   75.22   75.00   75.22   70.00   66.07   66.74   65.17   66.29   66.29   66.07   60.05   66.97   66.74   66.37   65.84   66.97   67.42   68.31   70.05   69.59   34.61   38.95   39.29   40.19   39.23
    20: YP_556409|Burkholderia_xenovoran   35.95   36.21   36.82   37.05   50.70   57.45   55.88   56.05   54.98   67.72   67.04   73.64   75.66   75.28   75.33   75.55   76.59   75.93   90.57  100.00   97.60   95.63   95.41   79.96   74.24   74.45   74.24   73.14   73.14   67.92   64.88   65.55   63.76   64.88   64.88   65.55   58.88   65.55   65.32   65.62   64.65   64.21   64.65   66.67   68.16   67.71   35.00   38.39   38.24   39.38   38.42
    21: ACF20634|Achromobacter_sp_BP3|Bp   35.71   36.21   37.05   37.29   51.41   58.16   56.56   56.28   55.66   68.85   68.40   74.95   77.63   77.26   76.65   77.31   77.90   77.24   92.32   97.60  100.00   97.82   97.60   80.83   75.11   75.33   75.11   73.80   73.80   69.03   65.55   66.22   64.21   65.32   65.32   66.00   59.78   66.44   66.22   66.52   65.55   65.10   65.55   67.34   68.83   68.39   35.48   38.63   38.72   39.86   38.90
    22: Q52028|Pseudomonas_pseudoalcalig   35.71   36.54   36.58   36.82   51.64   57.92   56.33   56.74   56.33   67.72   67.27   74.89   76.75   76.38   76.21   76.65   77.46   76.81   92.76   95.63   97.82  100.00   99.78   80.79   74.45   74.67   74.45   73.14   73.14   69.03   65.32   66.00   63.98   65.10   65.10   65.55   59.10   65.77   65.55   65.84   64.88   64.65   65.10   66.44   67.94   67.49   35.24   38.15   38.24   39.62   38.66
    23: AAK14781|Pseudomonas_sp_Cam-1|Bp   35.71   36.78   36.58   36.82   51.64   58.16   56.56   56.74   56.33   67.72   67.27   75.11   76.75   76.38   76.43   76.87   77.68   77.02   92.98   95.41   97.60   99.78  100.00   81.00   74.45   74.67   74.45   73.36   73.36   69.03   65.32   66.00   63.98   65.10   65.10   65.55   59.10   65.77   65.55   65.84   64.88   64.65   65.10   66.67   68.16   67.71   35.24   38.15   38.48   39.62   38.66
    24: AFD18268|Alcanivorax_sp_HA03|Non   36.90   37.41   35.39   35.63   51.88   58.39   56.56   57.44   56.11   65.69   65.24   75.38   80.48   79.91   79.30   78.63   80.74   80.09   83.11   79.96   80.83   80.79   81.00  100.00   81.88   82.53   82.31   83.41   82.53   68.14   65.55   66.00   65.77   65.77   66.22   66.00   59.33   66.22   66.00   66.52   65.77   63.98   64.43   66.89   68.16   68.16   33.10   38.39   38.72   38.90   37.95
    25: AAB36666|Pseudomonas_sp_JR1|Ipb    35.71   36.78   35.63   35.87   49.77   56.26   54.30   54.88   52.49   63.88   63.66   70.81   75.27   74.45   77.58   76.70   78.17   77.51   75.22   74.24   75.11   74.45   74.45   81.88  100.00   98.69   98.47   89.54   89.76   66.45   64.43   65.32   64.65   64.65   65.10   65.77   60.45   66.22   66.00   65.92   65.55   62.95   63.39   64.96   66.89   66.22   33.57   38.15   37.05   39.14   38.42
    26: 1WQL|Pseudomonas_fluorescens_Ip0   35.71   36.78   35.87   36.10   49.77   56.26   54.07   54.88   52.71   64.11   63.88   71.24   75.93   75.11   78.24   77.36   78.82   78.17   75.44   74.45   75.33   74.67   74.67   82.53   98.69  100.00   99.78   90.41   90.63   66.67   64.43   65.32   64.65   64.65   65.10   65.77   60.45   66.22   66.00   65.92   65.55   62.72   63.17   64.96   67.11   66.44   33.33   38.15   37.05   39.38   38.42
    27: AAD12763|Pseudomonas_fluorescens   35.48   36.54   35.87   36.10   49.53   56.03   53.85   54.65   52.49   63.88   63.66   71.02   75.71   74.89   78.02   77.14   78.60   77.95   75.22   74.24   75.11   74.45   74.45   82.31   98.47   99.78  100.00   90.20   90.41   66.45   64.21   65.10   64.43   64.43   64.88   65.55   60.22   66.00   65.77   65.70   65.32   62.50   62.95   64.73   66.89   66.22   33.33   37.91   36.82   39.14   38.19
    28: CAB99196|Pseudomonas_putida_01G3   35.48   36.78   35.87   36.10   48.83   54.61   52.94   55.12   50.90   63.43   63.21   69.93   76.15   75.55   77.58   76.48   77.51   76.86   75.00   73.14   73.80   73.14   73.36   83.41   89.54   90.41   90.20  100.00   97.82   65.34   62.64   63.53   62.86   62.86   63.31   64.43   58.20   63.98   63.76   63.90   63.09   62.95   63.39   64.29   65.77   65.32   33.33   38.39   37.29   39.14   38.42
    29: AAC03436|Pseudomonas_putida_RE20   35.95   37.26   35.15   35.39   49.06   54.85   53.39   55.35   51.36   63.66   63.43   70.81   75.93   75.33   77.58   76.92   77.73   77.07   75.22   73.14   73.80   73.14   73.36   82.53   89.76   90.63   90.41   97.82  100.00   65.78   63.31   64.21   63.09   63.53   63.98   64.88   58.65   64.88   64.65   64.57   63.76   63.62   64.06   64.73   66.00   65.55   33.81   38.39   37.29   39.14   38.42
    30: BAH80171|Lysobacter_sp_OC7|Bph     36.82   36.93   35.22   35.46   53.04   60.38   57.34   58.60   56.88   65.01   64.56   66.67   64.97   64.96   63.92   66.37   65.93   65.27   70.00   67.92   69.03   69.03   69.03   68.14   66.45   66.67   66.45   65.34   65.78  100.00   68.08   68.97   67.41   67.63   68.30   68.75   63.68   70.31   70.31   70.47   69.20   65.19   65.63   69.40   72.44   71.78   33.49   37.12   35.78   38.33   37.38
    31: YP_001632349|Bordetella_petrii_D   36.52   36.14   36.97   36.97   52.24   61.65   59.46   60.00   57.43   61.76   61.09   62.19   65.25   65.01   63.43   65.24   65.70   65.02   66.07   64.88   65.55   65.32   65.32   65.55   64.43   64.43   64.21   62.64   63.31   68.08  100.00   98.44   95.77   96.44   95.99   85.11   80.80   88.67   88.44   88.84   90.44   72.38   72.61   75.95   76.79   76.34   33.10   38.68   37.59   38.72   37.77
    32: AAC43632|Pseudomonas_sp_P51|Tcb    36.28   36.14   36.97   36.97   52.71   62.12   59.91   60.23   57.66   61.76   60.86   62.86   65.47   65.24   63.43   65.24   65.70   65.02   66.74   65.55   66.22   66.00   66.00   66.00   65.32   65.32   65.10   63.53   64.21   68.97   98.44  100.00   95.99   96.44   96.66   84.89   81.03   88.89   88.67   89.06   90.67   72.83   73.05   76.39   77.46   77.01   33.57   38.92   37.83   38.95   38.00
    33: ACF16028|Bordetella_sp_IITR02|Tc   35.89   36.47   36.73   36.97   52.00   61.32   58.69   59.91   56.88   61.54   60.41   61.30   64.57   64.33   62.30   63.88   64.13   63.90   65.17   63.76   64.21   63.98   63.98   65.77   64.65   64.65   64.43   62.86   63.09   67.41   95.77   95.99  100.00   96.88   97.55   83.30   79.19   86.64   86.41   87.47   88.64   71.71   71.94   74.83   75.89   75.45   32.70   38.77   37.91   38.81   37.86
    34: AAC46390|Burkholderia_sp_PS12|Te   37.08   37.68   36.73   36.97   52.00   62.03   59.37   60.84   57.79   60.86   60.18   61.74   64.80   64.56   63.21   64.56   64.57   64.35   66.29   64.88   65.32   65.10   65.10   65.77   64.65   64.65   64.43   62.86   63.53   67.63   96.44   96.44   96.88  100.00   98.00   84.19   80.09   87.75   87.53   88.59   89.98   72.83   73.05   75.50   76.56   76.12   33.89   39.24   38.39   39.29   38.33
    35: ABR26225|Pseudomonas_nitroreduce   36.12   36.96   36.97   37.20   52.71   62.74   60.05   60.84   58.01   61.31   60.41   62.64   65.25   65.01   63.21   65.01   65.02   64.80   66.29   64.88   65.32   65.10   65.10   66.22   65.10   65.10   64.88   63.31   63.98   68.30   95.99   96.66   97.55   98.00  100.00   84.41   79.64   87.31   87.08   88.14   89.53   72.61   72.83   75.95   76.79   76.12   33.89   39.48   38.63   39.29   38.33
    36: Q07944|Pseudomonas_putida_ML2|Bz   35.80   36.87   39.57   39.81   54.12   62.35   59.91   60.47   58.78   63.80   62.90   62.86   66.59   66.37   65.69   66.82   66.59   65.92   66.07   65.55   66.00   65.55   65.55   66.00   65.77   65.77   65.55   64.43   64.88   68.75   85.11   84.89   83.30   84.19   84.41  100.00   84.38   91.78   92.00   87.95   88.22   71.49   71.71   74.16   75.22   75.00   33.10   39.15   38.06   38.72   37.77
    37: AAA25735|Pseudomonas_putida|Bzn    32.13   32.93   34.76   35.00   49.41   58.63   56.33   55.37   53.17   57.50   56.59   57.30   59.91   59.86   57.82   59.86   60.14   59.46   60.05   58.88   59.78   59.10   59.10   59.33   60.45   60.45   60.22   58.20   58.65   63.68   80.80   81.03   79.19   80.09   79.64   84.38  100.00   92.19   92.41   85.65   86.38   66.00   66.22   69.13   70.18   69.73   31.12   36.02   34.92   36.04   35.08
    38: AAX45786|Pseudomonas_putida_GJ31   35.08   36.63   38.15   38.39   54.82   64.24   61.94   61.40   59.01   63.57   62.67   63.98   66.37   66.14   64.79   66.82   67.04   66.37   66.97   65.55   66.44   65.77   65.77   66.22   66.22   66.22   66.00   63.98   64.88   70.31   88.67   88.89   86.64   87.75   87.31   91.78   92.19  100.00   99.78   92.63   93.78   72.61   72.83   75.95   77.01   76.56   33.33   38.92   37.35   38.48   37.53
    39: YP_001268196|Pseudomonas_putida_   35.08   36.63   38.15   38.39   54.82   64.24   61.94   61.40   59.01   63.35   62.44   63.76   66.59   66.37   64.79   66.82   67.04   66.37   66.74   65.32   66.22   65.55   65.55   66.00   66.00   66.00   65.77   63.76   64.65   70.31   88.44   88.67   86.41   87.53   87.08   92.00   92.41   99.78  100.00   92.41   93.56   72.61   72.83   75.95   77.01   76.56   33.33   38.92   37.35   38.48   37.53
    40: CAA06970|Ralstonia_sp_JS705|Bph    36.04   36.87   37.50   37.74   53.29   62.53   59.87   60.23   58.30   62.67   61.99   63.00   66.07   65.84   64.25   66.29   66.29   65.62   66.37   65.62   66.52   65.84   65.84   66.52   65.92   65.92   65.70   63.90   64.57   70.47   88.84   89.06   87.47   88.59   88.14   87.95   85.65   92.63   92.41  100.00   94.64   71.78   72.00   75.33   76.67   76.22   33.18   38.26   37.18   38.30   37.35
    41: ABS81340|Pandoraea_pnomenusa_MCB   35.56   36.63   37.44   37.68   53.41   63.06   60.59   59.77   58.56   61.99   61.09   62.86   65.47   65.24   64.56   65.91   66.37   65.70   65.84   64.65   65.55   64.88   64.88   65.77   65.55   65.55   65.32   63.09   63.76   69.20   90.44   90.67   88.64   89.98   89.53   88.22   86.38   93.78   93.56   94.64  100.00   72.38   72.61   76.39   77.46   77.01   33.57   38.92   37.83   39.19   38.24
    42: AAB07750|Rhodococcus_sp_M5|Bph     35.48   35.82   37.00   37.24   50.46   60.09   59.33   57.34   55.90   59.73   59.73   62.50   64.43   64.19   63.96   63.74   64.43   63.76   66.97   64.21   65.10   64.65   64.65   63.98   62.95   62.72   62.50   62.95   63.62   65.19   72.38   72.83   71.71   72.83   72.61   71.49   66.00   72.61   72.61   71.78   72.38  100.00   99.57   78.52   76.09   76.09   33.87   37.96   39.16   40.75   40.05
    43: CAA56346|Rhodococcus_globerulus_   35.48   36.06   37.24   37.47   50.69   60.32   59.56   57.81   56.35   59.95   59.95   62.95   64.88   64.64   64.41   64.19   64.88   64.21   67.42   64.65   65.55   65.10   65.10   64.43   63.39   63.17   62.95   63.39   64.06   65.63   72.61   73.05   71.94   73.05   72.83   71.71   66.22   72.83   72.83   72.00   72.61   99.57  100.00   78.96   76.52   76.52   34.34   38.43   39.16   40.75   40.05
    44: BAK52803|Janibacter_sp_TYM3221|N   37.14   37.26   38.17   38.41   51.61   63.11   62.00   59.21   58.35   61.09   60.63   66.07   63.98   63.74   65.09   64.86   66.22   65.55   68.31   66.67   67.34   66.44   66.67   66.89   64.96   64.96   64.73   64.29   64.73   69.40   75.95   76.39   74.83   75.50   75.95   74.16   69.13   75.95   75.95   75.33   76.39   78.52   78.96  100.00   81.96   81.09   34.80   38.66   39.16   40.28   39.58
    45: YP_707265|Rhodococcus_jostii_RHA   37.86   36.78   37.00   37.24   51.61   63.34   62.44   61.07   57.91   62.44   62.22   67.79   67.26   67.04   66.14   66.37   67.71   67.04   70.05   68.16   68.83   67.94   68.16   68.16   66.89   67.11   66.89   65.77   66.00   72.44   76.79   77.46   75.89   76.56   76.79   75.22   70.18   77.01   77.01   76.67   77.46   76.09   76.52   81.96  100.00   98.91   35.27   39.81   39.39   40.28   39.34
    46: NP_898768|Rhodococcus_erythropol   37.62   36.54   37.00   37.24   51.38   63.11   62.22   60.61   57.91   62.22   61.99   67.79   66.59   66.37   65.46   65.69   67.04   66.37   69.59   67.71   68.39   67.49   67.71   68.16   66.22   66.44   66.22   65.32   65.55   71.78   76.34   77.01   75.45   76.12   76.12   75.00   69.73   76.56   76.56   76.22   77.01   76.09   76.52   81.09   98.91  100.00   35.50   40.05   39.63   40.52   39.58
    47: YP_008372949|Cycloclasticus_zanc   32.49   32.27   36.51   36.51   33.97   33.81   34.11   34.98   35.36   34.29   34.29   32.38   32.14   32.13   32.13   32.13   32.14   32.38   34.61   35.00   35.48   35.24   35.24   33.10   33.57   33.33   33.33   33.33   33.81   33.49   33.10   33.57   32.70   33.89   33.89   33.10   31.12   33.33   33.33   33.18   33.57   33.87   34.34   34.80   35.27   35.50  100.00   48.76   46.83   48.41   47.95
    48: YP_006838592|Cycloclasticus_sp_P   32.91   33.66   34.49   34.49   37.62   36.73   36.51   37.50   36.83   36.26   36.49   36.49   37.91   38.19   37.23   36.75   36.73   36.97   38.95   38.39   38.63   38.15   38.15   38.39   38.15   38.15   37.91   38.39   38.39   37.12   38.68   38.92   38.77   39.24   39.48   39.15   36.02   38.92   38.92   38.26   38.92   37.96   38.43   38.66   39.81   40.05   48.76  100.00   63.84   65.47   64.57
    49: NP_049184|Novosphingobium_aromat   32.24   34.23   35.73   35.73   36.36   40.28   39.16   39.56   36.21   35.87   36.34   37.29   38.48   38.52   39.00   37.80   38.00   38.24   39.29   38.24   38.72   38.24   38.48   38.72   37.05   37.05   36.82   37.29   37.29   35.78   37.59   37.83   37.91   38.39   38.63   38.06   34.92   37.35   37.35   37.18   37.83   39.16   39.16   39.16   39.39   39.63   46.83   63.84  100.00   82.81   81.70
    50: BAC65448|Sphingomonas_sp_P2|Bph    34.68   33.17   35.66   35.66   37.98   39.81   39.58   39.01   38.73   37.71   37.71   37.95   38.19   38.22   38.22   38.70   38.42   38.66   40.19   39.38   39.86   39.62   39.62   38.90   39.14   39.38   39.14   39.14   39.14   38.33   38.72   38.95   38.81   39.29   39.29   38.72   36.04   38.48   38.48   38.30   39.19   40.75   40.75   40.28   40.28   40.52   48.41   65.47   82.81  100.00   98.88
    51: ABM79809|Sphingobium_yanoikuyae|   34.94   33.17   34.97   34.97   37.50   38.86   38.64   38.02   37.79   37.23   37.23   36.99   37.23   37.26   37.26   37.74   37.47   37.71   39.23   38.42   38.90   38.66   38.66   37.95   38.42   38.42   38.19   38.42   38.42   37.38   37.77   38.00   37.86   38.33   38.33   37.77   35.08   37.53   37.53   37.35   38.24   40.05   40.05   39.58   39.34   39.58   47.95   64.57   81.70   98.88  100.00
