#
#
#  Percent Identity  Matrix - created by Clustal2.1 
#
#

     1: UniRef90_A0A1V5BEY2     100.00   32.35   27.18   24.27   26.21   29.13   27.18   26.21   27.18   25.24   26.21   27.27   28.16   26.21   27.84   28.16   30.85   32.04
     2: UniRef90_A0A5S9N9P3      32.35  100.00   40.98   39.67   44.72   42.40   40.80   40.80   40.00   36.00   39.20   49.09   45.76   46.61   49.07   46.40   43.81   47.66
     3: UniRef90_A0A9E7BZD0      27.18   40.98  100.00   57.72   55.65   56.45   58.06   56.45   58.06   53.23   58.87   50.91   46.61   48.31   57.41   50.41   50.94   45.53
     4: UniRef90_A0A653AHM5      24.27   39.67   57.72  100.00   59.68   60.48   62.10   62.10   65.32   58.87   61.29   55.45   50.85   55.93   55.56   54.10   52.34   43.44
     5: UniRef90_UPI0003B4C0FD   26.21   44.72   55.65   59.68  100.00   68.25   69.84   70.63   69.05   65.08   65.87   56.36   55.08   56.78   61.11   54.84   50.47   41.94
     6: UniRef90_UPI0021AAA49C   29.13   42.40   56.45   60.48   68.25  100.00   81.68   74.63   81.25   73.44   75.19   55.45   50.85   54.24   59.26   56.80   48.60   42.64
     7: UniRef90_UPI00286AF543   27.18   40.80   58.06   62.10   69.84   81.68  100.00   80.15   82.81   75.78   80.62   57.27   53.39   56.78   62.04   56.80   52.34   41.86
     8: UniRef90_UPI001D00ACDD   26.21   40.80   56.45   62.10   70.63   74.63   80.15  100.00   81.25   69.53   72.09   57.27   52.54   55.93   60.19   54.40   53.27   44.19
     9: UniRef90_UPI00235DB858   27.18   40.00   58.06   65.32   69.05   81.25   82.81   81.25  100.00   72.66   77.34   55.45   53.39   55.08   58.33   54.40   51.40   42.86
    10: UniRef90_A0A916N901      25.24   36.00   53.23   58.87   65.08   73.44   75.78   69.53   72.66  100.00   79.69   51.82   50.00   55.08   55.56   51.20   50.47   46.03
    11: UniRef90_Q5P5G3          26.21   39.20   58.87   61.29   65.87   75.19   80.62   72.09   77.34   79.69  100.00   52.73   50.85   55.08   59.26   56.00   49.53   43.31
    12: UniRef90_A0A1V5BE15      27.27   49.09   50.91   55.45   56.36   55.45   57.27   57.27   55.45   51.82   52.73  100.00   62.16   62.16   64.22   63.06   45.71   45.95
    13: UniRef90_A0A940USM2      28.16   45.76   46.61   50.85   55.08   50.85   53.39   52.54   53.39   50.00   50.85   62.16  100.00   83.19   74.31   66.39   45.71   40.34
    14: UniRef90_A0A940V004      26.21   46.61   48.31   55.93   56.78   54.24   56.78   55.93   55.08   55.08   55.08   62.16   83.19  100.00   71.56   70.59   45.71   42.86
    15: UniRef90_A0A1V5BXJ0      27.84   49.07   57.41   55.56   61.11   59.26   62.04   60.19   58.33   55.56   59.26   64.22   74.31   71.56  100.00   74.31   46.67   45.87
    16: UniRef90_A0A1V5CY22      28.16   46.40   50.41   54.10   54.84   56.80   56.80   54.40   54.40   51.20   56.00   63.06   66.39   70.59   74.31  100.00   48.57   41.27
    17: UniRef90_A0A1Y2N7N6      30.85   43.81   50.94   52.34   50.47   48.60   52.34   53.27   51.40   50.47   49.53   45.71   45.71   45.71   46.67   48.57  100.00   56.19
    18: UniRef90_A0A1J5RNH4      32.04   47.66   45.53   43.44   41.94   42.64   41.86   44.19   42.86   46.03   43.31   45.95   40.34   42.86   45.87   41.27   56.19  100.00
