#
#
#  Percent Identity  Matrix - created by Clustal2.1 
#
#

     1: YP_713611|Frankia_alni_ACN14a|No  100.00   68.72   68.21   68.53   67.98   69.14   66.59   68.53   39.47   43.29   41.45   42.49   42.27   40.43   41.83   40.95   41.00   42.22   39.44   41.95   43.82   37.70   39.86   39.86   42.82   43.52   39.52   45.59
     2: WP_003887384|Mycobacterium_hassi   68.72  100.00   86.21   86.95   87.19   77.34   78.08   79.31   39.75   42.79   43.36   43.03   43.50   41.75   44.11   44.11   44.11   45.14   39.15   41.10   46.02   39.85   42.64   41.40   42.60   42.17   38.38   43.69
     3: YP_881803|Mycobacterium_avium_10   68.21   86.21  100.00   89.98   89.33   76.57   78.42   80.89   40.43   43.29   43.13   42.49   44.20   41.37   43.75   42.62   43.60   44.34   39.20   40.98   44.94   39.81   40.57   40.33   42.08   42.54   37.80   44.61
     4: YP_001072336|Mycobacterium_sp_JL   68.53   86.95   89.98  100.00   91.84   76.69   78.09   80.42   39.23   42.79   43.37   42.59   44.55   41.61   44.71   42.38   43.60   43.87   39.39   41.46   45.86   39.34   41.04   40.81   42.08   42.05   38.70   44.12
     5: YP_881121|Mycobacterium_avium_10   67.98   87.19   89.33   91.84  100.00   77.26   77.03   80.42   39.95   43.53   42.65   42.49   43.00   41.37   42.79   41.19   42.89   43.87   39.44   41.22   45.41   38.64   40.80   39.62   43.32   41.56   36.36   43.14
     6: WP_019546596|Streptomyces_sulphu   69.14   77.34   76.57   76.69   77.26  100.00   79.59   82.13   40.43   43.29   44.34   40.89   43.96   42.08   45.43   43.53   43.84   44.37   40.14   42.20   44.71   38.88   41.49   40.10   44.06   40.63   37.83   43.14
     7: WP_017934958|Nocardioides_sp_Iso   66.59   78.08   78.42   78.09   77.03   79.59  100.00   85.15   39.71   43.53   44.58   42.29   45.17   41.84   44.23   43.90   43.84   45.07   40.97   42.44   44.24   40.28   43.36   39.38   43.32   41.12   37.74   45.34
     8: YP_002784363|Rhodococcus_opacus_   68.53   79.31   80.89   80.42   80.42   82.13   85.15  100.00   39.47   43.97   44.58   41.92   44.07   41.37   43.27   42.18   42.89   44.37   40.61   41.71   44.68   40.98   42.49   41.05   42.08   42.82   40.67   44.61
     9: NP_880751|Bordetella_pertussis_T   39.47   39.75   40.43   39.23   39.95   40.43   39.71   39.47  100.00   56.97   54.94   57.42   56.20   56.49   56.63   57.97   56.97   57.07   54.20   53.17   61.54   61.24   62.44   63.64   44.17   40.79   41.08   39.56
    10: WP_020660836|Amycolatopsis_benzo   43.29   42.79   43.29   42.79   43.53   43.29   43.53   43.97   56.97  100.00   62.56   64.62   63.77   60.81   61.59   62.14   61.67   62.80   58.73   62.20   66.43   58.53   62.09   63.79   45.41   42.54   41.63   43.98
    11: WP_019875151|Sporichthya_polymor   41.45   43.36   43.13   43.37   42.65   44.34   44.58   44.58   54.94   62.56  100.00   66.99   65.69   63.29   63.29   66.50   64.25   63.61   63.86   64.39   66.43   58.80   62.65   61.20   45.52   43.84   45.32   44.83
    12: WP_010229010|Pseudonocardia_sp_P   42.49   43.03   42.49   42.59   42.49   40.89   42.29   41.92   57.42   64.62   66.99  100.00   72.22   69.27   69.95   71.80   69.19   73.24   69.56   70.49   67.45   57.78   61.97   62.53   43.18   41.85   39.62   43.00
    13: WP_020543194|Nonomuraea_coxensis   42.27   43.50   44.20   44.55   43.00   43.96   45.17   44.07   56.20   63.77   65.69   72.22  100.00   71.12   73.97   75.43   74.94   74.58   72.95   73.84   64.73   56.31   59.22   62.62   43.89   43.00   41.67   43.70
    14: ZP_06848099|Mycobacterium_parasc   40.43   41.75   41.37   41.61   41.37   42.08   41.84   41.37   56.49   60.81   63.29   69.27   71.12  100.00   83.89   82.58   81.04   73.76   72.34   73.35   60.57   55.21   58.77   60.19   44.78   42.89   43.37   42.61
    15: YP_005347480|Mycobacterium_intra   41.83   44.11   43.75   44.71   42.79   45.43   44.23   43.27   56.63   61.59   63.29   69.95   73.97   83.89  100.00   86.44   84.38   75.72   73.56   74.08   64.73   57.21   60.58   62.50   44.53   43.24   42.89   42.36
    16: WP_019509842|Mycobacterium_sp_VK   40.95   44.11   42.62   42.38   41.19   43.53   43.90   42.18   57.97   62.14   66.50   71.80   75.43   82.58   86.44  100.00   87.11   76.54   75.35   75.31   64.76   58.10   62.12   62.17   46.13   43.63   42.24   43.70
    17: WP_016893549|Mycobacterium_absce   41.00   44.11   43.60   43.60   42.89   43.84   43.84   42.89   56.97   61.67   64.25   69.19   74.94   81.04   84.38   87.11  100.00   74.88   74.17   75.31   62.86   56.87   60.19   60.67   44.03   44.47   43.72   42.86
    18: WP_020497529|Sciscionella_marina   42.22   45.14   44.34   43.87   43.87   44.37   45.07   44.37   57.07   62.80   63.61   73.24   74.58   73.76   75.72   76.54   74.88  100.00   76.29   77.80   64.45   57.92   59.53   61.48   45.27   45.37   43.41   46.55
    19: WP_006942438|Rhodococcus_sp_EsD8   39.44   39.15   39.20   39.39   39.44   40.14   40.97   40.61   54.20   58.73   63.86   69.56   72.95   72.34   73.56   75.35   74.17   76.29  100.00   80.98   62.26   56.03   58.18   57.18   42.79   42.93   42.55   43.35
    20: WP_018161572|Smaragdicoccus_niig   41.95   41.10   40.98   41.46   41.22   42.20   42.44   41.71   53.17   62.20   64.39   70.49   73.84   73.35   74.08   75.31   75.31   77.80   80.98  100.00   66.34   56.34   59.02   58.29   45.89   43.56   44.06   45.68
    21: WP_007574649|Patulibacter_sp_I11   43.82   46.02   44.94   45.86   45.41   44.71   44.24   44.68   61.54   66.43   66.43   67.45   64.73   60.57   64.73   64.76   62.86   64.45   62.26   66.34  100.00   62.56   67.54   65.47   47.15   41.08   39.05   43.73
    22: WP_006948998|Sphingobium_japonic   37.70   39.85   39.81   39.34   38.64   38.88   40.28   40.98   61.24   58.53   58.80   57.78   56.31   55.21   57.21   58.10   56.87   57.92   56.03   56.34   62.56  100.00   68.16   68.26   45.30   42.65   40.24   42.75
    23: WP_009516078|Hydrogenophaga_sp_P   39.86   42.64   40.57   41.04   40.80   41.49   43.36   42.49   62.44   62.09   62.65   61.97   59.22   58.77   60.58   62.12   60.19   59.53   58.18   59.02   67.54   68.16  100.00   72.55   45.41   44.88   42.14   44.96
    24: WP_008551169|Bradyrhizobium_sp_C   39.86   41.40   40.33   40.81   39.62   40.10   39.38   41.05   63.64   63.79   61.20   62.53   62.62   60.19   62.50   62.17   60.67   61.48   57.18   58.29   65.47   68.26   72.55  100.00   43.42   41.18   42.44   43.00
    25: ZP_06845395|Burkholderia_sp_Ch1-   42.82   42.60   42.08   42.08   43.32   44.06   43.32   42.08   44.17   45.41   45.52   43.18   43.89   44.78   44.53   46.13   44.03   45.27   42.79   45.89   47.15   45.30   45.41   43.42  100.00   49.00   49.51   53.20
    26: YP_008372929|Cycloclasticus_zanc   43.52   42.17   42.54   42.05   41.56   40.63   41.12   42.82   40.79   42.54   43.84   41.85   43.00   42.89   43.24   43.63   44.47   45.37   42.93   43.56   41.08   42.65   44.88   41.18   49.00  100.00   52.20   55.67
    27: ABK92277|Sphingomonas_sp_Ibu-2|I   39.52   38.38   37.80   38.70   36.36   37.83   37.74   40.67   41.08   41.63   45.32   39.62   41.67   43.37   42.89   42.24   43.72   43.41   42.55   44.06   39.05   40.24   42.14   42.44   49.51   52.20  100.00   58.92
    28: YP_004931474|Pseudoxanthomonas_s   45.59   43.69   44.61   44.12   43.14   43.14   45.34   44.61   39.56   43.98   44.83   43.00   43.70   42.61   42.36   43.70   42.86   46.55   43.35   45.68   43.73   42.75   44.96   43.00   53.20   55.67   58.92  100.00
