#
#
#  Percent Identity  Matrix - created by Clustal2.1 
#
#

     1: YP_001072458|Mycobacterium_sp_JL  100.00   90.06   31.13   32.24   32.55   30.66   33.03   32.80   31.90   31.90   33.95   32.25   32.02   31.70   33.87   30.41   35.63   33.33   31.22
     2: ZP_05225115|Mycobacterium_intrac   90.06  100.00   30.71   32.38   32.14   30.24   32.03   32.64   31.67   31.67   32.87   31.63   31.86   31.47   34.03   30.70   35.12   32.63   31.12
     3: WP_018130670|Alicyclobacillus_po   31.13   30.71  100.00   73.96   70.67   71.13   42.86   41.82   44.31   44.31   41.41   36.62   38.50   40.80   39.53   36.24   35.45   34.13   33.33
     4: WP_009334285|Bacillus_sp_2_A_57_   32.24   32.38   73.96  100.00   75.52   76.21   43.09   41.49   42.37   42.37   40.94   37.79   38.26   41.04   39.21   36.38   35.83   33.57   33.02
     5: WP_018706659|Bacillus_fordii|Non   32.55   32.14   70.67   75.52  100.00   78.06   40.85   41.45   42.96   42.96   41.27   39.06   39.29   40.43   36.83   36.56   36.94   34.69   33.41
     6: WP_019391016|Bacillus_endophytic   30.66   30.24   71.13   76.21   78.06  100.00   42.25   42.39   44.42   44.42   41.04   38.59   39.76   41.37   38.69   34.91   36.47   33.49   32.48
     7: EPZ42926|Alicyclobacillus_acidot   33.03   32.03   42.86   43.09   40.85   42.25  100.00   81.70   60.23   60.00   59.42   58.26   58.26   59.09   61.35   35.15   37.96   33.72   33.86
     8: WP_006447304|Alicyclobacillus_he   32.80   32.64   41.82   41.49   41.45   42.39   81.70  100.00   59.91   59.67   58.28   58.60   59.73   57.27   59.73   35.70   37.50   34.80   36.38
     9: ZP_06811997|Geobacillus_thermogl   31.90   31.67   44.31   42.37   42.96   44.42   60.23   59.91  100.00   99.55   66.74   65.68   67.73   64.25   63.87   39.91   38.24   36.03   34.72
    10: ZP_05373195|Geobacillus_sp_Y4_1M   31.90   31.67   44.31   42.37   42.96   44.42   60.00   59.67   99.55  100.00   66.74   65.68   67.51   64.25   63.87   39.91   38.24   36.03   34.72
    11: WP_019153061|Bacillus_massiliose   33.95   32.87   41.41   40.94   41.27   41.04   59.42   58.28   66.74   66.74  100.00   77.01   79.91   66.97   65.53   36.61   36.68   35.02   33.33
    12: YP_003427454|Bacillus_pseudofirm   32.25   31.63   36.62   37.79   39.06   38.59   58.26   58.60   65.68   65.68   77.01  100.00   86.44   62.27   62.67   33.71   35.43   34.48   32.73
    13: WP_017727562|Bacillus_sp_L1|Non    32.02   31.86   38.50   38.26   39.29   39.76   58.26   59.73   67.73   67.51   79.91   86.44  100.00   63.86   63.80   34.85   34.73   34.02   32.05
    14: BAK48593|Paenibacillus_sp_TSY30|   31.70   31.47   40.80   41.04   40.43   41.37   59.09   57.27   64.25   64.25   66.97   62.27   63.86  100.00   67.50   38.84   38.17   36.77   34.49
    15: WP_019122684|Brevibacillus_sp_ph   33.87   34.03   39.53   39.21   36.83   38.69   61.35   59.73   63.87   63.87   65.53   62.67   63.80   67.50  100.00   38.67   38.02   35.73   33.71
    16: WP_007015351|Novosphingobium_pen   30.41   30.70   36.24   36.38   36.56   34.91   35.15   35.70   39.91   39.91   36.61   33.71   34.85   38.84   38.67  100.00   42.76   40.09   40.00
    17: ZP_05512708|Streptomyces_hygrosc   35.63   35.12   35.45   35.83   36.94   36.47   37.96   37.50   38.24   38.24   36.68   35.43   34.73   38.17   38.02   42.76  100.00   55.73   54.65
    18: WP_003882288|Mycobacterium_fortu   33.33   32.63   34.13   33.57   34.69   33.49   33.72   34.80   36.03   36.03   35.02   34.48   34.02   36.77   35.73   40.09   55.73  100.00   78.81
    19: WP_009478583|Rhodococcus_sp_JVH1   31.22   31.12   33.33   33.02   33.41   32.48   33.86   36.38   34.72   34.72   33.33   32.73   32.05   34.49   33.71   40.00   54.65   78.81  100.00
