#
#
#  Percent Identity  Matrix - created by Clustal2.1 
#
#

     1: WP_016835789|Herbaspirillum_lusi  100.00   43.25   43.11   44.50   44.00   43.75   44.00   50.62   52.87   51.24   49.38   46.25   49.88   47.26   47.76   50.50   46.52   45.02   47.38   45.52   47.39
     2: YP_003607134|Burkholderia_sp_CCG   43.25  100.00   98.82   74.29   70.99   70.52   70.99   45.86   46.79   53.55   56.40   50.59   49.76   51.77   50.83   50.59   52.01   51.30   48.82   47.52   48.35
     3: ZP_03268943|Burkholderia_sp_H160   43.11   98.82  100.00   74.47   71.16   70.69   71.16   45.86   46.79   54.03   56.87   50.59   50.00   52.25   50.83   50.59   52.48   52.01   48.82   47.52   48.23
     4: WP_019577944|Curvibacter_lanceol   44.50   74.29   74.47  100.00   84.91   84.91   85.14   47.28   48.46   52.61   54.03   50.59   48.34   55.32   50.83   50.12   50.35   49.17   46.92   44.21   47.88
     5: ZP_03542907|Comamonas_testostero   44.00   70.99   71.16   84.91  100.00   98.82   99.06   47.52   46.79   52.61   54.27   48.93   48.58   53.19   50.35   49.41   51.06   50.12   46.92   46.10   47.41
     6: AAX18934|Comamonas_testosteroni|   43.75   70.52   70.69   84.91   98.82  100.00   99.29   47.52   46.79   52.84   54.27   48.69   48.34   52.72   50.35   48.94   50.35   50.35   46.45   45.63   47.17
     7: BAH70269|Comamonas_sp_E6|Ipt       44.00   70.99   71.16   85.14   99.06   99.29  100.00   47.52   46.79   52.84   54.50   48.93   48.58   52.96   50.59   49.41   50.83   50.35   46.92   45.86   47.64
     8: WP_017727780|Bacillus_sp_L1|Non    50.62   45.86   45.86   47.28   47.52   47.52   47.52  100.00   62.21   55.16   55.16   49.53   50.70   51.52   50.59   51.29   50.12   48.24   46.48   47.07   49.41
     9: WP_017727651|Bacillus_sp_L1|Non    52.87   46.79   46.79   48.46   46.79   46.79   46.79   62.21  100.00   57.78   59.53   52.13   51.76   53.41   49.30   51.17   50.47   47.65   48.58   49.53   50.94
    10: WP_007296704|Rhodococcus_imteche   51.24   53.55   54.03   52.61   52.61   52.84   52.84   55.16   57.78  100.00   79.11   56.03   58.12   60.80   61.27   59.39   58.69   57.51   58.59   56.57   56.81
    11: WP_019521458|Streptomyces_sp_Fxa   49.38   56.40   56.87   54.03   54.27   54.27   54.50   55.16   59.53   79.11  100.00   56.97   58.82   59.15   58.92   56.34   59.39   57.28   56.47   55.63   56.81
    12: WP_020656379|Massilia_niastensis   46.25   50.59   50.59   50.59   48.93   48.69   48.93   49.53   52.13   56.03   56.97  100.00   58.63   61.32   57.55   59.67   61.32   58.73   54.61   56.84   56.60
    13: WP_007759357|Rhizobium_sp_CF080|   49.88   49.76   50.00   48.34   48.58   48.34   48.58   50.70   51.76   58.12   58.82   58.63  100.00   63.62   58.78   59.95   60.42   58.08   56.94   55.97   56.91
    14: WP_017525099|Pusillimonas_noerte   47.26   51.77   52.25   55.32   53.19   52.72   52.96   51.52   53.41   60.80   59.15   61.32   63.62  100.00   67.92   70.96   68.85   66.98   63.38   64.87   65.34
    15: ZP_03542810|Comamonas_testostero   47.76   50.83   50.83   50.83   50.35   50.35   50.59   50.59   49.30   61.27   58.92   57.55   58.78   67.92  100.00   71.26   66.82   66.82   66.67   63.08   64.49
    16: YP_005043863|Burkholderia_sp_YI2   50.50   50.59   50.59   50.12   49.41   48.94   49.41   51.29   51.17   59.39   56.34   59.67   59.95   70.96   71.26  100.00   71.26   68.69   66.20   64.72   66.12
    17: WP_017131349|Pseudomonas_agarici   46.52   52.01   52.48   50.35   51.06   50.35   50.83   50.12   50.47   58.69   59.39   61.32   60.42   68.85   66.82   71.26  100.00   81.78   68.78   69.86   69.63
    18: YP_006557662|Marinobacter_sp_BSs   45.02   51.30   52.01   49.17   50.12   50.35   50.35   48.24   47.65   57.51   57.28   58.73   58.08   66.98   66.82   68.69   81.78  100.00   67.61   70.56   69.39
    19: WP_019526840|Streptomyces_sp_Fxa   47.38   48.82   48.82   46.92   46.92   46.45   46.92   46.48   48.58   58.59   56.47   54.61   56.94   63.38   66.67   66.20   68.78   67.61  100.00   70.66   69.25
    20: ZP_05485171|Streptomyces_sp_SPB7   45.52   47.52   47.52   44.21   46.10   45.63   45.86   47.07   49.53   56.57   55.63   56.84   55.97   64.87   63.08   64.72   69.86   70.56   70.66  100.00   74.30
    21: WP_020509635|Actinoplanes_globis   47.39   48.35   48.23   47.88   47.41   47.17   47.64   49.41   50.94   56.81   56.81   56.60   56.91   65.34   64.49   66.12   69.63   69.39   69.25   74.30  100.00
