#
#
#  Percent Identity  Matrix - created by Clustal2.1 
#
#

     1: tr|A0A5K7ZJE2|A0A5K7ZJE2_9BACT  100.00   54.84   52.32   50.61   51.69   50.31   52.50   51.99   50.15   50.15   49.24   53.05   52.44   52.13   55.18   53.66   54.27   54.27   52.80   51.16   49.07   49.20   50.00   56.92   53.99
     2: tr|A0A661PRG4|A0A661PRG4_UNCDE   54.84  100.00   57.65   58.71   59.22   51.29   49.68   51.46   48.87   48.87   48.54   50.97   50.97   50.65   54.84   53.55   50.32   51.61   49.68   50.53   53.03   48.54   49.37   59.22   52.26
     3: tr|B9M023|B9M023_GEODF           52.32   57.65  100.00   64.16   65.90   51.12   53.33   54.46   52.00   52.00   52.31   52.76   54.29   53.99   52.76   50.92   50.61   51.23   55.52   48.49   47.44   51.43   52.24   54.79   51.09
     4: tr|A0A562VL11|A0A562VL11_9BACT   50.61   58.71   64.16  100.00   69.63   49.37   50.63   51.52   49.70   49.70   49.39   51.06   51.06   50.76   51.98   49.54   48.94   50.46   50.63   46.69   48.84   48.79   49.60   53.55   48.77
     5: tr|B9M013|B9M013_GEODF           51.69   59.22   65.90   69.63  100.00   51.43   51.74   53.21   50.76   50.76   50.76   52.44   52.13   51.83   51.83   50.61   49.39   51.52   56.11   48.17   48.37   49.80   50.61   55.79   50.77
     6: tr|I7GGZ4|I7GGZ4_9PROT           50.31   51.29   51.12   49.37   51.43  100.00   64.89   62.89   62.26   62.26   61.95   65.83   65.83   65.52   63.32   64.89   64.58   65.52   54.09   52.90   52.91   49.39   49.39   57.78   57.55
     7: tr|A0A096ZNX5|A0A096ZNX5_9RHOO   52.50   49.68   53.33   50.63   51.74   64.89  100.00   62.81   60.62   60.62   60.62   66.67   66.04   66.04   63.55   65.11   58.12   59.38   55.49   54.24   50.48   50.60   51.41   58.99   57.06
     8: tr|Q5P6A4|Q5P6A4_AROAE           51.99   51.46   54.46   51.52   53.21   62.89   62.81  100.00   79.46   79.46   80.66   70.09   70.69   70.39   61.93   62.54   59.82   60.12   55.45   53.47   48.61   51.00   51.81   55.05   54.15
     9: tr|A0A2R4BRI4|A0A2R4BRI4_THAAR   50.15   48.87   52.00   49.70   50.76   62.26   60.62   79.46  100.00  100.00   97.28   69.18   68.88   68.58   61.03   59.82   59.82   60.12   53.58   53.14   45.83   49.00   49.80   53.52   52.62
    10: sp|O87941|BSSD_THAAR             50.15   48.87   52.00   49.70   50.76   62.26   60.62   79.46  100.00  100.00   97.28   69.18   68.88   68.58   61.03   59.82   59.82   60.12   53.58   53.14   45.83   49.00   49.80   53.52   52.62
    11: tr|A0A1H5T9V3|A0A1H5T9V3_9RHOO   49.24   48.54   52.31   49.39   50.76   61.95   60.62   80.66   97.28   97.28  100.00   69.49   69.18   68.88   60.12   59.82   60.12   60.42   52.96   52.81   45.37   49.40   50.20   52.60   52.00
    12: tr|A0A1N7CQE6|A0A1N7CQE6_9RHOO   53.05   50.97   52.76   51.06   52.44   65.83   66.67   70.09   69.18   69.18   69.49  100.00   92.47   92.17   73.19   73.49   76.20   77.71   55.59   51.32   50.69   53.60   54.40   55.79   57.06
    13: tr|I6LHT6|I6LHT6_9RHOO           52.44   50.97   54.29   51.06   52.13   65.83   66.04   70.69   68.88   68.88   69.18   92.47  100.00   99.70   73.19   73.19   76.81   78.31   54.97   50.66   52.07   54.80   55.60   55.79   58.28
    14: tr|Q8VPT9|Q8VPT9_9RHOO           52.13   50.65   53.99   50.76   51.83   65.52   66.04   70.39   68.58   68.58   68.88   92.17   99.70  100.00   72.89   72.89   76.51   78.01   54.66   50.66   52.07   54.80   55.60   55.49   57.98
    15: tr|A0A916J455|A0A916J455_9PROT   55.18   54.84   52.76   51.98   51.83   63.32   63.55   61.93   61.03   61.03   60.12   73.19   73.19   72.89  100.00   84.64   76.81   78.92   55.28   52.96   52.07   53.20   54.00   58.23   58.59
    16: tr|A0A934LHA7|A0A934LHA7_9PROT   53.66   53.55   50.92   49.54   50.61   64.89   65.11   62.54   59.82   59.82   59.82   73.49   73.19   72.89   84.64  100.00   76.51   77.11   53.42   52.63   50.23   54.00   54.80   55.49   57.98
    17: tr|O68393|O68393_THAAR           54.27   50.32   50.61   48.94   49.39   64.58   58.12   59.82   59.82   59.82   60.12   76.20   76.81   76.51   76.81   76.51  100.00   84.49   53.64   51.64   52.07   54.80   55.60   55.49   58.13
    18: tr|Q8L1A5|Q8L1A5_9RHOO           54.27   51.61   51.23   50.46   51.52   65.52   59.38   60.12   60.12   60.12   60.42   77.71   78.31   78.01   78.92   77.11   84.49  100.00   55.45   52.30   51.15   54.80   55.60   55.18   58.13
    19: tr|A0A0A2HSC9|A0A0A2HSC9_9BACT   52.80   49.68   55.52   50.63   56.11   54.09   55.49   55.45   53.58   53.58   52.96   55.59   54.97   54.66   55.28   53.42   53.64   55.45  100.00   74.75   51.90   56.40   57.20   59.87   60.67
    20: tr|A0A5K8A0M3|A0A5K8A0M3_9BACT   51.16   50.53   48.49   46.69   48.17   52.90   54.24   53.47   53.14   53.14   52.81   51.32   50.66   50.66   52.96   52.63   51.64   52.30   74.75  100.00   49.77   55.60   56.40   56.48   58.14
    21: tr|A0A5K7Z7T0|A0A5K7Z7T0_9BACT   49.07   53.03   47.44   48.84   48.37   52.91   50.48   48.61   45.83   45.83   45.37   50.69   52.07   52.07   52.07   50.23   52.07   51.15   51.90   49.77  100.00   63.64   63.64   54.88   60.75
    22: tr|A0A5K7ZBB0|A0A5K7ZBB0_9BACT   49.20   48.54   51.43   48.79   49.80   49.39   50.60   51.00   49.00   49.00   49.40   53.60   54.80   54.80   53.20   54.00   54.80   54.80   56.40   55.60   63.64  100.00   98.81   55.87   60.00
    23: tr|A0A5K8A376|A0A5K8A376_9BACT   50.00   49.37   52.24   49.60   50.61   49.39   51.41   51.81   49.80   49.80   50.20   54.40   55.60   55.60   54.00   54.80   55.60   55.60   57.20   56.40   63.64   98.81  100.00   56.68   60.80
    24: tr|A0A1V4RNA3|A0A1V4RNA3_9BACT   56.92   59.22   54.79   53.55   55.79   57.78   58.99   55.05   53.52   53.52   52.60   55.79   55.79   55.49   58.23   55.49   55.49   55.18   59.87   56.48   54.88   55.87   56.68  100.00   61.30
    25: tr|K0NH30|K0NH30_DESTT           53.99   52.26   51.09   48.77   50.77   57.55   57.06   54.15   52.62   52.62   52.00   57.06   58.28   57.98   58.59   57.98   58.13   58.13   60.67   58.14   60.75   60.00   60.80   61.30  100.00
