#
#
#  Percent Identity  Matrix - created by Clustal2.1 
#
#

     1: tr|A0A1I5WQ36|A0A1I5WQ36_9PSED  100.00   77.61   71.97   69.76   74.09   71.53   65.42   62.75
     2: tr|A0A962K1E2|A0A962K1E2_9GAMM   77.61  100.00   67.96   66.01   68.70   68.53   63.76   60.35
     3: tr|A0A2N2VD06|A0A2N2VD06_9PROT   71.97   67.96  100.00   72.68   71.53   75.06   66.30   62.53
     4: tr|A0A9D6ZQ16|A0A9D6ZQ16_9GAMM   69.76   66.01   72.68  100.00   75.86   75.42   65.83   62.25
     5: tr|A0A557SDF1|A0A557SDF1_9RHOO   74.09   68.70   71.53   75.86  100.00   80.85   67.22   63.89
     6: tr|T0B0B4|T0B0B4_9RHOO           71.53   68.53   75.06   75.42   80.85  100.00   68.95   65.66
     7: tr|A0A096ZNW8|A0A096ZNW8_9RHOO   65.42   63.76   66.30   65.83   67.22   68.95  100.00   73.05
     8: tr|A0A962P6V0|A0A962P6V0_9GAMM   62.75   60.35   62.53   62.25   63.89   65.66   73.05  100.00
