#
#
#  Percent Identity  Matrix - created by Clustal2.1 
#
#

     1: WP_019620027|Amphritea_japonica|  100.00   81.98   50.88   50.00   46.58   49.32   48.64   47.26   48.29   47.26   48.63   47.26   49.32   47.26   47.60   48.12   47.26   48.63   48.97   49.32   48.29   48.63   50.68   50.68   51.40   49.31   50.35   51.40   52.45   51.75   51.40   51.75   49.48   53.74   50.70   53.55   53.19   54.42   56.06   54.61   54.96   54.61   54.96   56.38   56.03   55.67   56.38   56.03   50.89   50.18   51.60   51.25   51.25   48.95   51.25   51.60   46.67   50.70   45.73   47.64   49.47   50.53   50.00   49.12   55.16   54.96   53.55   53.90   54.26   55.16   55.52   53.38   55.32   56.38   57.65   58.01   55.87   55.12   54.77   54.06
     2: ZP_01166049|Oceanospirillum_sp_M   81.98  100.00   51.42   51.77   49.29   50.00   49.29   49.65   48.58   52.13   50.00   50.71   52.13   47.16   49.29   50.71   48.23   50.35   50.00   51.06   50.71   50.00   50.71   51.77   52.48   50.35   50.00   51.77   52.13   51.77   50.71   51.42   50.71   54.45   52.48   53.19   53.19   52.84   57.09   53.19   53.90   53.55   53.90   56.38   53.90   54.61   54.96   55.32   50.53   51.25   53.38   51.25   50.89   47.87   51.60   51.60   48.23   51.42   48.23   48.36   50.71   52.13   51.42   50.71   56.23   54.96   54.96   54.26   54.96   54.45   55.52   53.38   55.32   58.36   58.36   59.07   58.01   55.32   56.03   54.96
     3: YP_420167|Magnetospirillum_magne   50.88   51.42  100.00   49.47   50.53   53.71   53.71   53.36   50.18   51.94   52.65   51.59   51.59   48.76   53.00   51.24   50.88   49.82   51.59   49.82   49.82   50.18   51.59   53.00   52.65   50.88   53.36   53.71   54.42   55.12   54.06   54.77   54.77   54.09   55.12   51.42   51.06   55.48   56.18   55.32   57.09   57.09   56.74   55.67   56.38   54.96   56.03   55.67   50.00   50.35   53.19   50.00   49.65   52.30   54.45   55.16   53.00   56.89   53.00   53.82   55.83   56.18   55.12   54.42   60.14   54.58   56.34   55.63   57.39   56.18   56.18   56.89   55.28   55.28   59.01   57.95   52.30   55.79   56.14   54.39
     4: YP_005377813|Frateuria_aurantia_   50.00   51.77   49.47  100.00   69.61   67.99   68.98   70.03   69.71   70.03   69.06   73.20   74.27   72.88   73.53   74.26   70.82   74.84   75.49   72.88   74.18   72.88   75.16   75.82   63.29   62.98   64.34   65.38   65.38   65.03   65.38   65.73   67.25   71.63   69.23   65.72   61.84   58.30   61.32   59.22   59.22   59.57   59.93   59.57   59.93   61.35   59.93   60.28   55.16   56.23   53.74   56.58   56.94   58.60   62.28   58.01   59.51   61.75   57.04   58.18   62.32   61.13   60.00   59.36   56.94   51.06   52.13   52.84   50.35   50.89   50.89   49.47   55.67   52.48   54.80   55.16   54.80   55.12   55.48   54.77
     5: WP_009519325|Hydrogenophaga_sp_P   46.58   49.29   50.53   69.61  100.00   70.86   71.52   72.31   73.62   72.96   73.94   76.22   76.22   77.20   74.92   73.60   74.51   72.31   74.59   75.24   73.62   71.99   72.64   72.96   61.89   62.63   66.78   69.93   69.58   68.53   67.48   69.23   66.55   73.05   69.23   65.02   66.43   56.18   57.84   56.74   56.74   57.09   57.09   56.03   56.03   57.09   56.38   57.09   54.09   54.09   53.38   55.16   54.80   56.49   58.01   56.58   55.99   57.54   57.04   59.27   60.56   60.78   61.03   59.01   52.67   47.52   49.65   48.58   48.58   49.82   50.53   48.75   52.48   51.06   53.38   52.67   51.60   52.30   53.36   52.65
     6: YP_001239527|Bradyrhizobium_sp_B   49.32   50.00   53.71   67.99   70.86  100.00   96.72   74.59   73.93   70.96   73.93   72.85   73.93   72.52   76.49   75.58   75.42   74.50   76.49   76.16   74.50   73.51   74.83   77.48   62.72   63.57   70.73   69.34   69.34   67.94   67.25   68.29   70.49   76.60   76.66   71.73   71.73   61.48   61.94   61.35   63.12   62.06   61.70   61.70   62.06   62.41   61.35   62.41   57.65   59.07   57.65   57.65   58.36   64.34   61.21   61.57   60.35   62.59   62.12   62.18   64.21   64.66   64.38   64.31   54.09   52.13   53.55   52.84   54.26   55.16   54.09   52.67   54.26   52.13   56.23   55.16   53.02   54.06   54.42   53.71
     7: YP_001206612|Bradyrhizobium_sp_O   48.64   49.29   53.71   68.98   71.52   96.72  100.00   74.59   74.59   71.62   73.93   72.85   74.26   72.52   76.16   75.91   75.75   74.83   75.83   75.83   74.17   73.51   74.83   77.15   63.07   63.92   70.73   69.34   68.99   67.60   66.90   67.94   70.49   76.24   76.66   71.38   71.02   60.78   60.55   60.99   62.77   61.70   61.35   60.28   60.99   60.99   60.28   60.64   56.58   58.72   57.30   57.65   58.01   63.29   60.50   61.57   60.35   61.89   60.75   61.82   64.56   64.66   64.04   62.90   53.74   51.77   52.84   52.84   53.90   55.16   54.09   52.67   53.90   51.77   55.52   54.09   52.31   53.00   54.06   53.71
     8: WP_020680014|Marinobacterium_rhi   47.26   49.65   53.36   70.03   72.31   74.59   74.59  100.00   78.57   74.03   79.22   76.87   73.38   74.92   74.92   76.90   75.16   74.92   78.83   76.55   75.24   74.27   79.15   78.50   66.78   65.40   72.03   72.03   71.33   71.33   69.93   71.68   70.73   77.30   74.13   71.02   69.61   61.84   61.67   61.35   62.41   62.06   61.70   60.99   61.35   62.41   61.70   62.41   57.65   58.72   58.72   59.07   58.72   63.16   62.99   62.63   61.97   62.46   63.57   60.73   63.38   63.60   64.14   62.90   55.52   51.77   51.77   50.71   52.13   52.67   53.38   51.60   53.19   50.35   53.74   52.67   51.60   53.71   54.06   53.71
     9: WP_008939189|Marinobacter_santor   48.29   48.58   50.18   69.71   73.62   73.93   74.59   78.57  100.00   71.75   78.25   74.92   73.05   78.18   76.55   79.54   76.47   75.57   78.50   79.48   76.55   75.90   77.52   78.18   64.34   64.01   69.23   69.93   69.23   68.53   67.83   69.93   70.38   74.82   73.08   70.32   71.38   59.36   58.54   59.57   60.99   59.93   60.28   58.16   58.16   59.22   58.16   58.87   55.87   58.36   59.43   59.43   58.72   64.91   62.28   60.50   60.56   62.81   62.89   60.73   64.44   63.96   63.79   62.54   54.09   49.65   50.71   51.77   51.42   51.96   52.31   51.25   54.96   52.84   55.52   55.16   53.74   53.00   54.77   53.71
    10: WP_019426837|Limnohabitans_sp_Ri   47.26   52.13   51.94   70.03   72.96   70.96   71.62   74.03   71.75  100.00   72.73   78.83   80.19   74.92   75.57   78.22   77.45   74.59   76.87   76.87   74.92   73.94   75.90   75.57   64.34   64.71   68.53   68.18   67.13   66.78   65.73   67.48   67.25   71.63   73.08   67.14   67.49   58.66   59.58   59.57   60.99   60.99   60.64   59.93   59.22   60.64   59.57   60.64   56.23   56.23   58.01   57.30   55.87   58.25   60.50   59.43   59.15   58.95   58.42   59.27   60.21   60.78   60.69   59.36   53.74   51.42   52.13   52.13   52.48   52.67   51.60   50.18   55.67   52.13   55.52   54.45   54.45   54.42   54.77   54.77
    11: YP_001342012|Marinomonas_sp_MWYL   48.63   50.00   52.65   69.06   73.94   73.93   73.93   79.22   78.25   72.73  100.00   73.62   74.03   75.90   77.85   76.90   78.76   75.57   80.46   79.80   79.80   78.83   79.15   76.87   67.13   67.13   73.08   73.78   73.08   72.38   70.98   72.73   71.78   77.30   73.78   71.73   69.26   60.78   60.98   59.57   60.28   60.99   60.64   59.57   59.57   60.99   60.28   61.70   57.30   56.58   56.94   57.30   57.30   62.81   61.21   59.07   61.97   61.40   62.54   61.09   63.73   63.96   63.79   62.19   55.52   52.13   52.13   51.77   52.48   53.02   54.09   53.02   53.90   52.48   54.80   54.09   53.74   53.36   56.18   54.77
    12: WP_019573552|Curvibacter_lanceol   47.26   50.71   51.59   73.20   76.22   72.85   72.85   76.87   74.92   78.83   73.62  100.00   82.74   80.78   78.18   79.87   78.43   77.85   81.43   80.13   80.13   78.50   80.46   79.80   66.08   64.01   67.83   69.58   68.88   69.58   68.53   70.63   67.94   77.30   72.03   67.49   66.43   59.72   60.63   60.64   61.70   62.06   62.41   60.28   60.28   60.64   59.22   61.35   55.16   57.65   57.65   59.07   56.94   59.65   61.21   58.01   59.51   61.05   59.45   60.73   63.03   61.84   61.03   59.72   55.87   50.00   52.48   52.48   50.71   50.89   50.53   50.53   56.03   51.77   54.80   54.80   52.31   53.00   54.06   53.71
    13: WP_009548783|Burkholderiales_bac   49.32   52.13   51.59   74.27   76.22   73.93   74.26   73.38   73.05   80.19   74.03   82.74  100.00   77.85   79.48   82.51   80.07   76.55   80.13   80.13   78.18   79.15   79.15   77.85   64.69   66.09   69.23   69.23   67.83   66.78   67.13   68.18   69.34   74.47   72.03   68.55   68.90   60.07   60.98   60.99   61.70   63.12   63.48   60.28   59.93   60.99   59.57   61.70   55.52   56.23   57.30   57.65   57.30   61.05   61.92   59.43   60.56   61.75   59.11   58.91   61.62   61.84   61.72   60.78   55.16   52.13   52.48   52.84   51.77   52.67   50.89   51.25   55.32   52.84   55.87   55.16   51.60   53.00   54.42   54.42
    14: WP_019937116|Bordetella_sp_FB-8|   47.26   47.16   48.76   72.88   77.20   72.52   72.52   74.92   78.18   74.92   75.90   80.78   77.85  100.00   78.18   79.87   79.41   78.83   82.41   79.80   77.85   77.85   81.11   79.80   61.54   63.32   66.78   69.93   69.23   68.88   67.13   68.88   67.94   75.53   72.73   69.61   67.49   57.24   57.49   57.80   59.22   59.22   59.57   57.80   57.80   58.51   57.45   58.16   53.38   54.45   55.52   55.52   55.16   59.65   59.79   58.01   57.39   60.00   59.11   57.82   60.21   60.07   59.66   58.66   53.74   48.94   49.29   49.65   50.00   50.18   49.82   48.75   53.19   49.65   53.02   52.67   49.47   50.88   51.24   51.59
    15: WP_017641369|Pseudomonas_sp_313|   47.60   49.29   53.00   73.53   74.92   76.49   76.16   74.92   76.55   75.57   77.85   78.18   79.48   78.18  100.00   82.51   82.03   78.18   85.02   83.39   83.06   81.76   81.43   81.11   65.38   67.47   71.33   69.93   69.93   69.23   67.48   68.53   67.60   75.53   74.13   71.02   69.96   61.13   62.72   61.70   63.48   63.83   63.48   62.06   61.70   63.12   61.70   62.41   56.94   58.01   58.72   58.72   58.72   60.35   61.92   59.07   63.03   63.16   62.89   61.09   64.79   64.31   63.79   62.54   55.52   52.13   52.13   53.19   52.48   53.38   53.02   50.89   54.26   51.77   55.52   55.16   52.31   52.65   54.42   54.06
    16: WP_017936891|Pseudomonas_thermot   48.12   50.71   51.24   74.26   73.60   75.58   75.91   76.90   79.54   78.22   76.90   79.87   82.51   79.87   82.51  100.00   82.78   81.85   84.82   85.15   81.85   82.18   83.83   81.85   65.85   66.21   71.78   69.69   69.69   70.03   68.64   68.99   70.83   76.95   74.56   69.61   69.96   61.13   62.15   62.77   63.83   63.83   63.48   62.06   62.41   62.77   61.70   62.77   57.30   57.30   59.07   59.07   58.72   63.64   61.92   60.85   61.75   61.89   60.96   60.73   63.51   63.25   61.86   61.13   55.52   51.77   53.55   54.96   52.48   52.67   53.02   51.25   56.38   54.26   56.94   56.58   54.09   54.42   56.18   56.18
    17: WP_009401618|Pseudomonas_putida|   47.26   48.23   50.88   70.82   74.51   75.42   75.75   75.16   76.47   77.45   78.76   78.43   80.07   79.41   82.03   82.78  100.00   77.78   85.29   86.93   83.66   84.97   84.31   80.39   67.13   67.47   73.43   71.33   70.63   69.58   69.23   69.93   71.43   75.18   73.08   70.32   70.67   61.48   60.98   60.99   62.41   62.41   62.06   60.28   60.99   62.06   60.99   61.70   57.65   59.07   59.43   58.72   59.43   64.91   62.63   59.79   64.08   63.51   63.23   61.45   65.14   64.31   65.17   62.54   54.09   50.35   51.77   52.13   51.06   52.67   51.25   50.18   54.26   52.48   55.87   54.45   51.60   54.42   55.12   54.77
    18: WP_020423937|Cupriavidus_sp_WS|N   48.63   50.35   49.82   74.84   72.31   74.50   74.83   74.92   75.57   74.59   75.57   77.85   76.55   78.83   78.18   81.85   77.78  100.00   84.04   81.11   81.11   80.13   84.04   86.97   65.03   64.36   68.53   70.28   69.58   68.88   68.18   69.58   66.90   77.30   70.28   68.90   66.43   59.36   60.63   58.87   59.93   59.57   59.93   58.87   59.57   60.64   59.57   59.22   54.80   57.65   54.80   57.65   57.30   58.95   61.92   59.43   59.51   60.70   59.79   61.09   61.97   62.54   62.76   60.78   55.52   52.13   53.55   52.13   51.77   53.38   51.96   51.96   55.67   52.84   54.80   55.16   53.38   54.06   54.77   55.12
    19: YP_608654|Pseudomonas_entomophil   48.97   50.00   51.59   75.49   74.59   76.49   75.83   78.83   78.50   76.87   80.46   81.43   80.13   82.41   85.02   84.82   85.29   84.04  100.00   92.18   89.25   86.32   86.97   87.30   67.83   67.82   70.98   72.73   72.38   72.38   70.98   72.73   71.08   78.72   75.17   71.02   67.49   62.19   63.76   62.41   63.12   63.12   63.48   63.12   62.77   63.83   63.12   63.83   58.72   59.07   58.01   58.72   59.79   62.46   63.70   61.21   61.97   64.21   63.57   62.18   64.08   64.66   64.48   62.19   57.30   52.84   54.26   52.84   52.48   53.74   53.38   51.60   54.26   52.48   54.80   54.45   52.31   54.06   54.77   54.06
    20: WP_004420728|Pseudomonas_pseudoa   49.32   51.06   49.82   72.88   75.24   76.16   75.83   76.55   79.48   76.87   79.80   80.13   80.13   79.80   83.39   85.15   86.93   81.11   92.18  100.00   89.58   87.30   87.30   85.99   66.78   66.78   71.68   71.68   72.03   71.33   69.58   71.68   71.43   76.95   72.73   71.02   68.90   61.48   60.98   60.28   60.64   61.35   61.70   60.28   60.28   61.70   60.64   61.35   57.65   57.65   58.01   59.07   59.79   63.86   62.63   59.79   61.62   62.11   63.23   62.18   65.14   64.66   65.52   62.19   55.52   50.71   52.48   52.13   50.71   52.67   52.31   50.18   54.61   53.90   55.87   55.52   54.45   54.77   54.77   54.77
    21: ADA63522|Pseudomonas_putida|Hpc    48.29   50.71   49.82   74.18   73.62   74.50   74.17   75.24   76.55   74.92   79.80   80.13   78.18   77.85   83.06   81.85   83.66   81.11   89.25   89.58  100.00   89.58   84.04   83.39   68.18   66.44   70.63   72.38   72.03   71.68   69.58   72.03   70.73   78.37   72.73   71.02   67.49   60.42   61.32   60.64   60.99   61.35   61.70   60.28   59.57   61.35   59.93   60.99   56.94   58.36   57.30   59.07   59.43   62.81   63.35   59.43   60.56   62.11   61.51   60.00   63.03   62.54   63.45   60.78   55.87   51.42   53.55   51.77   51.06   52.67   52.31   50.89   53.55   51.06   54.09   54.09   52.67   52.30   53.71   54.06
    22: WP_017904549|Pseudomonas_fuscova   48.63   50.00   50.18   72.88   71.99   73.51   73.51   74.27   75.90   73.94   78.83   78.50   79.15   77.85   81.76   82.18   84.97   80.13   86.32   87.30   89.58  100.00   83.06   82.74   67.83   66.44   71.33   72.73   72.03   70.98   69.23   70.98   70.38   77.66   72.38   70.67   68.90   60.42   62.02   60.64   60.99   61.35   60.99   60.64   60.28   61.70   60.28   61.35   56.58   56.94   57.30   57.30   58.01   63.51   61.92   60.85   60.92   63.51   61.86   61.09   64.79   63.96   62.76   60.78   54.80   51.06   52.48   51.06   50.71   51.60   51.60   50.18   53.90   51.06   54.09   53.38   52.31   52.65   55.12   55.48
    23: YP_007657215|Pseudomonas_denitri   50.68   50.71   51.59   75.16   72.64   74.83   74.83   79.15   77.52   75.90   79.15   80.46   79.15   81.11   81.43   83.83   84.31   84.04   86.97   87.30   84.04   83.06  100.00   89.25   67.13   67.13   72.73   72.38   71.68   71.68   69.93   72.38   71.78   78.37   74.83   73.14   69.26   61.84   62.37   61.70   62.77   63.48   63.83   60.99   61.35   62.77   61.70   62.06   59.43   60.85   60.14   61.21   60.85   62.11   65.12   60.14   63.73   63.51   63.57   62.91   65.14   64.66   64.83   62.19   59.07   51.77   53.55   53.90   53.19   53.74   54.09   52.31   55.32   54.61   56.58   55.52   53.02   55.48   55.48   55.48
    24: NP_252813|Pseudomonas_aeruginosa   50.68   51.77   53.00   75.82   72.96   77.48   77.15   78.50   78.18   75.57   76.87   79.80   77.85   79.80   81.11   81.85   80.39   86.97   87.30   85.99   83.39   82.74   89.25  100.00   65.73   64.36   69.23   71.33   70.98   71.33   69.93   72.03   69.69   77.30   73.78   72.44   68.90   62.19   62.72   60.99   62.77   61.70   62.06   61.35   60.64   62.41   61.35   61.35   57.65   60.50   58.72   60.14   59.79   61.75   62.99   60.14   61.62   63.16   63.92   62.55   65.85   65.72   66.21   63.60   58.36   53.19   54.96   54.26   53.19   54.09   54.09   54.45   56.74   54.61   56.23   56.23   54.09   55.48   55.83   55.48
    25: AF433158|Pseudomonas_sp_DJ-12|Hp   51.40   52.48   52.65   63.29   61.89   62.72   63.07   66.78   64.34   64.34   67.13   66.08   64.69   61.54   65.38   65.85   67.13   65.03   67.83   66.78   68.18   67.83   67.13   65.73  100.00   90.59   79.79   81.18   79.44   79.09   78.75   80.14   67.60   72.70   68.64   67.49   68.55   67.49   68.18   67.38   66.31   67.02   66.67   66.67   65.96   67.02   66.67   67.73   63.35   63.35   64.06   63.35   63.35   62.59   68.68   61.57   60.00   63.64   60.14   60.00   63.16   62.90   62.59   60.42   58.72   51.06   54.26   53.90   51.42   53.38   51.60   51.25   53.90   52.13   55.87   54.80   53.74   54.77   55.12   54.42
    26: YP_002942171|Variovorax_paradoxu   49.31   50.35   50.88   62.98   62.63   63.57   63.92   65.40   64.01   64.71   67.13   64.01   66.09   63.32   67.47   66.21   67.47   64.36   67.82   66.78   66.44   66.44   67.13   64.36   90.59  100.00   80.84   81.18   79.44   79.79   80.84   80.84   69.10   72.34   70.73   69.26   70.32   66.78   66.78   68.79   67.02   67.73   67.38   66.67   67.73   68.09   67.73   69.15   64.41   64.06   63.70   64.06   65.12   60.49   66.19   60.50   62.11   64.34   61.03   60.73   63.86   64.31   61.38   62.19   57.65   51.42   53.90   53.55   52.84   53.74   51.60   50.53   53.19   51.42   54.80   54.09   54.45   54.77   54.77   54.42
    27: NP_887287|Bordetella_bronchisept   50.35   50.00   53.36   64.34   66.78   70.73   70.73   72.03   69.23   68.53   73.08   67.83   69.23   66.78   71.33   71.78   73.43   68.53   70.98   71.68   70.63   71.33   72.73   69.23   79.79   80.84  100.00   83.28   82.23   81.18   82.58   82.58   71.78   74.47   71.78   70.67   71.73   67.84   68.53   68.09   68.44   68.44   68.09   67.73   67.73   68.79   67.73   69.50   63.70   64.41   65.12   65.48   64.06   63.29   67.26   61.92   64.21   64.34   64.34   64.00   65.96   66.43   65.73   63.96   58.36   53.55   52.84   54.61   54.26   55.16   53.38   52.31   56.03   54.26   57.65   56.94   55.52   57.60   57.95   57.24
    28: ZP_03268618|Burkholderia_sp_H160   51.40   51.77   53.71   65.38   69.93   69.34   69.34   72.03   69.93   68.18   73.78   69.58   69.23   69.93   69.93   69.69   71.33   70.28   72.73   71.68   72.38   72.73   72.38   71.33   81.18   81.18   83.28  100.00   96.17   93.03   92.33   95.12   72.13   78.72   73.87   72.79   71.73   66.43   67.48   67.38   65.60   67.02   66.67   66.31   66.31   67.73   67.02   68.09   61.92   61.92   62.28   62.28   63.35   63.64   66.19   61.21   62.11   65.03   61.89   62.55   65.26   65.37   64.34   62.19   59.07   53.19   53.19   52.48   52.48   54.80   54.45   54.09   54.26   53.19   56.23   55.52   55.52   55.48   56.18   55.48
    29: YP_003607112|Burkholderia_sp_CCG   52.45   52.13   54.42   65.38   69.58   69.34   68.99   71.33   69.23   67.13   73.08   68.88   67.83   69.23   69.93   69.69   70.63   69.58   72.38   72.03   72.03   72.03   71.68   70.98   79.44   79.44   82.23   96.17  100.00   93.73   93.03   95.12   72.13   77.66   71.78   72.44   70.67   66.08   66.78   67.02   65.96   66.67   66.31   66.31   66.67   67.73   67.73   68.09   60.85   61.92   62.63   62.28   63.35   63.29   66.55   60.85   60.70   62.94   61.54   61.82   64.21   63.96   63.64   61.84   60.14   53.19   53.55   53.19   52.48   54.80   55.16   54.09   54.61   52.84   56.94   56.58   55.52   55.48   56.18   54.77
    30: ZP_02883945|Burkholderia_gramini   51.75   51.77   55.12   65.03   68.53   67.94   67.60   71.33   68.53   66.78   72.38   69.58   66.78   68.88   69.23   70.03   69.58   68.88   72.38   71.33   71.68   70.98   71.68   71.33   79.09   79.79   81.18   93.03   93.73  100.00   92.68   95.82   72.47   76.60   72.82   71.73   69.61   67.84   68.88   68.79   67.73   68.09   67.73   67.38   67.73   68.44   68.79   69.50   62.99   63.70   64.77   63.70   63.70   62.94   67.26   61.21   62.46   63.99   63.64   62.18   63.86   64.66   65.73   63.25   60.85   52.13   54.26   54.96   53.19   53.74   54.80   54.45   56.74   54.96   58.36   58.36   56.94   56.18   57.60   56.18
    31: YP_553304|Burkholderia_xenovoran   51.40   50.71   54.06   65.38   67.48   67.25   66.90   69.93   67.83   65.73   70.98   68.53   67.13   67.13   67.48   68.64   69.23   68.18   70.98   69.58   69.58   69.23   69.93   69.93   78.75   80.84   82.58   92.33   93.03   92.68  100.00   95.82   71.78   75.18   71.43   69.96   69.26   67.14   66.78   67.38   67.02   67.02   66.67   66.67   67.73   68.09   68.09   69.15   61.57   62.63   61.92   62.28   61.92   62.59   66.19   60.14   61.40   63.64   62.59   62.18   63.86   65.02   64.69   62.90   59.07   52.84   53.90   53.55   53.19   54.45   54.09   54.80   53.90   53.19   56.58   56.23   56.23   56.54   56.18   54.77
    32: YP_001889534|Burkholderia_phytof   51.75   51.42   54.77   65.73   69.23   68.29   67.94   71.68   69.93   67.48   72.73   70.63   68.18   68.88   68.53   68.99   69.93   69.58   72.73   71.68   72.03   70.98   72.38   72.03   80.14   80.84   82.58   95.12   95.12   95.82   95.82  100.00   72.82   77.30   72.47   71.38   69.96   67.84   67.83   68.44   67.02   67.73   68.09   67.02   67.38   68.44   68.44   68.79   62.28   63.70   63.35   63.35   63.35   62.59   66.90   60.50   61.75   63.64   62.24   62.55   63.86   64.31   64.34   62.54   59.79   53.19   54.61   53.90   53.90   54.80   55.16   55.52   54.96   53.55   56.94   56.58   56.23   56.18   56.54   55.12
    33: WP_020394044|Thiothrix_disciform   49.48   50.71   54.77   67.25   66.55   70.49   70.49   70.73   70.38   67.25   71.78   67.94   69.34   67.94   67.60   70.83   71.43   66.90   71.08   71.43   70.73   70.38   71.78   69.69   67.60   69.10   71.78   72.13   72.13   72.47   71.78   72.82  100.00   78.37   78.40   74.91   78.09   64.31   63.76   62.77   62.77   61.70   62.06   60.99   60.99   62.77   61.70   62.41   59.43   61.57   60.14   62.63   60.50   64.34   65.48   60.50   63.51   66.08   64.46   62.91   67.37   65.72   66.90   64.31   58.72   52.84   53.90   55.32   53.90   54.09   55.87   52.31   57.09   56.03   58.72   58.36   56.23   57.24   59.36   57.95
    34: ZP_03698584|Lutiella_nitroferrum   53.74   54.45   54.09   71.63   73.05   76.60   76.24   77.30   74.82   71.63   77.30   77.30   74.47   75.53   75.53   76.95   75.18   77.30   78.72   76.95   78.37   77.66   78.37   77.30   72.70   72.34   74.47   78.72   77.66   76.60   75.18   77.30   78.37  100.00   82.98   74.82   76.60   65.84   67.97   65.84   64.77   64.77   65.12   63.70   64.06   65.48   64.41   65.84   61.21   61.92   60.50   62.99   63.35   65.48   66.55   61.92   63.70   67.26   62.99   63.64   66.55   66.19   66.55   63.35   58.72   56.23   56.58   55.87   55.16   56.58   56.23   54.09   56.94   55.36   58.01   58.01   56.23   56.58   58.36   58.36
    35: WP_019578040|Curvibacter_lanceol   50.70   52.48   55.12   69.23   69.23   76.66   76.66   74.13   73.08   73.08   73.78   72.03   72.03   72.73   74.13   74.56   73.08   70.28   75.17   72.73   72.73   72.38   74.83   73.78   68.64   70.73   71.78   73.87   71.78   72.82   71.43   72.47   78.40   82.98  100.00   74.91   78.80   65.37   66.43   64.18   65.96   64.54   64.18   63.83   64.54   65.96   64.89   65.60   60.14   60.14   60.85   61.92   60.50   66.08   64.77   60.85   62.46   66.08   62.94   61.45   64.91   65.37   66.08   62.54   56.58   56.03   56.74   57.09   57.80   57.30   56.23   54.45   56.38   53.90   57.65   56.94   54.80   54.42   56.89   56.18
    36: ZP_01626536|marine_gamma_proteob   53.55   53.19   51.42   65.72   65.02   71.73   71.38   71.02   70.32   67.14   71.73   67.49   68.55   69.61   71.02   69.61   70.32   68.90   71.02   71.02   71.02   70.67   73.14   72.44   67.49   69.26   70.67   72.79   72.44   71.73   69.96   71.38   74.91   74.82   74.91  100.00   81.98   62.06   63.12   60.99   62.41   62.06   61.70   60.28   60.28   61.35   60.99   61.35   58.72   61.21   61.21   60.85   60.85   61.70   62.28   58.72   61.70   63.48   62.41   59.27   63.48   62.41   63.83   62.06   58.36   53.90   53.19   53.90   53.55   54.09   53.38   51.25   55.32   53.74   58.36   58.01   55.52   54.96   55.32   54.61
    37: ZP_04957197|gamma_proteobacteriu   53.19   53.19   51.06   61.84   66.43   71.73   71.02   69.61   71.38   67.49   69.26   66.43   68.90   67.49   69.96   69.96   70.67   66.43   67.49   68.90   67.49   68.90   69.26   68.90   68.55   70.32   71.73   71.73   70.67   69.61   69.26   69.96   78.09   76.60   78.80   81.98  100.00   63.12   63.48   62.41   63.12   62.06   61.70   61.70   60.99   62.06   60.99   61.70   59.79   59.07   60.85   60.85   60.14   64.54   62.99   59.79   62.77   64.18   62.77   61.45   65.60   64.89   65.60   62.77   56.58   53.55   53.90   54.96   53.90   54.80   55.52   52.31   54.96   52.31   58.01   57.30   54.45   53.19   54.61   55.32
    38: ZP_06690164|Achromobacter_piecha   54.42   52.84   55.48   58.30   56.18   61.48   60.78   61.84   59.36   58.66   60.78   59.72   60.07   57.24   61.13   61.13   61.48   59.36   62.19   61.48   60.42   60.42   61.84   62.19   67.49   66.78   67.84   66.43   66.08   67.84   67.14   67.84   64.31   65.84   65.37   62.06   63.12  100.00   81.27   77.30   78.37   78.01   77.66   77.66   78.01   79.43   80.50   78.72   68.33   67.26   70.11   68.68   67.26   65.02   66.19   65.48   64.31   65.37   66.08   61.09   64.66   65.72   66.43   63.96   61.92   54.26   56.03   57.45   54.96   56.23   55.52   53.38   60.64   56.03   58.72   59.07   60.85   61.13   60.42   59.01
    39: YP_001899524|Ralstonia_pickettii   56.06   57.09   56.18   61.32   57.84   61.94   60.55   61.67   58.54   59.58   60.98   60.63   60.98   57.49   62.72   62.15   60.98   60.63   63.76   60.98   61.32   62.02   62.37   62.72   68.18   66.78   68.53   67.48   66.78   68.88   66.78   67.83   63.76   67.97   66.43   63.12   63.48   81.27  100.00   82.98   82.27   81.91   81.56   86.52   85.46   87.59   87.23   86.88   70.46   67.26   70.82   68.33   68.68   61.89   69.40   64.41   64.91   66.08   63.67   60.73   66.32   66.43   66.78   66.08   63.70   55.32   56.38   56.74   56.38   56.94   56.23   54.45   60.99   57.45   61.21   62.63   60.50   61.13   61.48   59.72
    40: ZP_02365362|Burkholderia_oklahom   54.61   53.19   55.32   59.22   56.74   61.35   60.99   61.35   59.57   59.57   59.57   60.64   60.99   57.80   61.70   62.77   60.99   58.87   62.41   60.28   60.64   60.64   61.70   60.99   67.38   68.79   68.09   67.38   67.02   68.79   67.38   68.44   62.77   65.84   64.18   60.99   62.41   77.30   82.98  100.00   93.62   94.33   94.33   89.36   87.59   88.30   87.59   89.72   67.97   65.12   67.62   65.84   67.97   62.41   68.68   65.12   65.96   66.31   65.60   62.55   66.67   66.67   66.67   63.83   63.70   57.09   57.80   57.45   57.80   58.01   56.23   54.45   62.06   56.94   59.79   61.21   58.36   58.51   59.22   57.80
    41: ZP_02465941|Burkholderia_thailan   54.96   53.90   57.09   59.22   56.74   63.12   62.77   62.41   60.99   60.99   60.28   61.70   61.70   59.22   63.48   63.83   62.41   59.93   63.12   60.64   60.99   60.99   62.77   62.77   66.31   67.02   68.44   65.60   65.96   67.73   67.02   67.02   62.77   64.77   65.96   62.41   63.12   78.37   82.27   93.62  100.00   95.39   95.04   89.36   88.30   87.59   87.59   88.65   66.90   66.19   69.40   65.84   66.55   63.48   67.62   65.84   66.31   67.38   66.31   62.55   67.02   67.02   67.38   64.89   64.06   57.09   58.51   58.87   58.87   59.07   56.58   54.80   63.12   56.23   60.85   62.28   59.79   59.22   59.93   58.51
    42: YP_105792|Burkholderia_mallei_AT   54.61   53.55   57.09   59.57   57.09   62.06   61.70   62.06   59.93   60.99   60.99   62.06   63.12   59.22   63.83   63.83   62.41   59.57   63.12   61.35   61.35   61.35   63.48   61.70   67.02   67.73   68.44   67.02   66.67   68.09   67.02   67.73   61.70   64.77   64.54   62.06   62.06   78.01   81.91   94.33   95.39  100.00   99.65   90.07   88.30   87.94   87.23   89.36   66.90   64.77   69.04   65.84   66.55   62.77   69.40   65.48   66.31   67.02   65.25   61.82   66.31   66.67   67.02   64.54   62.99   57.80   58.16   57.80   58.16   58.01   56.23   54.80   61.70   56.94   60.14   61.21   58.01   59.22   59.93   58.51
    43: ZP_02493090|Burkholderia_pseudom   54.96   53.90   56.74   59.93   57.09   61.70   61.35   61.70   60.28   60.64   60.64   62.41   63.48   59.57   63.48   63.48   62.06   59.93   63.48   61.70   61.70   60.99   63.83   62.06   66.67   67.38   68.09   66.67   66.31   67.73   66.67   68.09   62.06   65.12   64.18   61.70   61.70   77.66   81.56   94.33   95.04   99.65  100.00   89.72   87.94   87.59   86.88   89.01   66.55   65.12   68.68   66.19   66.90   62.41   69.75   65.12   65.96   66.67   64.89   61.82   65.96   66.31   66.67   64.18   63.35   57.80   58.16   57.80   58.16   58.01   56.23   54.80   61.70   56.94   60.14   61.21   58.01   59.22   59.93   58.51
    44: ZP_02376933|Burkholderia_ubonens   56.38   56.38   55.67   59.57   56.03   61.70   60.28   60.99   58.16   59.93   59.57   60.28   60.28   57.80   62.06   62.06   60.28   58.87   63.12   60.28   60.28   60.64   60.99   61.35   66.67   66.67   67.73   66.31   66.31   67.38   66.67   67.02   60.99   63.70   63.83   60.28   61.70   77.66   86.52   89.36   89.36   90.07   89.72  100.00   91.84   92.91   91.84   93.26   67.26   64.06   67.26   65.12   66.55   62.41   67.97   65.84   66.67   67.02   66.31   61.45   65.96   67.38   67.73   65.96   62.28   56.38   58.16   56.38   57.09   57.30   55.87   53.74   60.99   56.58   59.43   61.21   58.72   59.57   59.93   58.16
    45: YP_001117226|Burkholderia_vietna   56.03   53.90   56.38   59.93   56.03   62.06   60.99   61.35   58.16   59.22   59.57   60.28   59.93   57.80   61.70   62.41   60.99   59.57   62.77   60.28   59.57   60.28   61.35   60.64   65.96   67.73   67.73   66.31   66.67   67.73   67.73   67.38   60.99   64.06   64.54   60.28   60.99   78.01   85.46   87.59   88.30   88.30   87.94   91.84  100.00   94.68   95.04   93.97   66.90   66.19   67.26   65.12   66.19   61.35   67.62   62.99   64.89   65.96   63.48   60.00   64.89   65.25   64.89   62.77   63.70   56.38   57.45   57.45   57.80   58.01   55.87   54.09   62.06   56.23   59.07   60.50   58.72   59.22   59.93   58.51
    46: YP_001584343|Burkholderia_multiv   55.67   54.61   54.96   61.35   57.09   62.41   60.99   62.41   59.22   60.64   60.99   60.64   60.99   58.51   63.12   62.77   62.06   60.64   63.83   61.70   61.35   61.70   62.77   62.41   67.02   68.09   68.79   67.73   67.73   68.44   68.09   68.44   62.77   65.48   65.96   61.35   62.06   79.43   87.59   88.30   87.59   87.94   87.59   92.91   94.68  100.00   96.45   95.39   69.40   67.26   68.68   67.26   68.68   63.12   68.68   64.77   66.67   67.38   65.96   61.45   66.67   67.02   67.38   65.60   62.99   56.03   56.74   56.74   57.45   58.01   55.87   54.09   61.35   56.58   58.72   60.85   59.07   59.57   60.28   58.51
    47: YP_775544|Burkholderia_ambifaria   56.38   54.96   56.03   59.93   56.38   61.35   60.28   61.70   58.16   59.57   60.28   59.22   59.57   57.45   61.70   61.70   60.99   59.57   63.12   60.64   59.93   60.28   61.70   61.35   66.67   67.73   67.73   67.02   67.73   68.79   68.09   68.44   61.70   64.41   64.89   60.99   60.99   80.50   87.23   87.59   87.59   87.23   86.88   91.84   95.04   96.45  100.00   95.39   68.68   66.55   68.68   66.55   67.97   62.06   67.62   64.41   65.96   66.31   65.25   61.09   65.25   66.31   67.02   64.89   63.70   56.38   57.45   57.09   57.80   58.36   55.87   54.45   61.70   56.58   59.07   61.21   59.43   59.22   60.28   58.16
    48: YP_372538|Burkholderia_sp_383|No   56.03   55.32   55.67   60.28   57.09   62.41   60.64   62.41   58.87   60.64   61.70   61.35   61.70   58.16   62.41   62.77   61.70   59.22   63.83   61.35   60.99   61.35   62.06   61.35   67.73   69.15   69.50   68.09   68.09   69.50   69.15   68.79   62.41   65.84   65.60   61.35   61.70   78.72   86.88   89.72   88.65   89.36   89.01   93.26   93.97   95.39   95.39  100.00   69.40   66.55   68.68   66.90   69.04   62.77   67.97   64.06   65.96   67.38   65.25   61.45   65.60   67.38   67.38   65.25   63.35   56.38   57.09   56.74   57.45   57.65   55.52   54.09   60.64   55.87   59.07   60.85   59.43   60.28   61.70   59.57
    49: WP_010799026|Pseudomonas_sp_HPB0   50.89   50.53   50.00   55.16   54.09   57.65   56.58   57.65   55.87   56.23   57.30   55.16   55.52   53.38   56.94   57.30   57.65   54.80   58.72   57.65   56.94   56.58   59.43   57.65   63.35   64.41   63.70   61.92   60.85   62.99   61.57   62.28   59.43   61.21   60.14   58.72   59.79   68.33   70.46   67.97   66.90   66.90   66.55   67.26   66.90   69.40   68.68   69.40  100.00   82.11   85.61   85.61   85.96   61.92   68.33   63.35   63.70   65.84   64.77   60.73   62.28   65.12   64.06   63.35   56.23   50.89   53.74   51.96   54.09   54.80   51.96   51.60   55.52   53.21   54.45   55.52   54.45   54.45   53.38   52.31
    50: YP_260478|Pseudomonas_fluorescen   50.18   51.25   50.35   56.23   54.09   59.07   58.72   58.72   58.36   56.23   56.58   57.65   56.23   54.45   58.01   57.30   59.07   57.65   59.07   57.65   58.36   56.94   60.85   60.50   63.35   64.06   64.41   61.92   61.92   63.70   62.63   63.70   61.57   61.92   60.14   61.21   59.07   67.26   67.26   65.12   66.19   64.77   65.12   64.06   66.19   67.26   66.55   66.55   82.11  100.00   86.32   86.32   86.67   61.57   68.33   60.14   63.70   65.12   63.70   61.82   64.06   64.77   63.70   63.35   58.72   51.25   54.80   54.45   54.09   54.80   52.31   51.96   58.01   55.36   58.01   58.01   54.09   56.23   55.52   54.09
    51: WP_009394233|Pseudomonas_putida|   51.60   53.38   53.19   53.74   53.38   57.65   57.30   58.72   59.43   58.01   56.94   57.65   57.30   55.52   58.72   59.07   59.43   54.80   58.01   58.01   57.30   57.30   60.14   58.72   64.06   63.70   65.12   62.28   62.63   64.77   61.92   63.35   60.14   60.50   60.85   61.21   60.85   70.11   70.82   67.62   69.40   69.04   68.68   67.26   67.26   68.68   68.68   68.68   85.61   86.32  100.00   87.37   87.02   65.12   70.82   64.41   66.55   68.68   67.62   63.64   66.19   67.62   68.33   67.26   58.36   52.31   53.74   54.80   55.52   55.16   54.09   52.67   58.01   55.00   58.72   59.07   53.74   54.45   54.80   52.67
    52: WP_017528300|Pseudomonas_fluores   51.25   51.25   50.00   56.58   55.16   57.65   57.65   59.07   59.43   57.30   57.30   59.07   57.65   55.52   58.72   59.07   58.72   57.65   58.72   59.07   59.07   57.30   61.21   60.14   63.35   64.06   65.48   62.28   62.28   63.70   62.28   63.35   62.63   62.99   61.92   60.85   60.85   68.68   68.33   65.84   65.84   65.84   66.19   65.12   65.12   67.26   66.55   66.90   85.61   86.32   87.37  100.00   89.82   64.41   70.11   62.28   63.70   65.84   65.12   61.45   63.35   65.48   64.77   63.70   58.01   50.89   54.09   54.45   54.09   54.45   52.67   51.60   58.36   56.07   58.01   59.79   55.87   55.16   56.58   54.80
    53: WP_020301327|Pseudomonas_sp_CF15   51.25   50.89   49.65   56.94   54.80   58.36   58.01   58.72   58.72   55.87   57.30   56.94   57.30   55.16   58.72   58.72   59.43   57.30   59.79   59.79   59.43   58.01   60.85   59.79   63.35   65.12   64.06   63.35   63.35   63.70   61.92   63.35   60.50   63.35   60.50   60.85   60.14   67.26   68.68   67.97   66.55   66.55   66.90   66.55   66.19   68.68   67.97   69.04   85.96   86.67   87.02   89.82  100.00   64.41   68.68   62.99   64.41   66.55   64.06   61.82   64.06   64.77   64.77   64.41   58.01   50.89   54.45   53.02   53.38   54.80   52.67   51.96   55.87   53.57   55.52   57.30   53.74   53.38   53.74   51.96
    54: WP_004751332|Acinetobacter_sp_AN   48.95   47.87   52.30   58.60   56.49   64.34   63.29   63.16   64.91   58.25   62.81   59.65   61.05   59.65   60.35   63.64   64.91   58.95   62.46   63.86   62.81   63.51   62.11   61.75   62.59   60.49   63.29   63.64   63.29   62.94   62.59   62.59   64.34   65.48   66.08   61.70   64.54   65.02   61.89   62.41   63.48   62.77   62.41   62.41   61.35   63.12   62.06   62.77   61.92   61.57   65.12   64.41   64.41  100.00   71.89   67.97   68.07   71.68   69.58   67.64   70.53   70.32   69.23   67.14   54.80   50.35   51.77   51.77   51.42   52.31   51.25   49.82   53.90   51.77   56.23   55.16   53.02   53.71   55.12   54.06
    55: WP_018151422|Leeia_oryzae|Non      51.25   51.60   54.45   62.28   58.01   61.21   60.50   62.99   62.28   60.50   61.21   61.21   61.92   59.79   61.92   61.92   62.63   61.92   63.70   62.63   63.35   61.92   65.12   62.99   68.68   66.19   67.26   66.19   66.55   67.26   66.19   66.90   65.48   66.55   64.77   62.28   62.99   66.19   69.40   68.68   67.62   69.40   69.75   67.97   67.62   68.68   67.62   67.97   68.33   68.33   70.82   70.11   68.68   71.89  100.00   71.17   71.53   72.95   71.53   69.09   72.95   73.67   72.95   71.17   64.77   55.16   57.30   55.87   55.87   57.30   56.58   54.09   60.50   57.14   60.14   59.43   56.94   58.72   59.43   58.01
    56: NP_246470|Pasteurella_multocida_   51.60   51.60   55.16   58.01   56.58   61.57   61.57   62.63   60.50   59.43   59.07   58.01   59.43   58.01   59.07   60.85   59.79   59.43   61.21   59.79   59.43   60.85   60.14   60.14   61.57   60.50   61.92   61.21   60.85   61.21   60.14   60.50   60.50   61.92   60.85   58.72   59.79   65.48   64.41   65.12   65.84   65.48   65.12   65.84   62.99   64.77   64.41   64.06   63.35   60.14   64.41   62.28   62.99   67.97   71.17  100.00   74.73   73.31   77.22   72.00   71.89   75.80   76.16   76.51   56.94   51.25   54.09   53.38   53.02   53.74   52.67   51.96   56.94   57.50   55.87   56.23   54.80   56.94   56.23   54.45
    57: YP_001721188|Yersinia_pseudotube   46.67   48.23   53.00   59.51   55.99   60.35   60.35   61.97   60.56   59.15   61.97   59.51   60.56   57.39   63.03   61.75   64.08   59.51   61.97   61.62   60.56   60.92   63.73   61.62   60.00   62.11   64.21   62.11   60.70   62.46   61.40   61.75   63.51   63.70   62.46   61.70   62.77   64.31   64.91   65.96   66.31   66.31   65.96   66.67   64.89   66.67   65.96   65.96   63.70   63.70   66.55   63.70   64.41   68.07   71.53   74.73  100.00   82.81   80.70   79.64   83.16   85.16   85.26   83.75   58.36   52.13   52.48   52.13   51.06   52.31   51.25   50.18   57.09   54.61   57.30   55.87   54.80   55.48   57.95   56.54
    58: ZP_06714995|Edwardsiella_tarda_A   50.70   51.42   56.89   61.75   57.54   62.59   61.89   62.46   62.81   58.95   61.40   61.05   61.75   60.00   63.16   61.89   63.51   60.70   64.21   62.11   62.11   63.51   63.51   63.16   63.64   64.34   64.34   65.03   62.94   63.99   63.64   63.64   66.08   67.26   66.08   63.48   64.18   65.37   66.08   66.31   67.38   67.02   66.67   67.02   65.96   67.38   66.31   67.38   65.84   65.12   68.68   65.84   66.55   71.68   72.95   73.31   82.81  100.00   79.37   79.64   86.67   86.57   83.57   83.04   58.01   52.48   52.48   53.19   52.48   53.38   53.02   51.60   56.74   56.38   57.65   59.07   55.87   56.18   58.30   57.60
