#
#
#  Percent Identity  Matrix - created by Clustal2.1 
#
#

     1: BAE79501|Nocardioides_aromaticiv  100.00   43.40   38.11   38.11   38.11   39.25   39.33   37.97   36.47   36.84   36.84   36.84   36.84   41.83   41.06   39.25   40.91   40.15   40.15
     2: YP_003590131|Bacillus_tusciae_DS   43.40  100.00   43.45   43.45   41.57   41.95   37.69   37.31   41.95   45.32   45.69   45.32   45.32   40.75   39.62   43.82   41.73   40.60   40.60
     3: BAH60849|bacterium_OC9|Abd         38.11   43.45  100.00   99.25   78.73   80.22   42.16   40.30   35.96   41.20   41.95   41.95   41.95   45.66   43.02   41.95   43.98   40.60   40.60
     4: BAH60856|bacterium_OC11S|Abd       38.11   43.45   99.25  100.00   78.73   80.22   42.16   40.30   35.96   41.20   41.95   41.95   41.95   45.66   43.02   41.95   43.98   40.60   40.60
     5: BAH60862|bacterium_OC13S|Abd       38.11   41.57   78.73   78.73  100.00   89.93   38.06   40.67   36.33   41.57   41.95   41.95   41.95   47.17   43.77   42.70   45.49   42.11   42.11
     6: BAJ61380|carbazole-degrading_bac   39.25   41.95   80.22   80.22   89.93  100.00   38.81   40.67   36.70   43.07   43.45   43.45   43.45   47.92   45.28   43.45   46.24   41.73   41.73
     7: WP_017503083|alpha_proteobacteri   39.33   37.69   42.16   42.16   38.06   38.81  100.00   51.67   33.09   38.66   39.41   39.41   39.41   47.37   45.86   40.30   44.57   42.32   41.95
     8: YP_003072830|Teredinibacter_turn   37.97   37.31   40.30   40.30   40.67   40.67   51.67  100.00   34.70   38.06   38.43   38.43   38.43   41.73   41.35   39.55   40.82   38.20   37.83
     9: BAG30828|Neptuniibacter_sp_CAR-S   36.47   41.95   35.96   35.96   36.33   36.70   33.09   34.70  100.00   59.11   58.74   58.36   58.74   35.85   33.96   41.20   39.47   38.72   38.72
    10: BAC56744|Janthinobacterium_sp_J3   36.84   45.32   41.20   41.20   41.57   43.07   38.66   38.06   59.11  100.00   97.40   97.03   97.40   38.49   36.98   47.94   45.11   42.11   42.11
    11: BAA31269|Pseudomonas_stutzeri|No   36.84   45.69   41.95   41.95   41.95   43.45   39.41   38.43   58.74   97.40  100.00   98.88   99.26   39.62   37.74   47.94   45.86   42.11   42.11
    12: AAY56341|CarBb_Pseudomonas_sp_XL   36.84   45.32   41.95   41.95   41.95   43.45   39.41   38.43   58.36   97.03   98.88  100.00   99.63   39.62   37.74   47.57   45.49   42.11   42.11
    13: NP_758569|Pseudomonas_resinovora   36.84   45.32   41.95   41.95   41.95   43.45   39.41   38.43   58.74   97.40   99.26   99.63  100.00   39.62   37.74   47.57   45.49   42.11   42.11
    14: BAH57737|Lysobacter_sp_OC7|Non     41.83   40.75   45.66   45.66   47.17   47.92   47.37   41.73   35.85   38.49   39.62   39.62   39.62  100.00   85.71   44.15   49.81   47.17   46.79
    15: BAL72791|Caulobacter_sp_OC10|Non   41.06   39.62   43.02   43.02   43.77   45.28   45.86   41.35   33.96   36.98   37.74   37.74   37.74   85.71  100.00   43.77   48.68   47.92   48.30
    16: YP_004931599|Pseudoxanthomonas_s   39.25   43.82   41.95   41.95   42.70   43.45   40.30   39.55   41.20   47.94   47.94   47.57   47.57   44.15   43.77  100.00   58.27   56.02   56.39
    17: YP_717944|Sphingomonas_sp_KA1|Ab   40.91   41.73   43.98   43.98   45.49   46.24   44.57   40.82   39.47   45.11   45.86   45.49   45.49   49.81   48.68   58.27  100.00   72.28   72.66
    18: ADC31796|Sphingomonas_sp_XLDN2-5   40.15   40.60   40.60   40.60   42.11   41.73   42.32   38.20   38.72   42.11   42.11   42.11   42.11   47.17   47.92   56.02   72.28  100.00   99.63
    19: YP_717979|Sphingomonas_sp_KA1|Ab   40.15   40.60   40.60   40.60   42.11   41.73   41.95   37.83   38.72   42.11   42.11   42.11   42.11   46.79   48.30   56.39   72.66   99.63  100.00
