#
#
#  Percent Identity  Matrix - created by Clustal2.1 
#
#

     1: WP_020295125|Pseudomonas_sp_CF16  100.00   49.14   45.14   48.28   44.56   45.24   45.58   46.39   45.73   49.49   52.22   51.88   49.83   48.12   48.80   48.80   49.83   48.29   48.63   50.00   48.11   49.14   47.77   51.20   50.00   49.48   50.52   51.03   50.34   47.08   48.97   49.32   44.83   49.66   51.19   51.54   50.51   50.85   51.19   49.83   50.85   49.15   50.17   49.49   49.83   50.51   48.46   50.70   47.77   47.77   34.83   40.34   40.00   37.93   38.97   38.28   39.66   37.24   38.62   37.24   38.97   38.97   38.97   38.62   37.59   36.90   38.62   37.59   38.28   39.66   38.30   37.93   39.31   39.66   37.93   37.24   38.62   38.28   38.97   39.10   38.97   39.66   38.97   39.66   38.75   38.97   38.97   41.03   38.62   39.31   37.93   39.66   38.97   39.31   40.00   39.31   38.28   39.31   39.66   40.00   39.66   34.84   35.64   40.34   36.90   37.24   38.54   36.59   36.24   36.81   40.00   39.31   37.93   39.66   40.00   39.86   41.38   41.38   39.51   39.45   39.52   39.79   39.52   37.80   38.49   38.54   39.72   41.11   40.14   39.31   42.91   42.86   39.36   40.69   38.97   43.45   41.03   41.34   40.89   40.21   40.55   41.58   40.89   41.24   41.58   41.24   41.24   41.58   41.58   41.58   40.21   42.61   41.13   41.03   41.72   40.69   42.07   41.03   42.27   40.89   40.00   43.30   42.27   42.61   43.30   44.67   42.96   42.96   42.76   41.58   42.27   42.27   43.99   43.30   45.70   43.45   43.30   42.27   40.89   41.58   43.30   42.61   42.61   42.61   42.76   42.07   41.72   42.27   43.55   45.70   44.64   43.94   44.29   43.60   42.91
     2: YP_001166032|Novosphingobium_aro   49.14  100.00   47.60   48.81   44.90   46.60   44.22   54.93   45.39   48.30   52.04   48.64   51.70   51.02   51.71   52.05   54.42   50.66   54.18   53.51   54.76   53.40   54.76   55.10   54.39   52.04   53.40   54.24   52.54   51.36   53.38   52.35   52.56   51.84   52.72   54.42   54.76   55.44   55.10   51.02   48.98   52.38   50.68   51.02   51.70   51.70   52.04   48.63   48.48   49.16   34.65   40.61   37.29   36.21   37.62   35.91   38.59   37.58   36.96   37.09   39.06   37.37   37.37   36.70   37.04   36.36   38.05   38.72   37.04   40.07   38.41   39.39   40.40   38.38   37.71   37.37   37.71   39.39   39.39   38.51   37.71   39.39   38.38   38.72   38.98   40.40   40.74   39.53   38.51   39.53   39.53   40.20   38.85   40.20   39.86   38.18   38.18   38.18   40.54   40.88   41.22   36.58   37.00   41.67   39.46   40.13   37.46   36.03   35.91   37.25   39.00   39.26   35.88   37.67   37.75   39.40   38.67   38.67   37.84   39.06   39.60   39.19   39.20   39.87   38.26   38.87   41.03   40.69   40.69   39.86   41.38   41.32   40.00   39.59   38.57   41.30   37.88   39.44   39.80   39.93   39.80   39.25   39.93   39.25   39.25   39.59   39.93   39.25   40.34   39.93   38.57   40.48   40.00   39.59   42.66   41.30   42.32   43.00   42.03   40.68   40.27   39.19   39.46   39.86   40.00   40.68   39.12   39.12   39.93   40.14   40.00   39.66   39.60   39.73   40.48   39.93   40.48   40.00   39.46   39.12   40.48   40.14   38.78   39.12   38.91   41.30   39.59   43.05   40.00   42.52   39.73   39.04   39.04   39.73   39.38
     3: WP_020649956|Singularimonas_vari   45.14   47.60  100.00   64.38   41.44   41.44   43.84   48.30   43.84   45.73   50.00   50.34   49.15   46.76   47.10   47.78   51.54   53.24   53.92   54.61   53.24   52.90   54.27   54.27   54.61   53.58   52.90   52.90   53.58   52.90   52.90   54.27   50.17   51.37   52.22   52.90   52.56   52.56   52.90   51.03   51.19   51.54   53.92   52.22   51.88   53.58   52.90   51.74   52.04   52.38   33.45   36.52   35.15   33.45   35.49   35.15   35.15   35.15   37.54   35.15   38.23   37.20   37.20   37.20   37.88   37.88   36.52   37.20   35.49   37.54   35.92   36.18   35.84   36.86   35.49   35.84   35.84   36.18   35.84   36.77   35.15   36.18   35.49   35.15   37.11   38.91   38.23   35.49   37.20   37.54   38.23   38.57   37.54   37.88   37.54   36.86   36.86   36.86   37.54   37.54   36.86   35.54   35.64   37.54   36.99   36.64   34.14   33.45   33.79   35.17   34.47   37.54   34.47   36.52   37.20   38.70   35.15   35.49   35.99   36.21   36.52   36.64   35.62   35.84   37.80   35.40   36.68   37.37   38.97   34.71   37.59   37.50   37.32   36.99   36.64   38.91   39.25   37.94   39.73   38.70   40.41   39.73   39.04   39.73   40.07   39.38   39.38   39.18   37.20   39.04   36.99   36.86   37.68   36.86   41.10   40.75   42.47   40.75   40.41   39.73   39.04   39.73   38.70   39.38   39.04   40.07   41.10   41.44   40.41   40.75   40.75   40.41   40.07   39.38   41.10   40.07   39.04   39.04   39.04   38.36   40.07   38.36   39.59   39.38   39.04   40.75   40.75   41.64   43.60   40.96   41.10   40.07   40.41   40.07   39.73
     4: WP_007187191|Hydrocarboniphaga_e   48.28   48.81   64.38  100.00   43.00   44.37   45.39   50.34   43.34   46.60   48.98   47.28   49.32   46.60   46.58   46.92   52.54   55.93   56.95   55.93   58.31   57.63   56.61   57.63   57.97   55.93   55.93   56.61   56.95   54.08   58.31   58.31   51.19   53.74   54.92   54.92   54.92   55.59   55.25   56.46   53.56   55.25   57.63   55.93   56.46   56.61   56.27   53.82   48.98   50.00   34.47   38.44   34.47   33.11   35.49   35.15   36.18   35.49   36.18   35.71   35.15   35.84   36.18   35.84   35.84   34.81   35.84   36.86   36.18   37.07   35.92   37.20   37.54   37.54   36.86   36.86   36.52   36.86   35.15   36.77   36.52   36.52   36.18   36.18   38.14   40.61   40.61   38.10   38.91   39.80   40.14   41.30   39.12   38.78   39.12   39.59   39.25   40.27   38.23   38.91   38.91   32.99   35.05   39.25   39.04   38.01   36.21   34.14   34.48   35.17   38.91   37.88   37.20   38.91   39.59   39.59   38.57   39.25   37.72   38.14   38.44   37.67   38.91   37.63   37.41   37.46   37.24   40.00   40.96   38.10   41.78   40.34   39.65   38.57   37.54   40.14   40.34   39.44   38.23   38.78   40.61   40.96   40.61   39.93   39.93   38.57   39.59   39.04   41.69   40.14   39.80   39.32   38.25   38.98   41.64   41.30   42.66   42.32   41.98   40.27   42.32   43.00   41.30   42.32   41.98   42.66   42.32   42.66   42.32   41.98   41.64   42.32   41.98   40.96   43.69   41.64   39.93   40.96   39.59   40.27   40.27   39.93   40.14   41.64   41.30   41.98   43.34   39.80   43.45   42.18   43.34   42.32   42.66   42.32   41.64
     5: ZP_01626269|marine_gamma_proteob   44.56   44.90   41.44   43.00  100.00   72.09   72.52   46.10   57.58   51.18   51.35   49.32   49.83   51.18   51.19   51.53   49.66   44.75   47.12   48.47   46.60   46.60   46.60   46.26   46.44   47.28   48.30   48.81   48.81   46.42   45.76   46.44   47.80   47.80   50.00   50.00   50.00   50.00   49.32   47.64   47.64   50.00   48.31   48.99   49.83   50.34   48.65   46.71   45.24   44.90   32.99   39.12   37.41   38.44   38.44   39.80   40.82   37.07   39.80   38.10   38.78   38.78   39.12   40.82   39.46   39.46   37.76   38.44   38.44   38.78   38.81   40.82   38.44   39.46   38.10   38.44   39.12   41.50   40.14   40.27   39.12   39.46   39.12   39.12   39.59   40.48   41.16   38.10   39.12   40.14   38.78   40.14   39.80   40.14   40.14   40.14   40.48   40.14   39.80   40.14   39.80   38.49   39.38   39.12   38.57   39.25   36.08   36.77   36.77   36.43   40.48   38.78   36.39   39.46   40.14   40.82   40.48   40.82   40.34   39.38   40.00   40.61   39.80   41.02   40.48   39.73   38.49   38.49   43.49   42.32   44.86   43.10   38.81   40.48   40.14   43.54   45.24   43.71   44.90   43.88   43.88   44.22   45.24   45.24   45.24   43.88   44.22   44.56   44.75   44.90   43.88   45.08   44.76   46.26   46.94   45.24   45.92   45.58   47.46   46.44   47.28   44.07   46.10   47.46   46.78   46.78   48.14   48.14   47.62   48.14   46.78   45.76   45.76   48.14   46.10   45.92   47.80   46.78   45.08   45.76   46.78   46.44   45.76   44.75   44.90   46.26   44.90   42.71   41.24   43.39   42.66   40.61   40.96   40.27   40.96
     6: WP_009470530|gamma_proteobacteri   45.24   46.60   41.44   44.37   72.09  100.00   75.08   47.12   58.59   52.53   53.72   51.01   51.85   50.84   51.53   51.53   51.70   46.44   47.46   48.81   47.62   47.62   47.62   47.96   46.78   47.62   47.28   47.80   47.12   45.73   47.80   48.81   48.14   49.83   50.00   50.68   50.34   50.68   51.01   46.28   46.96   48.31   47.64   46.28   47.12   47.64   47.30   46.71   46.26   46.26   33.67   37.76   38.10   36.73   37.76   36.73   38.44   35.37   36.39   36.05   39.46   38.78   38.44   38.44   37.07   37.41   37.76   36.73   37.76   39.80   38.11   39.46   39.12   39.46   37.41   37.76   38.44   39.80   39.80   39.93   38.78   39.80   39.46   39.80   39.25   37.76   38.44   37.76   38.10   38.44   38.44   40.14   38.44   38.44   38.44   38.78   38.78   38.78   40.14   42.18   40.14   36.08   37.33   39.46   36.86   37.20   35.74   35.40   34.36   35.05   37.76   37.41   34.69   36.73   36.73   36.05   37.41   37.76   35.86   35.96   36.61   37.88   37.07   39.66   39.46   38.36   42.27   43.30   42.12   42.32   41.44   43.45   41.96   43.54   43.54   42.86   44.90   45.10   44.22   44.22   44.90   45.24   46.94   45.24   46.94   45.24   45.24   45.92   45.08   44.90   44.22   45.76   44.76   45.92   43.54   42.18   43.20   43.54   44.75   43.05   43.54   43.73   44.07   46.78   44.07   47.12   46.10   46.10   45.92   46.44   45.08   45.76   46.44   47.12   46.10   46.60   45.08   45.08   43.05   45.08   43.39   45.76   44.75   42.03   42.18   44.22   43.54   40.00   38.49   41.36   41.30   39.93   39.93   39.93   40.27
     7: WP_009576803|gamma_proteobacteri   45.58   44.22   43.84   45.39   72.52   75.08  100.00   46.10   60.61   53.20   54.39   51.35   53.20   52.53   52.20   52.20   47.96   43.39   46.78   48.47   46.26   45.92   47.62   46.94   46.44   46.60   46.94   47.80   47.80   45.73   46.10   46.78   44.41   47.12   51.01   51.69   51.01   51.35   51.01   49.66   48.99   51.01   50.34   50.34   50.85   51.01   50.00   46.37   45.24   44.90   35.71   41.50   39.12   39.12   40.14   40.14   40.48   38.10   39.46   38.78   40.82   40.82   40.48   40.48   39.46   40.48   39.12   39.12   40.82   40.82   38.46   40.48   41.16   40.82   40.14   41.16   40.82   41.84   41.16   42.32   40.82   42.86   41.50   41.84   42.32   42.86   43.54   42.86   41.50   41.84   41.16   43.54   41.50   41.50   41.50   42.86   42.52   42.18   43.20   45.92   44.22   38.14   40.41   41.84   40.61   41.30   39.18   37.46   36.43   37.11   41.50   39.80   38.78   40.48   40.82   41.84   40.14   40.48   39.31   39.73   41.02   41.98   40.48   41.36   43.20   39.73   41.58   42.96   42.12   41.98   42.47   42.07   40.56   42.18   41.50   41.84   44.90   43.71   42.18   41.84   43.54   43.54   45.92   43.20   45.92   43.88   44.22   44.90   43.73   44.56   44.22   44.07   44.41   44.90   43.54   42.86   43.54   42.18   45.76   43.05   42.86   45.08   44.07   44.07   42.37   46.44   45.42   45.76   45.24   45.76   46.10   46.10   47.12   47.80   46.78   45.92   46.10   45.42   44.07   45.42   44.41   45.08   44.41   43.05   42.86   44.90   45.92   42.03   42.27   42.71   44.37   42.66   43.00   41.98   42.32
     8: WP_010125671|Sphingomonas_sp_KC8   46.39   54.93   48.30   50.34   46.10   47.12   46.10  100.00   52.04   55.59   57.14   54.76   54.24   51.86   52.88   52.88   56.66   54.49   56.38   55.70   57.00   56.31   56.31   57.34   56.61   54.27   56.31   56.80   55.78   54.95   55.59   55.89   52.72   54.03   59.52   59.52   59.52   59.86   59.86   59.18   60.20   57.82   58.50   58.50   58.16   57.82   57.14   54.30   55.41   56.42   35.97   36.52   35.31   35.88   35.31   36.24   36.24   36.58   36.30   36.42   35.69   35.35   35.02   35.02   34.01   34.34   36.36   36.36   37.04   39.06   35.64   35.69   37.71   38.05   38.05   36.70   36.70   34.68   37.04   37.16   36.36   36.36   34.34   35.35   36.61   38.72   39.06   36.82   37.16   38.85   39.19   39.19   38.51   38.18   37.84   37.84   37.50   37.84   36.82   36.15   37.50   33.44   34.33   38.67   38.13   37.79   34.45   35.02   33.89   34.56   37.00   37.25   34.22   36.33   38.74   37.75   36.67   36.67   36.49   37.37   36.58   37.16   36.54   37.54   35.91   36.21   39.31   42.41   40.00   38.83   41.72   39.58   40.70   39.25   39.59   42.32   41.30   42.61   41.50   41.30   42.86   43.00   41.30   42.66   42.66   43.34   44.03   43.69   43.73   43.34   43.34   43.54   44.21   44.37   44.03   42.32   42.66   44.71   44.41   43.39   43.69   42.57   42.52   42.91   42.71   44.41   42.86   42.86   43.00   44.22   42.71   44.41   43.29   43.77   43.54   44.37   42.86   42.37   42.86   41.84   42.52   41.50   40.48   42.18   42.66   44.37   43.69   43.39   41.38   42.52   42.12   41.10   40.75   41.78   41.10
     9: YP_003811962|gamma_proteobacteri   45.73   45.39   43.84   43.34   57.58   58.59   60.61   52.04  100.00   62.29   60.47   58.11   59.60   56.90   60.00   59.66   49.66   46.94   47.96   48.98   47.62   46.60   48.30   48.64   47.28   48.30   46.60   49.32   47.96   48.46   48.64   50.00   49.32   48.98   51.35   52.70   51.69   51.69   52.36   50.68   52.36   53.72   52.70   53.38   53.56   52.70   52.03   50.00   52.22   52.22   36.86   39.25   38.91   37.20   38.91   38.91   40.27   38.91   38.23   39.25   42.32   41.98   41.64   40.96   41.64   40.96   41.30   39.25   41.30   39.93   38.95   40.61   40.61   41.30   40.27   40.96   41.30   40.27   41.64   40.75   39.59   40.61   40.61   40.96   40.75   39.59   39.59   41.30   40.96   40.61   40.96   41.30   40.96   40.96   41.30   41.30   41.64   40.96   42.32   42.32   40.96   36.21   37.80   38.23   37.33   37.67   37.93   36.55   36.90   37.59   40.61   39.93   38.23   40.61   41.98   41.30   40.96   40.96   39.45   39.86   40.82   41.44   38.57   39.46   38.91   39.18   39.18   41.58   41.78   42.32   41.78   42.07   39.86   42.37   41.69   42.86   42.18   42.11   43.34   42.18   41.30   41.98   42.66   43.00   42.66   42.66   42.66   43.34   44.22   45.39   42.66   42.18   44.41   44.22   43.88   43.54   43.54   44.22   45.58   43.54   44.22   42.18   44.22   44.56   43.88   45.92   45.58   45.24   45.24   43.88   45.24   45.58   44.22   45.92   45.92   43.54   43.88   44.22   43.88   43.88   43.54   43.54   43.20   42.52   42.18   43.20   43.88   46.26   44.48   44.56   43.69   43.34   43.69   43.00   43.00
    10: WP_020584950|Endozoicomonas_elys   49.49   48.30   45.73   46.60   51.18   52.53   53.20   55.59   62.29  100.00   69.02   66.33   68.79   70.81   70.27   70.95   56.61   53.56   53.22   53.90   51.53   51.86   54.58   51.86   52.88   54.24   55.59   56.27   55.25   51.70   52.88   53.22   52.54   55.93   55.89   56.23   55.89   56.57   56.23   58.25   58.25   56.90   57.58   57.58   57.77   58.25   57.91   52.94   55.44   56.12   40.61   40.61   40.61   41.64   40.96   39.25   39.25   39.25   40.27   40.61   40.61   40.61   40.27   40.61   40.27   39.59   40.96   40.27   41.64   41.98   38.25   40.61   40.96   41.98   40.27   40.27   42.32   39.25   39.59   41.10   40.27   41.64   40.96   41.30   40.75   41.30   41.98   41.30   41.64   42.66   42.66   43.00   41.98   42.32   41.64   41.98   41.64   43.00   43.34   41.98   42.66   38.28   39.86   40.96   41.10   41.78   39.66   38.28   38.28   38.28   41.64   41.30   40.27   41.30   41.98   42.66   40.61   40.61   41.52   41.24   41.84   42.47   41.64   41.50   40.96   41.58   42.61   43.99   45.21   43.00   42.81   42.76   42.31   44.22   44.90   46.60   45.92   44.91   45.39   46.08   45.39   45.73   47.78   47.44   47.10   46.42   46.76   47.10   45.24   47.44   46.42   45.92   46.50   47.28   46.94   46.26   45.58   47.28   47.96   48.64   47.96   47.96   46.26   47.28   46.26   46.26   47.96   47.62   46.60   47.28   45.92   46.60   46.26   48.98   47.28   46.94   45.58   46.26   46.26   45.58   44.90   45.24   44.90   45.58   45.58   46.60   44.90   43.88   42.41   42.86   43.00   41.98   41.64   41.30   41.64
    11: WP_003453674|Pseudomonas_pseudoa   52.22   52.04   50.00   48.98   51.35   53.72   54.39   57.14   60.47   69.02  100.00   86.20   77.78   75.08   75.59   75.59   57.29   55.93   56.27   56.95   55.93   56.27   56.61   55.59   55.93   56.61   56.61   56.95   56.27   55.44   55.93   56.95   51.70   55.25   59.93   59.93   59.60   59.93   59.93   60.61   61.62   59.60   61.28   61.28   61.15   61.62   60.27   55.36   56.12   57.14   38.36   43.84   43.15   42.12   42.47   40.07   41.10   39.73   42.81   42.12   45.55   44.18   43.49   43.49   42.81   43.84   42.47   44.18   43.84   45.21   42.61   44.86   45.55   44.52   44.18   44.86   43.49   43.84   44.18   45.70   44.18   45.55   44.18   44.18   43.99   43.84   44.86   44.52   44.52   46.23   45.55   45.55   44.18   44.86   44.52   44.18   44.86   44.18   43.49   44.86   46.23   38.06   39.31   42.47   43.30   43.99   44.98   42.56   40.83   41.18   45.21   43.15   41.78   43.84   44.18   45.21   43.84   43.49   43.75   44.48   44.03   44.67   43.15   43.69   43.15   42.07   44.83   47.93   47.08   46.58   47.08   47.75   43.51   45.73   44.37   46.76   43.00   45.07   45.89   46.23   46.23   45.89   47.26   46.58   46.23   45.55   46.58   46.58   46.42   46.23   45.89   45.39   45.96   46.42   46.76   44.37   45.73   46.76   47.44   46.42   45.73   48.12   45.73   47.78   47.10   46.76   46.76   46.76   47.44   46.76   47.10   47.44   46.76   48.46   48.12   47.10   45.73   48.12   47.10   48.12   48.46   48.12   46.76   47.10   45.39   45.73   46.76   49.83   45.33   44.71   45.21   43.49   43.49   43.84   43.15
    12: BAA21736|Pseudomonas_sp_CA10|Abd   51.88   48.64   50.34   47.28   49.32   51.01   51.35   54.76   58.11   66.33   86.20  100.00   73.74   72.39   73.56   72.88   53.90   53.56   53.90   55.25   53.90   53.90   54.92   54.24   54.58   55.59   55.25   55.59   55.25   53.06   54.58   55.25   50.00   53.56   57.91   58.25   57.58   57.58   57.58   58.92   57.91   56.57   58.59   58.59   59.12   57.24   57.58   53.29   54.76   56.12   39.04   43.49   40.75   41.10   41.10   39.73   40.41   38.70   41.78   41.44   42.12   41.78   41.44   41.44   40.41   40.75   40.41   41.78   41.44   42.47   40.49   42.12   42.81   41.10   40.75   41.78   42.12   41.78   41.10   42.96   41.44   42.47   41.10   42.12   42.27   42.12   43.15   41.44   41.44   43.15   42.81   42.47   41.10   42.12   41.78   41.78   41.44   41.44   41.44   41.78   42.81   36.68   37.93   41.44   41.24   41.92   41.52   39.79   38.06   38.06   43.84   39.73   39.04   41.44   42.81   43.15   41.78   41.44   40.62   41.72   41.30   41.92   42.12   42.66   42.12   41.72   42.41   44.48   45.02   44.86   44.67   45.67   42.11   44.37   43.00   44.37   41.98   44.01   44.52   43.84   43.84   43.15   44.52   44.86   43.84   43.49   44.52   44.86   43.69   43.84   43.84   43.69   43.86   44.37   45.73   42.66   44.71   45.39   45.05   43.69   43.34   46.76   43.69   45.39   44.71   44.71   44.71   44.71   45.39   45.05   45.39   45.73   46.08   46.42   46.42   45.39   43.00   44.37   43.34   45.05   45.05   44.03   43.34   43.34   42.66   43.34   44.71   46.76   44.29   42.32   44.18   42.81   43.15   42.81   42.12
    13: AF190705|Pseudomonas_sp_SY5|Dhb    49.83   51.70   49.15   49.32   49.83   51.85   53.20   54.24   59.60   68.79   77.78   73.74  100.00   79.19   81.76   81.08   58.64   56.95   56.95   56.95   55.93   55.25   57.29   56.27   56.27   57.63   56.61   56.95   56.61   56.80   56.95   58.98   53.22   55.93   60.27   59.93   59.60   59.93   60.27   62.29   60.61   60.61   60.94   60.61   60.47   61.28   60.61   56.40   55.78   56.80   36.86   43.69   40.27   40.61   41.30   38.23   39.25   37.20   40.61   39.93   40.61   40.27   40.27   40.61   40.27   39.93   40.27   41.30   40.61   40.96   38.95   40.61   40.96   40.27   40.96   40.27   41.64   39.59   39.59   41.44   41.64   41.64   41.98   41.30   41.10   40.96   41.98   41.64   40.27   43.00   43.00   42.32   40.27   41.64   40.96   40.61   40.61   41.30   41.98   41.98   43.00   37.24   38.83   40.61   41.78   42.12   41.38   39.66   38.28   38.62   41.98   40.27   38.91   39.93   41.64   43.00   41.64   41.30   40.83   41.24   40.82   41.78   41.30   42.18   41.64   39.86   43.99   46.05   44.18   41.98   43.15   43.79   42.66   43.88   41.84   43.54   41.16   42.81   42.66   43.00   43.00   42.32   43.34   44.71   43.34   43.00   43.34   43.69   42.52   43.00   43.00   43.54   42.31   43.54   44.56   42.52   43.88   44.90   45.58   44.22   44.56   46.26   43.88   45.24   44.22   44.90   45.92   45.24   45.92   45.24   44.90   46.60   45.58   44.90   47.28   44.90   43.20   44.90   43.20   44.22   43.88   43.20   42.52   43.54   42.86   43.54   44.56   45.92   41.38   40.48   43.69   42.32   42.66   41.64   41.98
    14: WP_007951370|Pseudomonas_sp_GM25   48.12   51.02   46.76   46.60   51.18   50.84   52.53   51.86   56.90   70.81   75.08   72.39   79.19  100.00   91.22   91.55   55.59   55.59   55.93   55.59   54.24   52.88   57.63   54.58   54.58   56.27   57.29   56.27   56.61   53.74   54.24   55.93   51.86   54.58   56.57   56.23   57.24   57.24   57.24   58.92   56.57   57.91   58.59   57.24   57.09   57.91   57.91   52.94   55.10   55.44   38.57   43.00   41.64   42.66   42.32   40.61   40.27   38.91   41.64   41.64   42.66   41.30   41.64   41.30   41.64   41.64   40.27   42.66   41.64   41.98   41.05   42.32   43.00   42.66   42.66   41.98   42.66   41.64   41.98   42.47   41.30   41.30   43.00   41.98   43.15   43.00   43.69   43.00   42.66   44.03   44.03   43.69   43.00   44.03   43.00   41.98   43.00   42.32   41.98   41.98   44.71   38.28   40.55   41.30   43.15   43.84   42.76   41.03   40.00   39.66   44.03   42.32   40.61   42.32   42.32   43.34   42.66   42.32   42.21   42.96   42.18   42.81   43.00   43.20   42.66   41.58   43.64   46.74   45.89   44.37   44.18   45.17   43.01   42.52   42.52   45.92   43.20   44.21   43.34   45.39   43.69   44.37   44.71   45.39   45.05   45.05   44.71   45.05   42.52   45.39   42.66   43.88   44.06   44.56   46.26   44.56   45.92   46.60   46.60   46.60   45.92   45.24   44.56   46.60   45.58   45.24   45.24   45.24   46.60   45.92   45.24   46.94   45.92   46.94   45.58   44.90   44.90   45.92   44.56   44.90   44.22   43.88   44.22   44.22   43.54   45.92   44.90   46.26   42.76   40.82   42.66   41.64   41.98   41.64   41.98
    15: YP_007028697|Pseudomonas_sp_UW4|   48.80   51.71   47.10   46.58   51.19   51.53   52.20   52.88   60.00   70.27   75.59   73.56   81.76   91.22  100.00   96.62   55.97   55.97   57.34   57.00   55.63   54.27   57.68   55.29   54.95   56.31   56.66   57.00   56.66   55.48   54.27   57.34   52.38   54.95   57.29   57.29   57.63   57.63   57.29   60.34   58.64   58.64   60.00   60.68   60.20   60.34   59.66   54.70   57.53   57.19   38.14   42.61   41.24   42.27   42.27   39.86   40.21   38.49   39.86   39.52   42.96   42.27   42.61   43.30   42.96   42.61   42.61   44.33   41.92   43.30   40.99   42.61   42.96   42.96   42.96   42.61   43.99   41.92   42.96   43.79   41.58   42.27   43.64   42.61   45.17   43.30   43.99   43.30   42.27   43.99   44.67   43.99   42.61   43.64   42.61   42.27   43.30   42.61   42.61   42.61   45.36   38.54   40.48   41.92   42.41   42.76   42.71   40.28   39.58   39.24   44.33   40.89   40.55   41.58   41.24   43.64   42.27   41.92   42.51   42.56   42.12   42.07   43.64   42.12   43.30   41.52   43.60   47.40   45.86   45.70   45.17   46.18   43.31   44.18   42.81   45.89   42.47   43.82   43.99   45.02   44.67   43.99   44.67   45.70   44.67   44.67   44.67   45.02   42.81   45.36   42.96   43.84   44.37   44.52   45.89   44.18   45.89   46.58   46.58   45.89   44.86   45.55   44.52   46.23   45.21   44.18   45.89   45.55   46.23   45.89   46.23   46.23   45.55   46.92   45.21   45.55   44.52   45.89   45.21   44.52   44.52   43.84   43.84   44.52   44.18   45.21   45.21   46.58   42.36   40.07   43.30   41.92   41.58   41.58   41.92
    16: WP_008004392|Pseudomonas_sp_GM49   48.80   52.05   47.78   46.92   51.53   51.53   52.20   52.88   59.66   70.95   75.59   72.88   81.08   91.55   96.62  100.00   55.63   56.31   57.34   57.34   55.63   54.27   58.02   55.29   54.95   56.66   57.00   57.00   56.66   55.48   54.27   57.34   53.40   55.63   57.97   57.97   58.31   58.31   57.97   58.98   57.97   57.63   58.98   59.66   59.18   60.00   59.32   54.70   57.53   57.19   38.49   42.96   41.24   42.27   42.27   40.55   40.89   38.49   40.55   40.21   43.30   42.96   43.30   43.64   43.64   42.96   42.96   44.67   42.61   43.64   41.70   42.96   43.64   43.64   43.64   43.30   44.67   41.58   42.61   44.14   42.27   42.96   44.33   43.30   44.83   43.64   43.64   43.99   42.96   45.02   45.36   44.33   43.30   44.33   43.30   42.96   43.64   43.30   42.96   43.30   46.05   38.54   40.83   41.58   42.41   42.76   43.40   40.97   40.28   39.93   44.67   40.89   40.89   41.92   41.92   43.64   42.61   42.61   42.86   42.91   42.47   42.07   43.99   42.47   43.30   41.52   43.25   47.40   46.55   46.39   45.17   46.18   42.61   43.15   42.12   45.89   42.47   43.82   43.99   45.02   45.02   44.33   44.67   45.70   44.67   44.67   45.02   45.02   43.15   45.02   42.61   43.84   44.01   44.52   46.23   44.52   46.23   46.92   46.92   46.23   45.21   45.55   44.86   46.58   45.21   44.52   45.89   45.55   46.23   45.89   45.55   46.58   45.89   47.26   45.21   45.89   44.52   45.89   45.21   44.52   44.52   43.84   43.84   44.52   43.84   45.55   44.86   45.89   43.06   40.75   43.64   42.27   41.92   42.27   42.61
    17: WP_010324685|Marinobacterium_sta   49.83   54.42   51.54   52.54   49.66   51.70   47.96   56.66   49.66   56.61   57.29   53.90   58.64   55.59   55.97   55.63  100.00   75.00   73.65   73.31   72.97   73.31   72.64   73.65   75.68   72.30   73.65   74.32   72.97   71.86   72.97   72.97   70.75   73.90   61.49   60.47   59.80   60.81   60.14   59.32   57.43   60.14   60.14   59.12   58.98   59.46   58.78   58.13   58.98   58.98   35.84   40.96   36.52   36.52   37.20   38.91   39.93   38.57   38.57   37.88   38.57   37.20   36.52   37.88   37.20   37.20   37.54   39.25   37.88   38.23   35.92   38.57   37.20   39.93   37.88   37.88   37.88   36.52   37.54   37.80   39.59   37.88   36.52   37.54   37.11   38.57   39.25   38.91   36.52   37.88   37.88   39.93   38.91   38.57   37.88   37.54   38.57   38.23   38.91   38.91   38.57   36.46   37.11   42.32   41.78   41.78   36.21   36.90   36.55   37.59   41.30   41.98   37.54   39.93   40.96   42.32   38.91   38.57   39.45   39.18   39.12   39.73   39.59   40.48   39.93   38.83   42.76   42.76   43.84   38.91   41.78   42.76   43.86   43.69   44.71   44.56   43.20   41.55   42.66   43.34   44.71   44.03   44.37   43.69   44.37   43.34   44.03   43.49   43.20   44.03   43.69   42.86   43.86   42.86   44.37   44.03   45.73   43.69   45.39   43.69   43.34   43.69   43.00   45.39   43.69   45.05   44.03   44.03   44.37   44.71   44.03   44.03   43.34   43.69   45.05   43.69   44.37   46.76   44.71   44.37   44.37   44.37   44.90   44.71   44.03   44.71   45.73   44.22   43.10   43.20   43.34   42.32   42.66   41.64   41.64
    18: WP_008568675|Pseudomonas_sp_Chol   48.29   50.66   53.24   55.93   44.75   46.44   43.39   54.49   46.94   53.56   55.93   53.56   56.95   55.59   55.97   56.31   75.00  100.00   75.42   75.75   76.01   76.01   75.68   73.99   75.84   73.65   72.97   74.41   73.74   75.25   76.17   74.67   70.07   71.00   60.14   60.81   60.14   60.81   61.15   61.69   59.12   60.81   62.84   61.49   60.34   61.15   61.15   55.82   59.06   59.40   34.55   42.52   34.88   35.22   36.88   38.13   39.80   39.13   38.54   36.54   39.26   37.92   37.25   38.93   38.93   38.93   37.58   39.60   38.26   39.60   38.75   39.93   38.59   41.28   39.26   37.92   38.93   36.91   38.26   38.51   38.59   38.26   37.25   37.58   38.64   39.26   39.60   38.05   39.73   38.38   39.06   41.08   39.39   39.06   38.72   39.06   39.39   39.39   39.06   39.73   39.06   35.81   36.45   38.21   40.67   39.67   35.57   35.57   35.23   36.24   39.87   40.13   37.87   39.53   39.87   41.20   39.53   39.53   39.06   39.46   38.80   39.06   37.87   38.08   37.67   37.46   39.66   41.03   42.47   39.25   42.47   43.10   41.75   41.98   40.96   42.86   39.80   41.40   42.03   42.18   44.41   43.20   42.86   43.20   42.52   42.18   42.86   42.32   42.57   43.20   41.16   42.71   42.46   42.18   42.32   41.30   42.66   42.66   42.71   42.71   42.66   42.57   41.50   42.91   42.37   42.71   42.18   42.18   43.00   43.54   42.71   41.69   41.61   42.09   44.56   43.34   41.50   44.41   42.18   42.52   41.84   42.52   42.37   42.86   42.32   43.00   43.69   40.20   42.61   42.71   41.64   39.93   40.61   39.93   39.93
    19: WP_008056575|Pseudomonas_sp_GM78   48.63   54.18   53.92   56.95   47.12   47.46   46.78   56.38   47.96   53.22   56.27   53.90   56.95   55.93   57.34   57.34   73.65   75.42  100.00   94.35   85.81   84.80   85.81   84.80   84.56   82.77   83.11   84.18   83.50   76.61   75.50   75.67   69.73   72.67   63.18   63.18   63.18   63.51   63.18   63.39   60.47   61.82   63.18   63.51   62.03   62.16   62.84   58.90   59.73   60.07   35.57   41.16   34.90   34.56   36.58   36.58   38.26   35.91   36.58   37.25   36.58   36.24   36.24   37.92   37.58   36.24   35.23   37.25   36.58   38.26   36.68   36.91   36.91   38.59   35.91   36.24   35.57   36.24   37.92   37.16   35.57   35.57   35.23   34.90   37.97   39.26   40.27   38.38   38.05   37.71   39.06   39.39   39.73   38.05   37.71   37.71   39.06   38.05   38.05   38.72   38.72   34.47   35.81   38.59   40.07   39.73   35.93   35.25   35.25   35.93   40.60   38.93   37.25   39.26   39.26   39.60   37.58   38.26   37.07   39.86   38.46   38.72   36.91   36.45   37.25   37.16   40.34   42.41   42.47   40.27   41.78   43.79   43.51   43.34   43.00   44.22   42.18   41.05   43.05   44.22   44.41   43.54   42.52   43.54   43.88   42.52   43.20   43.00   43.24   44.90   42.52   43.73   44.56   42.86   42.66   41.64   44.37   43.00   43.05   42.37   43.00   44.93   42.86   44.93   44.41   44.07   44.22   44.56   44.37   44.90   44.75   45.76   43.29   43.43   45.58   44.37   43.88   45.42   44.56   43.54   43.54   44.22   43.73   44.22   43.69   43.69   44.37   42.23   42.96   44.07   43.00   41.64   41.98   41.64   41.98
    20: YP_008094629|Pseudomonas_putida_   50.00   53.51   54.61   55.93   48.47   48.81   48.47   55.70   48.98   53.90   56.95   55.25   56.95   55.59   57.00   57.34   73.31   75.75   94.35  100.00   85.47   84.46   85.47   84.80   85.23   83.11   82.43   82.49   82.15   76.27   74.50   75.00   68.03   73.00   63.18   64.19   63.18   63.51   63.85   62.71   61.82   61.82   63.18   63.18   63.39   62.50   62.50   58.22   59.40   59.73   35.91   41.50   35.91   34.90   37.92   36.58   38.26   35.57   37.25   37.92   37.25   37.58   37.58   38.59   37.92   36.58   35.57   37.58   36.91   38.59   37.02   37.58   37.25   38.59   36.24   36.58   35.91   36.58   38.26   37.50   35.91   35.91   35.57   35.91   38.31   39.93   40.94   38.72   38.38   38.05   39.39   39.73   39.39   38.38   38.05   38.05   39.39   38.38   38.38   39.06   38.38   34.13   35.14   39.26   39.39   39.73   36.27   35.59   35.59   36.27   40.27   38.26   37.25   39.26   39.26   40.60   37.92   38.59   37.41   40.20   39.13   39.39   37.58   37.12   37.92   37.16   41.38   43.79   41.78   40.27   41.10   43.45   43.51   44.03   43.69   44.22   42.18   41.40   43.39   44.22   44.75   43.20   42.86   43.20   43.88   42.86   43.20   43.34   43.24   44.90   42.52   43.73   44.91   43.20   42.66   42.32   44.03   42.66   43.39   43.39   44.03   44.93   43.20   44.93   44.41   44.41   44.22   44.56   44.71   44.90   44.75   46.10   43.62   43.77   46.60   44.71   44.56   45.42   44.56   43.88   43.88   44.22   43.73   43.88   43.34   43.69   44.37   42.57   44.67   45.42   44.37   43.00   43.34   43.00   43.00
    21: WP_008020818|Pseudomonas_sp_GM55   48.11   54.76   53.24   58.31   46.60   47.62   46.26   57.00   47.62   51.53   55.93   53.90   55.93   54.24   55.63   55.63   72.97   76.01   85.81   85.47  100.00   95.27   87.84   87.84   88.18   81.08   80.07   82.09   80.41   77.97   78.04   77.03   67.35   71.86   64.86   64.86   64.19   64.53   65.20   62.37   60.81   62.84   63.85   64.19   63.05   62.84   64.19   58.13   59.66   60.34   35.84   41.64   37.54   36.18   38.91   38.91   39.93   37.54   38.57   37.88   38.57   37.54   37.20   37.54   38.23   36.86   37.20   39.59   37.54   38.91   38.38   38.91   38.91   39.59   37.88   37.88   38.23   37.54   38.91   38.83   37.88   37.54   36.18   36.52   40.21   40.61   41.64   40.27   39.93   39.25   40.96   41.64   41.64   39.93   39.59   40.61   41.30   40.61   40.27   39.93   40.96   36.81   38.14   40.96   41.78   40.75   37.59   37.59   36.90   37.93   42.66   40.27   38.91   42.32   41.64   42.66   39.25   39.59   39.45   41.92   40.48   40.75   38.57   38.78   39.93   38.83   40.00   42.41   43.49   41.30   43.15   45.86   43.16   43.00   41.98   43.20   40.82   41.55   42.32   43.00   44.37   43.34   42.66   44.03   43.34   41.98   42.66   42.12   43.20   43.69   43.00   43.54   43.16   42.86   41.98   40.96   43.69   41.64   43.00   41.30   42.66   44.71   42.66   44.37   43.69   43.34   43.34   43.69   43.69   44.03   43.69   43.34   42.32   41.98   44.71   43.34   42.66   44.03   42.66   41.98   42.66   42.66   42.52   42.32   41.64   43.00   43.00   43.88   43.10   43.20   42.32   41.30   41.30   40.27   40.61
    22: WP_007948442|Pseudomonas_sp_GM21   49.14   53.40   52.90   57.63   46.60   47.62   45.92   56.31   46.60   51.86   56.27   53.90   55.25   52.88   54.27   54.27   73.31   76.01   84.80   84.46   95.27  100.00   86.82   86.49   87.84   80.74   80.74   82.43   81.08   77.97   77.70   77.36   67.01   71.53   65.20   65.20   64.53   65.20   65.20   64.07   60.81   63.51   64.19   64.19   63.39   62.50   64.53   58.48   58.98   60.00   36.52   41.64   38.23   36.86   39.59   38.91   40.27   38.23   39.93   38.91   38.57   38.23   37.88   38.91   38.91   37.88   37.88   39.25   38.23   39.59   37.68   39.59   38.57   40.27   38.23   37.88   38.57   37.88   38.91   39.18   38.23   37.54   36.52   36.52   39.86   41.30   42.32   40.61   40.61   39.93   41.64   41.64   41.64   39.93   40.27   40.96   40.96   40.96   40.96   40.61   40.27   36.81   38.14   40.96   41.78   40.75   37.93   37.59   37.59   38.62   41.98   40.96   39.59   42.66   41.64   43.00   39.59   39.93   40.14   41.92   40.48   40.75   38.91   39.46   39.93   39.52   41.38   43.45   43.15   41.30   43.84   45.52   43.51   43.00   41.98   43.20   41.84   41.90   43.00   43.69   45.73   44.71   43.00   44.03   44.71   43.34   44.03   43.49   43.88   44.37   43.69   43.88   43.86   43.54   43.00   42.32   45.05   43.00   43.69   42.32   43.69   46.42   43.69   45.39   44.71   44.71   44.03   44.37   44.03   44.03   45.05   44.03   43.00   43.34   45.73   44.37   44.03   45.39   44.03   43.34   44.03   43.34   43.20   43.69   43.00   44.03   44.03   43.88   43.79   44.56   43.69   42.32   42.66   41.64   41.98
    23: WP_008090776|Pseudomonas_sp_GM84   47.77   54.76   54.27   56.61   46.60   47.62   47.62   56.31   48.30   54.58   56.61   54.92   57.29   57.63   57.68   58.02   72.64   75.68   85.81   85.47   87.84   86.82  100.00   86.82   88.51   79.39   78.38   80.74   80.07   77.63   77.03   77.03   67.35   71.53   63.51   63.18   63.18   63.51   63.51   64.07   60.14   63.51   64.19   64.19   63.05   63.18   63.51   56.40   61.02   62.03   36.18   42.32   36.52   35.84   38.91   39.25   40.27   37.54   38.57   38.23   38.91   39.59   38.91   39.25   39.59   38.91   38.23   39.93   38.91   39.93   39.44   39.25   39.59   41.64   38.23   38.23   39.59   38.23   38.91   39.52   38.23   38.57   37.88   37.54   38.83   41.98   43.34   39.93   41.30   39.93   40.27   41.98   41.98   40.27   39.93   39.93   40.27   39.59   39.93   40.27   40.96   36.46   37.80   40.27   42.47   41.44   38.28   37.59   36.90   37.93   43.69   40.61   38.23   41.30   41.64   43.00   39.59   39.93   39.10   42.27   41.50   41.78   38.91   39.12   39.25   39.52   41.03   43.45   42.81   41.98   43.49   45.86   42.81   43.00   42.32   41.84   41.50   40.49   41.98   42.66   43.34   42.32   42.32   42.66   43.00   41.98   41.98   41.78   42.18   43.34   41.30   42.86   43.16   41.84   43.00   41.64   43.34   41.98   43.00   41.64   42.32   44.71   43.00   44.71   43.69   44.03   43.69   44.03   43.69   44.71   43.69   44.71   43.69   43.69   45.05   43.34   44.37   44.03   42.32   42.32   43.00   41.98   42.18   42.66   41.98   42.32   43.69   43.54   44.83   44.22   44.37   42.66   43.34   42.32   42.32
    24: AFH35120|Pseudomonas_sp_DOC19|Dh   51.20   55.10   54.27   57.63   46.26   47.96   46.94   57.34   48.64   51.86   55.59   54.24   56.27   54.58   55.29   55.29   73.65   73.99   84.80   84.80   87.84   86.49   86.82  100.00   88.51   80.07   82.09   84.46   82.09   76.61   77.03   77.03   67.35   73.22   64.19   65.20   64.19   64.53   64.53   61.36   59.80   61.82   63.85   62.84   62.37   62.16   62.50   59.17   61.36   62.03   34.81   40.96   37.54   36.18   38.91   38.57   40.27   37.88   39.25   39.25   39.25   38.57   37.88   38.57   37.54   37.20   37.54   40.27   38.91   38.57   38.38   38.23   39.25   39.25   37.88   37.54   38.91   37.88   38.23   39.18   39.25   38.23   36.18   37.20   39.52   40.27   41.64   39.25   38.91   38.91   39.25   40.96   39.93   38.23   37.88   38.91   39.25   38.91   39.25   39.59   39.59   35.76   37.11   40.61   40.41   40.75   37.93   36.90   36.55   37.24   41.98   40.61   37.20   40.61   41.30   41.64   40.27   40.61   38.06   41.24   40.14   41.10   37.54   39.46   39.93   38.49   41.03   41.72   41.78   39.93   42.12   43.79   44.21   43.34   41.64   42.18   41.16   40.85   41.30   42.66   44.03   42.66   41.64   42.66   43.34   41.98   42.66   42.47   42.18   43.00   41.64   42.86   43.16   42.52   41.98   40.61   43.00   41.98   42.66   41.30   41.98   43.69   43.69   45.05   44.03   45.05   44.03   44.37   44.37   45.05   44.37   45.05   44.37   42.32   46.08   44.37   42.66   44.03   42.66   43.00   42.32   42.66   43.20   42.32   42.32   43.34   45.05   43.20   44.48   43.88   43.34   42.32   42.66   41.98   41.98
